0.009999000000297964
0.15995232869036902
0.24473541477208816
0.29530203915627085
0.32390042125755947
0.33828689434340764
0.34796170802152915
0.3506628359623475
0.35020508204398293
0.3485178250679807
0.34684261330450317
0.3425131092574921
0.337927906892978
0.3330541695597058
0.3283086976934779
0.3238945335256226
0.3190196287598074
0.31428041616113167
0.3097210616520738
0.3047827439417865
0.3002213826535517
0.29611464764955076
0.2930010911236558
0.28884575564783965
0.28500568074672306
0.28067333848506537
0.27705329060640693
0.27330178623934875
0.26942673098207237
0.26644907649905225
0.2629157224786973
0.2597086359545613
0.25704431387524995
0.2539888698393761
0.25120257569226323
0.24809346649999575
0.246053407738417
0.24354000723849767
0.2401840453198859
0.2370661942283433
0.23480149476678192
0.2324881711009883
0.22926781022721654
0.22703178503220378
0.22424635153054773
0.2222603495237201
0.22066770004897496
0.21906764305577853
0.21698912860743513
0.21520208679885433
0.21357247528575019
0.21168708762092903
0.2098994523522093
0.20803985460834806
0.20576731154607286
0.2039113818874534
0.2020852286142797
0.20042938950525457
0.19939731801110405
0.19772932968106238
0.19566386964374927
0.19391283002378623
0.1925865194292269
0.19120481857237892
0.18971528832180762
0.18861037594814478
0.18680921726053112
0.1853878203592988
0.18429680148977046
0.182468244823636
0.18124637853894698
0.18032416656404004
0.17922393015969218
0.17773163231890743
0.17682330331630358
0.17558788891516175
0.17424474718193206
0.1729367837559681
0.1717773566671863
0.17098623188448936
0.16982872696204887
0.16857479514393947
0.16775366268498904
0.16657991584723064
0.16570817838496854
0.1647428509460056
0.16359556876156167
0.16253506152726693
0.16180393747859267
0.16076489037018038
0.15982763266607014
0.1589805361734885
0.15792935761762172
0.15709333924742785
0.15588789033095574
0.1551409305650313
0.15404912779137514
0.15322939422068138
0.15210430880567838
0.15133129642900367
0.15017350411598884
0.1493297132390996
0.14850078476810458
0.14773346835968126
0.14688915453205076
0.14599235806935207
0.14507726379631425
0.14417962007431062
0.14342794768647593
0.14274906430143408
0.1421208770751652
0.14133619783368945
0.14065734304511457
0.13995009545597714
0.13944570899135666
0.13872435516861026
0.13787217632461846
0.13701079205778588
0.13590910602342288
0.13548109552472987
0.1348181887172316
0.1341498901641246
0.13366052379444138
0.13305464191609306
0.13260335207393936
0.13190749161468895
0.13129210631898802
0.13077159459735999
0.1301968923977075
0.12954993800118408
0.12895790661641204
0.12838553418468845
0.12783026630785443
0.12703773304540256
0.12616708455539305
0.12580475430856042
0.12522521436998912
0.12439129966720341
0.12365701426972808
0.12319336188103014
0.12265163709662852
0.12233561049665931
0.12150295516495058
0.12106256781809799
0.12056910514979668
0.1199992576226594
0.11937187379466341
0.11887219177172348
0.1180163343595726
0.1174873792026433
0.11701370063104422
0.11638302544669665
0.1160321813213222
0.1155196153904745
0.11489044689053973
0.11446614430459467
0.1137122076766417
0.11316697450299473
0.11259665513930184
0.11220556704422224
0.11178304356408852
0.11136448549600286
0.11075300747743844
0.11020649216949263
0.10969079829277051
0.10909008899280781
0.10850274402093973
0.1080679689605738
0.10765161800158995
0.1072554633448356
0.10669833126675266
0.10604099338192796
0.10555025303935839
0.10516268494881742
0.1047908135464084
0.10429606657598278
0.10396285037187791
0.10340246943871456
0.10309409558504079
0.10259422487385006
0.10217761995050301
0.10183109868797813
0.10130492588066242
0.10103415058235465
0.10072929517856699
0.10051277255550117
0.09995205320397149
0.09951131830450555
0.09904106965032877
0.09857947930020672
0.09796296640711033
0.09758544158976945
0.09707023869656994
0.09643623181569505
0.09603067635707363
0.09554916976140126
0.09517491318296256
0.09481861463755803
0.09431056999209786
0.09410241901960847
