0.19998000000029292
0.3178293740663498
0.38081034129983915
0.4139500167480329
0.4302550843693823
0.4384439671832464
0.4382197719194695
0.4344185071916108
0.4268322826118718
0.4215839903826848
0.41462740461319336
0.4067360079394077
0.3989550919402356
0.39256595152777785
0.3847390681407189
0.37883400008543866
0.37263891973794827
0.3664668282259409
0.3621030374776102
0.35512897522741604
0.3492993316854307
0.3447276860278736
0.3385644209303432
0.3335268390350139
0.32838925225200877
0.3236184047785281
0.3190298166192562
0.31431898557172633
0.3104091235272809
0.3064919091928353
0.3030395876142634
0.29891233011020935
0.2955733875840021
0.29244089664604767
0.2878538456616776
0.28490450113030275
0.28124372619206883
0.2790060285976391
0.2760496668254482
0.2725083581317136
0.2701260425045108
0.26667971266951074
0.26358950107086565
0.26091736790356723
0.25854817073914793
0.2561410922041205
0.25372310859263214
0.2508393706989377
0.2487693653943741
0.24645683884699754
0.24409434396742236
0.24160553449866407
0.23973107731426802
0.2373267692512987
0.23540592152777218
0.23320216425451545
0.23118942700476874
0.22971378328251424
0.22776738660386187
0.22625730761569873
0.22492309150631185
0.22350329578339567
0.22215529391460997
0.22058687048662706
0.21846293814881335
0.2171475055228359
0.21509457096219575
0.21321658775342223
0.21184803032757493
0.21075489322549346
0.20963118807906522
0.20807646475587638
0.20675695995150245
0.20565003946933713
0.20477810360536264
0.20307163067956857
0.20178088926443483
0.20073369799049767
0.19971638992923058
0.19834817794410498
0.19729537126101893
0.19620686926340192
0.19543997607168184
0.19432685304218245
0.19312156620667653
0.19234440681339515
0.19112817524455938
0.19047282948109612
0.18909629979650067
0.1880920801252206
0.18710235079207616
0.18598747740674337
0.18476294419760164
0.18400616363173716
0.1831700565635307
0.18198208760953594
0.18092753917765125
0.1798645262919406
0.17888593956663068
0.17801574703719847
0.1772573650624497
0.1764301200717422
0.17569696463275375
0.17498736179402208
0.17407803727859905
0.17321929398775304
0.17240740222162976
0.17172073490626283
0.1707783873890416
0.16996174738430758
0.16907772495355977
0.16878466956985816
0.1678916683068401
0.1674077223283832
0.16676545353025884
0.16595683629211966
0.16518523329389734
0.16453259799838094
0.16378975415434016
0.16311095028597455
0.16242443348693392
0.16184653164529028
0.16114439116341062
0.16046335201880257
0.1597911262973547
0.1593731925420072
0.1584805388450291
0.15810065369445003
0.15739140031687593
0.1566328912664332
0.15625361285990946
0.15566992040530458
0.15517265755237197
0.1548335962894416
0.15427995161785402
0.15379848612649294
0.15342451931478918
0.15300449204226563
0.15253418654298567
0.15219321852087253
0.15163806016544912
0.15128802614010783
0.15070571513950437
0.15031213428227364
0.1498148503726775
0.14938088072938405
0.14881068940220576
0.14819238374316035
0.1476867511581258
0.14737479929591346
0.14697813223789247
0.14651924140624473
0.14596009624210426
0.14550038726693248
0.1448044254476787
0.1444509323856923
0.1440813666424634
0.14363549811232557
0.14308897492331896
0.14259076615373945
0.142267943153908
0.14194925763827726
0.14135421542307558
0.14090559666879976
0.1405563764177732
0.14002673663706489
0.13951559451653806
0.13910439980284917
0.1386982331801082
0.1382614247428332
0.1378717671530666
0.13744821050791667
0.13698693225025538
0.13665496053123039
0.13631181408568727
0.13590643896818433
0.13548510095651167
0.135096908231072
0.13468511367046
0.13434049815113724
0.13378657207581757
0.1334865272432173
0.13296510348523527
0.1325676705620762
0.1321591391556436
0.13195040302957162
0.13159948450605408
0.13126603089818722
0.13081503989443455
0.13051562724643562
0.13021439123847767
0.12976491424712444
0.1293248935214344
0.12903375406382345
0.1288254836244327
0.12870993483038295
0.12822336520316935
0.12785186670824056
0.12751626590490117
0.12706794886237893
