0.3999600000001712
0.48505515584822
0.5246151061393871
0.5382734468917655
0.5418497311000972
0.5360821760789052
0.5270804062555915
0.5172624006796214
0.505121815648309
0.49409408365365115
0.4800141853630371
0.46831973187367837
0.45843671039213485
0.4483882682735876
0.4380351853116161
0.4288360421104501
0.4191929119052664
0.410410008961406
0.4025879817403637
0.39467409374090756
0.38663625783120126
0.37905500902845946
0.3714651950787754
0.36529739924393934
0.3601097984096563
0.35448123602993054
0.34978815106307093
0.3441111008011628
0.33854215813743094
0.3337259165901706
0.3284162617175094
0.3234479501893116
0.3200421790104647
0.31522360359545
0.31112765380923324
0.30689661730986384
0.3029738874228938
0.2986667690643027
0.29541341251395115
0.29175219593506374
0.2887022769652339
0.285103385607409
0.2816625458738319
0.2790424501814859
0.2764716825343463
0.2738472409865831
0.2708431854724356
0.26797701094731763
0.26521852320575745
0.2626163043059223
0.26036113574073694
0.25825363446089245
0.25549234613920146
0.2528685097590183
0.25088813214152184
0.24821590023262974
0.24562823843967851
0.2435848559264745
0.2413767228652054
0.2392405717791899
0.23716935513289938
0.23530649995684394
0.23360282149411904
0.23187594366781727
0.23010649083629542
0.22832045570413328
0.22690817896600446
0.22480676840741043
0.22311585116452226
0.2216615232790129
0.2197702243212457
0.21884200363648476
0.21748521077591543
0.21601439418982515
0.21453519774639385
0.21296180938114195
0.2119150391011716
0.21020500042956902
0.20911646866839428
0.20806949826069143
0.20749359990606286
0.2062011734964806
0.2050043744493839
0.20403234815337545
0.2028054268670223
0.20138739795752458
0.2001985747538041
0.19904207823673026
0.1980344402455817
0.19674554793996946
0.19561788114766265
0.19456744352827282
0.19332111694338538
0.19232707705779684
0.1912585188808189
0.19052523699114188
0.18919232340642722
0.1879291944330127
0.1871331497141816
0.1864296122829726
0.18553694733955273
0.18443174016006714
0.1834198582541453
0.18268756983961254
0.18169857451743932
0.18082450495853852
0.18001099460053627
0.17909485023115435
0.17835480648856294
0.17747528713190952
0.17680943082911849
0.1760573139768632
0.17552319116456716
0.17472983526672525
0.17410811403083493
0.17350119169388256
0.17255177774853303
0.17188105216891836
0.17116271976051745
0.17012749670341687
0.16956793872833065
0.16865710894451835
0.16790882702325016
0.16740348282377315
0.1665603687391939
0.1658094511735667
0.1650538141011464
0.1642072673052708
0.16366422207993236
0.16330853295828396
0.16269171970992513
0.16204949018498904
0.16138940389540146
0.16085392708354285
0.16019710696048062
0.15935639989774242
0.15882194263654015
0.1583003401113825
0.15776629910399964
0.1570662200255093
0.15628630723370351
0.15568636206840492
0.155098247243587
0.15458381098134955
0.1539402642236486
0.15337974262781162
0.15293377058794566
0.1521943084043721
0.15158663482657275
0.15099574936484716
0.15050850914468739
0.14992799566418158
0.14933450305132934
0.1486370320134084
0.14828242709745276
0.14786708332093423
0.14752045363950184
0.1470136104013724
0.14664767432265302
0.14635310557738834
0.14580544801605644
0.1452880454365133
0.14488877995055172
0.14451597002620686
0.144247393330859
0.14406610042530865
0.14354444365037344
0.14307207063184513
0.14252161656660745
0.1420113501412268
0.1415772848005974
0.14122475241517296
0.140965798616018
0.14048211825440904
0.13991461435591013
0.13950444075836632
0.13903615573121175
0.1386273636531744
0.13833550185030652
0.1381304703921138
0.1377297272934589
0.1374403886995762
0.13703275810292226
0.13681022121796937
0.13629015508861408
0.13591190028033218
0.13566998789346585
0.13520736514218867
0.13486281930367017
0.13465481485719655
0.13425228916876075
0.13384843328759377
0.1333623207349367
0.1329620199578666
0.13253783798850272
0.1321290639620073
0.13188382702049328
0.1314719607277245
0.13113066837948517
0.1308226081629389
