0.5999400000001319
0.6514731000000907
0.6667572383113987
0.6635731018624101
0.651787140627628
0.6365503812985625
0.6193098676770128
0.6018397964596286
0.5833525685850922
0.5659933842926088
0.5495403358301107
0.5329747130590134
0.5173474458773497
0.5050706748377183
0.49105722066969304
0.4795663479266037
0.46751388793249427
0.45748525631128534
0.4472859114718103
0.438109648770303
0.4291827627571506
0.4195345529807857
0.4111784222288236
0.40324475332905185
0.3963610896870856
0.3897788983359287
0.3833326654106878
0.3777715852301988
0.3711022109895228
0.3652219181555787
0.35934890911880957
0.3538024572869862
0.3491409124216547
0.3434365398839565
0.3382482503154288
0.33396390985000435
0.32945979791832236
0.3250463558178771
0.32129502893777484
0.31751278402677796
0.3128276297566823
0.309231160364972
0.3056346971453713
0.30251542147648336
0.29925501160462853
0.2965026667185088
0.2926708346603505
0.289864293193123
0.28646698452675023
0.28410180485296044
0.2810904511599569
0.2787967583019587
0.27578292997255927
0.2737564396044776
0.2709784605809874
0.26924169447649937
0.26679862846049684
0.26463381269788044
0.2626059836557164
0.2604990793827566
0.25812420212168063
0.2558581911388079
0.25351032448045674
0.2513894368863673
0.24945207645796896
0.24695594524422693
0.24489188049566857
0.24352389362246318
0.24158454183360278
0.2398780152782809
0.23828648799280328
0.23672563121199552
0.23494205495466203
0.2335716668044734
0.23213213486735018
0.23031442564122995
0.22831267893892615
0.22653148507733278
0.22526068071707794
0.22376887930745448
0.22204217959531547
0.2206648818945096
0.21946070336970724
0.2178640163001826
0.2166255940143743
0.21532614058275668
0.2140148247484125
0.21273064155246335
0.21155345779822277
0.2101992950596202
0.20838027939292114
0.2072832385982527
0.20616596515115837
0.20503606474776115
0.20385113634954954
0.20249754498906447
0.20127991536681678
0.20031042118038045
0.199227912389623
0.19803287877167475
0.1968139191064575
0.19568877137072938
0.19453731941044028
0.1934655523097647
0.19218061526064545
0.19145911153652995
0.19070023543558678
0.190002087783682
0.18905967138049973
0.18806283365302334
0.18757317109991445
0.1870295473658028
0.18596261635129352
0.18530310585154797
0.18452197942741033
0.18369124076897858
0.1828729648900137
0.18210536742245198
0.18124335864187002
0.18059174987416537
0.1797688134980474
0.17928808890672254
0.17857332630790423
0.17777132870884338
0.17714162295533264
0.1764990247239736
0.17578264434302804
0.1752012532271615
0.17443967369905578
0.17364929311998734
0.17294887597041586
0.17233317391365133
0.17167985396393037
0.1708352757706304
0.17020518860707246
0.16954165348383798
0.16903864778199074
0.16841145017220194
0.16791636389361597
0.1673240581828841
0.1665239548315337
0.16602504826823317
0.16537606254832315
0.1650021025406221
0.16449353624237084
0.16385312625074544
0.1633516790890095
0.16279736637596187
0.1620752710086354
0.1612330103017442
0.16056609767817032
0.15988673575618984
0.1593675848292253
0.1589009873993269
0.15853121555146843
0.15804563319924847
0.1574730932239673
0.1568548861389113
0.15633190272308106
0.155965740063865
0.15538664151295323
0.15481170420195423
0.1543122416823629
0.15369533503598864
0.15309062234387893
0.15252031449984216
0.15198230582809946
0.15128308237724108
0.15086874832673303
0.1504812311453566
0.15008809162724213
0.1496001128617368
0.14940501444485654
0.14885471873545664
0.14840023343976882
0.14793243695841773
0.1473573134881424
0.14675942175978207
0.1465220838444783
0.14618923227551006
0.14581021463918586
0.14538512271585768
0.14496779275824423
0.1446802476553476
0.14426894926262313
0.14376572499800555
0.1434987976887535
0.14319234736157915
0.14276616992834346
0.14237451781621613
0.14185895714814512
0.14133335203644815
0.14095158497591653
0.14050274828341625
0.14015907814199324
0.13966767962208448
0.13933913651152607
0.13908884655949283
0.13869590476382943
0.13832351121282316
