0.7999200000000587
0.8184332491817226
0.8097533578190943
0.7879232546436015
0.7620265138046971
0.7347506080912983
0.7069873085097398
0.6826442784401734
0.6582098501771754
0.6358270924470257
0.6131216968228899
0.5930525966979598
0.5761231189154907
0.5589192434008226
0.5440562822483399
0.5287768914950111
0.5132973159586314
0.5012473126117807
0.4894296968201035
0.47720797070101184
0.4661117943872619
0.4556182026092632
0.44675478249110123
0.4379989763323673
0.4280636724625394
0.41998491087413037
0.412145502253238
0.40463780945927996
0.39786797659735895
0.3907861478654051
0.38454489754867016
0.37948737984001824
0.3736537843906016
0.36790361723241927
0.36298325136047493
0.3579366492583349
0.35248941541370815
0.34745083103261276
0.34239479660809413
0.3386014799219901
0.33469281054474553
0.3305658356589185
0.3266403548021064
0.32280345154536827
0.31895990949633424
0.31531932910450755
0.3118009174539047
0.3087063525775947
0.30497371037089616
0.3018304376297636
0.29828807668988666
0.2949624813834969
0.29173847373594985
0.28838892836969265
0.2852413125913419
0.2831022197389903
0.28068752821391063
0.27857646675852954
0.2766316475584404
0.2745262941591312
0.2718646109606022
0.269634648159655
0.26764055987061663
0.2652558643401255
0.26310426215354865
0.2609393699272996
0.25922115632585496
0.25708387411155953
0.2548805375725328
0.2528196812867576
0.2508338054103596
0.2487244844203601
0.24701773764881507
0.24502208621691546
0.2434827591472859
0.24161151596657593
0.2394972243119321
0.23788284369172374
0.23642975577326564
0.23494704343729111
0.2335268311418175
0.23211936893264484
0.23045394997548263
0.22898696763903403
0.2275597840433663
0.22612700059920288
0.22419749179356852
0.22284853731622556
0.2216964938150059
0.22049918024413928
0.21939712111325627
0.21838948353587462
0.21708822532959604
0.21570516817555074
0.2139668721017114
0.2129397734198305
0.21187989288185305
0.21062325563827566
0.20977342244072106
0.20853718487822093
0.20736115818952772
0.20622093645787165
0.20513321276324037
0.20403282231451492
0.20281112652354039
0.20184015310074332
0.2008436687202837
0.19985047160746827
0.1985559568395856
0.19744350724819504
0.19659411772362045
0.19542922070553426
0.1945672985317891
0.19366830313030003
0.19263909939040047
0.19193231044428205
0.19130533172456243
0.19061394912944452
0.1895167608046956
0.1886267219763178
0.18776621126703796
0.18699104399701516
0.1860063989369054
0.18504202267291892
0.18429410494755605
0.18370968357189743
0.18275065319079453
0.18195829865044688
0.18101540048242426
0.18010029277556205
0.1794085016159288
0.17855043508322477
0.1777876488777741
0.17698521829718683
0.176200499391588
0.1753685028080314
0.1746986572234056
0.1740188514840234
0.17333026975007249
0.17268088579833518
0.17200364943518243
0.17141425628152995
0.170691701947843
0.17004101159587603
0.16944605771417554
0.16886071749416576
0.1681832839186873
0.1675570330444207
0.1668811205400912
0.1663981511834095
0.1658180527395754
0.16521523137664418
0.1646097632988892
0.1639213645365315
0.1632987571622232
0.1628006643755019
0.16201513183447946
0.16153922449163138
0.16099128241636584
0.1604666802587178
0.15996470230405835
0.15943072029370198
0.15896909395709402
0.15841510162965278
0.15786483398535123
0.15736909052247539
0.15666754835572083
0.15611746169257323
0.15574830331120015
0.15504825450892623
0.15455349921256012
0.15415842861876317
0.15370937789678563
0.153310983765241
0.1528165422771114
0.1524373113059354
0.15194521934299343
0.15155250371045748
0.151117193493166
0.15061278511915044
0.15006883031142204
0.1496439957827943
0.1491596275091538
0.1487950277747755
0.1483589910362254
0.14790575218408064
0.14745734557875345
0.14711026685522055
0.14663926153285944
0.14618554070208778
0.14565911139669296
0.14520781367621227
0.1448285928970654
0.1444091524019978
0.14385853213551347
0.14365221268918493
0.143181119425709
0.1427941317824013
0.1425636652850817
0.14224216685592495
