0.6947603040202861
0.70416259766237
0.7119138419907197
0.7185387965998238
0.7227124269698519
0.7270282614130811
0.7297034620696314
0.7314652938770025
0.7325499282577578
0.7321384974373999
0.7311420056802331
0.7298959113812122
0.7285808141042309
0.7257876567020294
0.7233662333183942
0.7203136571219078
0.7172564727894482
0.7140335697990593
0.7109052213703475
0.7072790905614899
0.7042803451527211
0.7007475152087581
0.6967015919349193
0.6928683649569745
0.6881597323008299
0.6839018725468153
0.6792122685919184
0.6751059739517622
0.6710080280936781
0.6671792040728212
0.6635544123202751
0.6592973542903118
0.6554724866486532
0.6520875143232161
0.6476405273577022
0.6436883897677963
0.6402345418537627
0.6365916613781043
0.6326594954621794
0.6286329487583111
0.6246511791123481
0.6215963177913897
0.6175816382743564
0.6134482491077439
0.6097747995728748
0.606304688411474
0.6020645879440651
0.5988535073146346
0.5956311782726715
0.5924013031453621
0.5890602163110207
0.5854071213200207
0.5825864475589193
0.5792266327445996
0.5761691010014642
0.5726468920984591
0.5695563233284981
0.5668838983874781
0.5638480664118692
0.5607068987418753
0.5582116214882868
0.5551476703640842
0.5521423473032122
0.5493734509416792
0.5461168394536645
0.5434709008862615
0.5408618649612963
0.5382834058951943
0.5357043265581516
0.5330350766080552
0.5301201214131935
0.527514819939767
0.5245700732192329
0.5222458368845107
0.5198220676636821
0.5172202824475831
0.5147242519148565
0.5121609256622358
0.5097903052721
0.5073886679645532
0.505338369877578
0.5029914165772563
0.5010184208084623
0.4993147379054891
0.49725696017131515
0.4951145771457717
0.4929295596986111
0.4909109481465508
0.4888889892134878
0.4866328233925328
0.4844855036714638
0.4825800035849397
0.48061749175225943
0.47860896304595413
0.476537316856118
0.4747953726852062
0.4725438265209596
0.47078131947606683
0.46910780272391794
0.4673733436258213
0.4655326759363124
0.46356772213553576
0.4618342532842161
0.46069565843778326
0.45881347406280726
0.45700591338261143
0.4555117331548194
0.45398732612562376
0.452461072041236
0.45076459164993243
0.44907874942999537
0.4474016349336104
0.44582174190347945
0.44432691349151143
0.44256323072271864
0.44102969561304295
0.4394980465499735
0.4379686982477139
0.436483406642155
0.43524113911297824
0.43381136897310346
0.4326261060743094
0.4315810057007714
0.43017765780911454
0.42875297376240107
0.427202212872949
0.4260119192334696
0.424667927238924
0.42338127259631186
0.421806655601775
0.42066732460223855
0.4194849101706175
0.418252846618004
0.417083284346516
0.41571171215914204
0.41465229101527334
0.4135100934443273
0.41223408706636233
0.41102832959692537
0.4101343580153116
0.40883950606132935
0.4076202988480694
0.4064885215829398
0.40548213469705485
0.4045079164019899
0.4035343733398332
0.40260043478530916
0.4014600324693359
0.40045403100632515
0.3993419825730642
0.3982343856629431
0.39720595545756276
0.3965423709124005
0.39514561753343735
0.39416360688524765
0.3930293719374819
0.3921207901800594
0.3912907109925057
0.3901501962439087
0.3891276099287925
0.3881176772438696
0.38730585628327385
0.38636819756043783
0.38541230343990673
0.38437343337113594
0.3835365896477201
0.38259964419692893
0.38170297089544436
0.3808882529412727
0.37972156696503767
0.37874415429272557
0.37792242431410883
0.37705908052984227
0.3764214650077923
0.3755812538690678
0.37462280854109753
0.37378276221341455
0.3729019619893852
0.3721207871543375
0.3712396940190412
0.37047416550854073
0.3693923081240209
0.36865022969659733
0.36790278435749657
0.3671002135689122
0.36639357296786457
0.3655436444957437
0.3646384536557109
0.3638707668510681
0.3631883224917769
0.3623920516685445
0.3616177408628194
0.3609148884777216
0.3602348347828592
0.35941283259728485
0.35877872085105145
0.35794844051393593
0.3572692616474604
0.35655431340053223
0.3557884896658394
0.3549334489927858
0.35401394913865336
0.35320262950520487
0.3525558731920787
0.35192635308837017
0.3511762698921357
0.35047352521957087
0.3496059216482954
0.34905117332364677
0.34837884008410747
0.3475812701389783
0.34675404315948277
0.34641460006431757
0.3458011456190596
0.3450844318097459
0.34442024965325924
0.3437609366274311
0.3431079263272685
0.34241664298988395
0.34184367027209517
0.3412190664641125
0.3406088135966676
0.3398711716083188
0.3392187152046856
0.3386317825597597
0.33813412305884605
0.3375530180623154
0.3367906850854756
0.3361220375392492
0.33545607891835627
0.33482388336278923
0.33418189260931963
0.3336042226891607
0.33295817079907575
0.3322881609966304
0.33168438353753416
0.3310791254148422
0.3304703217076258
0.3299235736109627
0.32939820786695995
0.32881213416523203
0.3283956085765958
0.32780631909073565
0.3273078120457831
0.3267571434638743
0.32626064484863393
0.3256713359055018
0.3251900251527675
0.32473821041144624
0.3242427380406745
0.32366492779218037
0.3231109282365724
0.32266716130022965
0.3221919820596346
0.32168412298930493
0.3212417179322885
0.3206311514064629
0.3200721098239333
0.3195419316554273
0.3189745458925034
0.31849925199728
0.31804179507896757
0.31748216924970873
0.3168524282461447
0.3162836160703085
0.31579806713595404
0.31520753383463995
0.31465510374150274
0.3140685352245062
0.31348017352173774
0.3128810844950334
0.3125299116430479
0.31201912550217925
0.3115070559272777
0.31095309879965005
0.3103752130179761
0.30986796586929855
0.3094001849321404
0.308926031146864
0.3085212473511818
0.3079899165759884
0.30735035253497467
0.3068157084703991
0.3062928821908798
0.3058706544169044
0.30542320674402257
0.30496012877119194
0.30449131089838055
0.3040266687348805
0.3036295441761322
0.30322336597824906
0.302744724655963
0.30231562252645794
0.30188632365689505
0.3015532147353229
0.30103791754166964
0.30068222534477607
0.3002128974772359
0.2998074479471182
0.2994062471536534
0.29903713916552155
0.29883959696075013
0.29852748368291404
0.29830877895842456
0.2982255449076644
0.298036353238604
0.2979002781940133
0.29785958030925563
0.29786003238400127
0.2977933456584745
0.29781829913322844
0.297807012291449
0.29780932602240406
0.2978624440928176
0.29805485427007417
0.29809315846411677
0.2982046235789235
0.29825166642068246
0.29835791398773004
0.2985039877364908
0.2986596192824461
0.2988905532456946
0.2991440063620372
0.2993808910677257
0.29970391358086645
0.2999712216800642
0.30033604614676346
0.3005854233491918
0.3008279540173592
0.3010017034933248
0.3011947066513242
0.30136148081352876
0.3013806869760437
0.3014173874062863
0.30152817687156774
0.30159335369529694
0.3015396984036999
0.30159165168082924
0.3015944028170059
0.3015552252972473
0.30154332434739306
0.30144165742038687
0.3013489085403609
0.3012150307682434
0.3010433627948834
0.3009030675085218
0.30076701763716884
0.3006058210105561
0.30036294590343293
0.3000966096060712
0.29978798681640306
0.2996386050235118
0.29945579415747814
0.2994176522218819
0.29936484760121385
0.2993344949580954
0.2992807490047149
0.2992851061427595
0.299383470196972
0.2994148011090948
0.29950996189323253
0.29961804951609006
0.29969585436566226
0.2997841862015517
0.29992723410879807
0.30003546588280594
0.30013226543901794
0.3002301173563291
0.3002909944934591
0.3003233409462015
0.30031493328554204
0.3003328158881251
0.3002923475254471
0.3002699754380822
0.3002206262741046
0.3002333293162299
0.3002496093340403
0.3002269745586097
0.3000845299860826
0.30006825854888075
0.2999671416889672
0.2998848678910817
0.2998418973347552
0.29984970263744504
0.2997872430757983
0.29977474193685616
0.29974039785635487
0.29977157604869786
0.2997860088982863
0.2998657298656692
0.2999750591976784
0.3000707986965495
0.30011021108160096
0.3002690550712146
0.3003475514610072
0.3003350588659982
0.3003701376402388
0.3004139723640119
0.3003905806067342
0.3002921161645331
0.30020144867819076
0.30007017949562487
0.3000486691814622
0.2999531821846476
0.29994422850651314
0.29982935149845713
0.29977346597022947
0.2998016085346187
0.2998361882652216
0.29989753513569717
0.3000022583582562
0.3001279425538571
0.30010377495029383
0.30015251016941746
0.3001408669950292
0.3001303719310988
0.30015209455242486
0.3000915553045276
0.29995091766955695
0.2998583485215416
0.2998872811201878
0.2999374562785707
0.29984924221794684
0.29993828250749555
0.3000436816484787
0.30005496239764307
0.3001043353839816
0.3000784956527064
0.300062393368835
0.3000131347142686
0.300034013110143
0.3000348381947058
0.2999348387804013
0.2999075252400132
0.30001022763970653
0.2999707879350856
0.3000064137614509
0.30004164743727435
0.30000378852933596
0.3000114180868253
0.29998515117615787
0.30002731979675523
0.3000249011485814
0.3000647376959351
0.2999571576408675
0.2999328620279622
0.299963882351156
0.29994946439278136
0.2999761273782463
0.3000674471281203
0.30007964275192145
0.3000179618411213
0.2999832937543778
0.2999651302673737
0.2999858144686889
0.29999323019836355
0.30007577383391615
0.2999824673357372
0.3000118050989551
0.3000610933778355
0.30005773527944424
0.3000452803472292
0.300055043721267
0.29999713011952045
0.29994276689513044
0.2999227369223699
0.2998786113900457
0.29989128317693736
0.2998980647993076
0.29994843832322116
0.2999498526801099
0.2999840267161058
0.3000815537608922
0.30013555724499585
0.30019033699455566
0.3002243845395617
0.30022208721402843
0.30020490732704896
0.3001812973251483
0.300162450936137
0.30009686443811145
0.30003237224268764
0.29986120817144657
0.29988752708338917
0.2998059126371009
0.2998212584425183
0.2997914347134438
0.2998155171623863
0.2997625454523781
0.29981350875696333
0.2998492468301932
