0.009999000000297964
0.27418662991135545
0.40526691353926225
0.4816852876613199
0.5340998041199425
0.5695700739287026
0.5940640387017186
0.6147661260401303
0.6313529508072775
0.6452699308516031
0.6558090725759042
0.6652212960370264
0.6734087602696088
0.6801368120065272
0.6858545926988425
0.6911801951255183
0.6957863031978367
0.6995585409328975
0.7023895507108611
0.7054329219787663
0.7084002778690748
0.710648087749119
0.7122413482053666
0.7143387925305729
0.7163767065049671
0.71819787328815
0.7204104708260286
0.7219285781094417
0.7237345971693436
0.7249255051423298
0.7262997131263454
0.7275744192276814
0.7285090405516612
0.7299194206076492
0.7310998991492087
0.7322204742404473
0.7327697045420776
0.7332407231462932
0.7341044286782246
0.734964543839367
0.7355595325285345
0.7359785226058226
0.7366016622687448
0.7369692129998059
0.7376667937826065
0.7380812829904502
0.7387178203801494
0.739285549068893
0.7397128958774224
0.7403067830776926
0.7408003386362498
0.7413216416493801
0.7418176858941814
0.7423090098603715
0.7424728326870406
0.7428690141342373
0.7432823154261752
0.7436862510955176
0.744208524264317
0.7447269342426346
0.7448354021720849
0.7453187827858664
0.7457602799545963
0.7460195449629621
0.7462280124665882
0.7461789132212242
0.7464719994228142
0.7468836797629412
0.747147845441615
0.7472366028657624
0.7474552543432599
0.7479076359557975
0.7481204672797777
0.7483591019003266
0.7485369501895355
0.7487652145222872
0.7487181753946068
0.7486195154723654
0.7488888341316456
0.7491205374261534
0.7491627557989295
0.7493950424928768
0.749463663364619
0.7496288111239398
0.749708312052938
0.7499834622801684
0.7502551367642509
0.750111704306004
0.750377740186555
0.7507010038152911
0.7508627756933766
0.7510649559770699
0.7511818176978204
0.7512333033043576
0.7512132305232057
0.7511807401329859
0.7514121899039287
0.7515242716173952
0.7516140295311584
0.7517608284649864
0.7517834476081029
0.7517121833439289
0.7516342807542123
0.7517015204370283
0.7518260037921236
0.7519642698940678
0.7521195020691606
0.7521404028336485
0.7521521215585918
0.7521925650112323
0.7522757685798976
0.7523849714809183
0.752469523940584
0.7524665229633594
0.7525212089121458
0.7525802368469451
0.7526346468896234
0.7526587342542942
0.7528254494587884
0.7529683896725908
0.7529811823904293
0.7530171005716896
0.7529669688207375
0.7530546769531925
0.7531373377411373
0.7530615162863382
0.753218675509255
0.7532666329900921
0.7532727152410174
0.7532612929662632
0.7532678649749218
0.7533272137714003
0.7533717984105628
0.7534275196687215
0.7534505233381006
0.753504443751388
0.7535347949001235
0.7535589519089843
0.753492937757464
0.7534650657161474
0.7536603250545537
0.7536888173605342
0.7536667708986672
0.7537091316751192
0.7536960791696286
0.7537711802562375
0.7537775918942924
0.7536998659013466
0.753801459493106
0.7539168708113579
0.7539540353479759
0.7539486227833823
0.753947811118096
0.7539779768545379
0.7540203890457504
0.7540731672188665
0.7540548080052054
0.7540099126927958
0.7540380616488195
0.7541025545655635
0.754181074153859
0.7542005253776248
0.7541271432623455
0.7541281033372546
0.7541801535078132
0.7540654280330148
0.7541384090056086
0.7541027215187697
0.7541975552994962
0.7541798633048086
0.7541631651537231
0.7542068183637795
0.7542453557939208
0.754364980402664
0.7543799177108659
0.7543828601063067
0.7544746512823409
0.7544500018116088
0.7544256281018449
0.7544000022537531
0.7543385224089123
0.7543073480597504
0.754250888806703
0.754124264546489
0.7540867332899734
0.7540465292091958
0.7540328486751402
0.7541344564272179
0.7541612114189873
0.7542343070107833
0.7542583659338107
0.7542798071250963
0.7543070780142895
0.7540882106039308
0.7541011411174003
0.7541239493203905
0.754129323025047
0.7541691153644373
0.7541245612411238
0.7541504880687219
