0.19998000000029292
0.4160294184660773
0.5259829128268968
0.5915332726489715
0.6358944553701721
0.6659980883443191
0.6894278688367852
0.7066371017952116
0.7203185612124487
0.7319727691192772
0.7411670348637807
0.7487837899278533
0.7550555297511015
0.7610712098238982
0.765878429415751
0.7703392653558
0.7745848811600377
0.7784515795901201
0.7816589754363441
0.7844523745532537
0.7872553974045592
0.7899753285874884
0.7919842604985577
0.7940331239185596
0.7957491035419717
0.7975574108262502
0.7989235542228822
0.8003940483910095
0.8015191770273999
0.8027851116180559
0.803938417714136
0.8050317198710573
0.8057680993981711
0.806458459865085
0.8072919525079947
0.8080842334910092
0.8088606783045457
0.8099068559047344
0.8107919327524878
0.8114165596605678
0.8119011201190227
0.812550272833879
0.8131955536012783
0.8136298748012625
0.814210301491272
0.8147372638489903
0.8151491077281688
0.8154360999335133
0.8161296815960061
0.8166065570944991
0.8169557478475253
0.8174345150335722
0.8176683158715794
0.8180749139110061
0.8185999896037908
0.8186185868805032
0.8188460899277156
0.8189024459788503
0.8189905258251031
0.8191656858445268
0.8194719689031525
0.8197466340799444
0.8200276288629345
0.8203275309434008
0.8206649655492908
0.8207411504518671
0.8210045177910159
0.8211780972661715
0.8211084044436936
0.8212718217746995
0.8213949658975673
0.8214328968285474
0.8215441213199185
0.8217517464569328
0.8219284082605325
0.8220824981540363
0.8220788557808256
0.8222212968607374
0.8224416560697766
0.8225827430842019
0.8226873561766846
0.8230049888361924
0.8231601584510769
0.8234541129227285
0.8235473730328563
0.8236047703748907
0.8236619908736698
0.8238127049735808
0.823972318340443
0.8241446638422538
0.8242737446132538
0.8243550432291131
0.8245476269570213
0.824632629145857
0.8247190746457358
0.8246541301269285
0.8247146463173327
0.8245971324074624
0.824855848255925
0.8250185101428726
0.8250297146215605
0.8251386723540612
0.8250361201287881
0.8251790993798515
0.8253391122749951
0.8254351682394709
0.825506008475065
0.8254941212527984
0.8254989037699548
0.8256513366386966
0.8257387500890376
0.8258466050353354
0.8258055067257909
0.8257021428961795
0.82568531993711
0.8258140241659853
0.8258741983244731
0.8258388424366506
0.8256770371855309
0.8257409996275517
0.8258230192173108
0.8257584077207275
0.8258713306564198
0.8258740978602246
0.8257667366728243
0.825740547443675
0.8258225551219228
0.8258319004743768
0.8258642706914782
0.8258807042296539
0.8259127606141431
0.8259828073916913
0.8260302032307432
0.8260005282866467
0.8259467731728527
0.8259733805104268
0.8260397077233919
0.8260995281206948
0.8260416144088516
0.8260969415765229
0.8261151328629163
0.8261429161235622
0.8261741204130544
0.8262626668291092
0.8262759662573779
0.826389985757878
0.8263758008860993
0.8264435135981067
0.8265438266971751
0.8265531398410638
0.8266486767832585
0.8266419801053766
0.8266798644104117
0.8266808754843429
0.8267288715665142
0.8268834871924868
0.8269066668540354
0.8268747480137513
0.8269189831507391
0.826871544421519
0.8269086866957913
0.8269779736804634
0.826977782886883
0.827012374307998
0.8270708736495673
0.827093927528241
0.82708121633235
0.8271422771613808
0.8271067681436326
0.8271102724599679
0.8271296369391791
0.8271203487500587
0.8271453123943353
0.8271276210565782
0.8272020062498356
0.8272310435534068
0.8272554878871408
0.8272549013050946
0.827287216121783
0.8271886001707155
0.8271042215670201
0.8270924606788103
0.8270751941765866
0.8271101139440277
0.8270568005298816
0.8270899565710437
0.8272369032507889
0.8271003820332151
0.8271465444074457
0.8271382669056435
0.8271772101837109
0.827140981553639
0.8271098760952238
0.8270968946728794
0.827106492699571
0.8270692783485791
0.8271066789236943
0.8270947219444557
0.8271159789242142
0.8270263413529616
