0.3999599960013711
0.5647742460952504
0.6500452426843004
0.7020516757288179
0.7363808107782561
0.7612004427872394
0.7802645283845986
0.7944936678171312
0.8064078506684891
0.8153617947174231
0.8230029003875148
0.8297960441961757
0.8355979676379661
0.8403057295395108
0.8441089049520296
0.8478221800996057
0.8512897773772624
0.8543941801240824
0.8572626327754183
0.8591331689363203
0.861485941724724
0.8632217353386715
0.8652112951446469
0.8666205758369999
0.8682250167902921
0.8695048919951909
0.8708822578222172
0.8718168291780867
0.8731498046070434
0.8744262285536206
0.8751310122174445
0.8760229289203463
0.8769628519577768
0.8775981314764468
0.8783071937234169
0.8789576449997898
0.8796895499482479
0.8803518022682618
0.880969012164946
0.8814685650359476
0.8820711690919051
0.8825607242922755
0.8830641517826539
0.8837552597320485
0.8841512777127908
0.884525847869667
0.8847344351827091
0.8850398904276041
0.8854619747567308
0.8857286991200207
0.8860344180076387
0.8864352013305301
0.8868440963826144
0.887009119809984
0.8872948832502723
0.8875177261791741
0.8878526941264038
0.888261168042073
0.8884177380335215
0.8886402373236566
0.8888920869929624
0.8891640882339421
0.8893299146954428
0.889419045648429
0.8895477861204314
0.8897741615474619
0.8900642122768627
0.8902946141942147
0.8902491685634464
0.8904818947450039
0.8904639191474201
0.8904641725877948
0.8905947461436869
0.8907688071604506
0.8909085472028663
0.8910739198964577
0.8912049647894027
0.8913527587520066
0.8916349744956298
0.8916812556657197
0.891927094507134
0.8920229995829501
0.8921790489826048
0.8923553292220864
0.8925377455008874
0.8926244784538021
0.8927487806364592
0.892902697139348
0.8927603744170243
0.8928870986604647
0.8930340883592566
0.8931114228113856
0.8931847627332424
0.8931226855909735
0.8931407725991506
0.8932576758702155
0.8933804943359297
0.8934558506272721
0.8935014186358335
0.8935527781076228
0.8936667477777268
0.8936943634115099
0.8937891959351394
0.8938639760021438
0.8940050400356284
0.894022980336587
0.8941058467871641
0.8942033316053367
0.894309297747322
0.894349449413525
0.8944495564866817
0.8946398266087462
0.8946722948239897
0.8946996890755661
0.8947157537534989
0.8947001524146448
0.8947233978967796
0.8948339185201134
0.8949076963699252
0.8949650424617357
0.8950294871687053
0.8950689447304528
0.8950239111605596
0.8950290881720541
0.8950491298670215
0.8951005091633595
0.8951756836901016
0.8951840884467642
0.8952501797577425
0.8952478397677408
0.8952456071552063
0.895269987582801
0.8952076466199191
0.8952319470518764
0.8952598416163565
0.8953082407648288
0.8953040116274322
0.8953881298355643
0.8953171357162776
0.895373369324195
0.8953777182813424
0.8953734357030134
0.8953861892206457
0.8953485712756792
0.8952415015065385
0.895229414288345
0.8952341795217335
0.8952654995095057
0.8953009170697839
0.8953217179845795
0.8953431423614757
0.8953183150791321
0.8953472157067317
0.8952900022846744
0.8952666826331706
0.8952624182219947
0.8953129533323858
0.8953329300518068
0.8953799680073486
0.8954207324998058
0.8952723641583583
0.895249888122082
0.8952104235842496
0.89521809384975
0.895209231439754
0.8952560307961478
0.8953230123519392
0.895337734541538
0.8954049867466681
0.8954596242072957
0.8954579007277841
0.8954416878102341
0.8953921991229626
0.8954064503728089
0.8953613299888186
0.8953831770735527
0.895415432176221
0.8954408232379908
0.8953795280596315
0.8954762404455227
0.8955429705153745
0.8955757971705403
0.895597481540044
0.8955720376468735
0.8956477908099207
0.8956972198170265
0.8956471108707798
0.8956127553994314
0.8956181678598152
0.8955416149300653
0.8955946399810414
0.8955436027506887
0.8955808732263303
0.8956159698960487
0.8955691192544164
0.8956395568667288
0.895633327495071
0.8956382615052136
0.8956240914153072
0.8956203074595492
