0.5999400000001319
0.7105590957250406
0.7693582121306027
0.8058362705815989
0.830362628352094
0.8485160524180373
0.8618140837071864
0.8714443339867916
0.8799341581996979
0.8864456627664594
0.8917911560674401
0.896783403954531
0.9012961146556607
0.9051503834168045
0.907932222333924
0.9107192294554478
0.9131341124920467
0.9152117531424707
0.9174060836607713
0.9189076848063238
0.9204631731693155
0.9218330694599384
0.9232566411003518
0.9245054402760301
0.9257422351140457
0.9266780387165796
0.9276638390379546
0.9285745114814125
0.9293516100213107
0.9301876948296539
0.931014098841446
0.931556584112268
0.9322214187935742
0.9328099763205098
0.9333684379060025
0.9337519459729027
0.9341910341621686
0.9345658536794972
0.9349998919915855
0.9354191402848928
0.9357888426803831
0.9361476131353299
0.9364982115047865
0.9368752466472238
0.937073934093952
0.9373865846831545
0.9376643916742742
0.9379676169047689
0.9381914791835412
0.9383623755745886
0.9386680847913076
0.9389044797423218
0.9391904599293205
0.9394320576411566
0.9395792545597197
0.9398130659351458
0.9400020230843279
0.9402038003029234
0.9403873327755919
0.9405470564034447
0.9407396020164448
0.9409316846508984
0.9410899431850865
0.9412301948417867
0.9415197552153475
0.941560173291324
0.9417730359050527
0.9418601192788155
0.9420029192732056
0.9421130790662349
0.9421993070575078
0.94234836741623
0.942433223411021
0.9425022977781684
0.9426054726312612
0.9426987414823805
0.942824903179617
0.9429233966831241
0.9430447004310667
0.9430927472758555
0.9432699333143921
0.9433309048308385
0.943373545248219
0.9433528708854824
0.9434619254822595
0.9435629635850405
0.9436492653721722
0.9437199876303258
0.9437881721677464
0.9438469364155143
0.943920580301075
0.9439788868157739
0.944060166110469
0.9441189486893636
0.9440920866671363
0.944130034682646
0.9442179306256197
0.9442733322728087
0.9443082536514167
0.9443027340549589
0.944366303537397
0.9443144563646115
0.9443095851213639
0.9443598603415696
0.9444315707050581
0.9444242728607736
0.9444825196775227
0.9445621871087299
0.9445817851409315
0.9446287170099232
0.9446273706560401
0.9446402883189385
0.9446448295655406
0.9447369306690803
0.944793398425192
0.9447850462303873
0.944795021560113
0.9448009111199321
0.9447503751570789
0.9447971006737191
0.9447724361804963
0.9447806935221317
0.9448860515032703
0.9448662350285002
0.9448381118074974
0.9448757300270678
0.9449207265688953
0.9448685147421358
0.9448815960127029
0.944945220315651
0.9449869629938668
0.9450373173829967
0.9450070040240843
0.9450059249271713
0.9450584947201432
0.9450496305599629
0.9451050433827449
0.945069395481592
0.9450736531370085
0.9451259457510766
0.9451114708256543
0.945102528395409
0.9450777036030711
0.9451025402478936
0.9451488367438121
0.9451977733813787
0.9451794272485083
0.945095223842331
0.9451217287419391
0.9451002170691306
0.9451433560876693
0.9451462192675351
0.9451484633926294
0.945166062833688
0.9451608665957234
0.945159001398214
0.9451544404041425
0.945101011185905
0.9451526395476917
0.945180630596605
0.9451695634376743
0.9451640298526662
0.9450718475048335
0.9450445881309629
0.9450670327808386
0.9450419596203015
0.9450244301381149
0.9450352265559254
0.9450365684973817
0.945017119248215
0.9450322822278321
0.9450022083054375
0.9450069200835047
0.9450218113417022
0.9449871232504654
0.9449367642144443
0.9449576193237682
0.9449553276220425
0.9449546616139993
0.9449967332866882
0.9449633084656565
0.9449545450252843
0.9449078875795541
0.9449580585464352
0.9449846653802072
0.9449664161343703
0.9450015538152887
0.9450089728370489
0.9449658529820485
0.9449982844202809
0.9449938718240478
0.9449576294671701
0.9449770213520678
0.9449450019764627
0.9448966176891748
0.9448892471000341
0.9448571116015506
0.9448882616218014
0.9448594359655591
0.9448960999700687
