0.7999200000000587
0.8561067188027132
0.8863843574307563
0.905537498275272
0.9187702259100592
0.9284661775047198
0.9356138968995045
0.9414455861588984
0.9458507760951573
0.9494221160708318
0.9525722719189031
0.9552333502619702
0.9576212995456127
0.9596591010679151
0.9614113562830917
0.9629449380961911
0.9642507958567355
0.9654464547983408
0.9664833677372934
0.9675140807299355
0.9685191261010963
0.9693529191703848
0.9699964481582436
0.9706581224497718
0.9713190087583644
0.9718553172427207
0.9723862013553253
0.9729024679779938
0.9733660344702516
0.9737757891687892
0.9741941948083342
0.974586445707356
0.9749861502752605
0.9753352044395093
0.9756485089642993
0.9758987518546387
0.9761657854392468
0.9764281521797722
0.9766425602312355
0.976841905659299
0.9771000390720022
0.9773234701049623
0.9774791571711002
0.9777057624965384
0.9778856990339834
0.978078358259566
0.9782136389384146
0.9783983467826833
0.9785791563712918
0.9786889780115199
0.9788265676710156
0.9789761575527702
0.9790817555587203
0.9792259767343195
0.9793623470646379
0.9793937424795158
0.9795147724586359
0.9796502088512881
0.9797466531422594
0.9798448331016202
0.9799495248065416
0.9800387670753513
0.9801252520456419
0.9801617243182551
0.9802278092756461
0.9803150728558758
0.9803895987732493
0.9804330790010353
0.9805121589611147
0.9806320096041621
0.9806776867752444
0.9807707483366189
0.9808295436858238
0.9808649436224822
0.9809355239150247
0.9810198717291748
0.9810946868677121
0.9811697726584419
0.9812324260232713
0.9813225776779811
0.981371988509137
0.9814207274566319
0.9814549650487572
0.9815126885339294
0.9815123757293023
0.981576391832849
0.9816250550301729
0.9816854189556597
0.981714642947346
0.9817223121469845
0.9817977569782224
0.9818696047860005
0.9819698161353817
0.9820199818532719
0.9820383501270818
0.9820513701207378
0.9820370168639023
0.9820941204224998
0.9821249129373377
0.982188235042084
0.9821842282080437
0.982188944478009
0.9822169100570665
0.9822643057376433
0.9822885567484563
0.9823005922626364
0.9823290511996179
0.9823683362200534
0.9823660944198869
0.9823650059401157
0.982397673404001
0.9824299254335366
0.9824203611885219
0.9824481621733676
0.9824759707618591
0.9824950424504398
0.982522910833801
0.9825529692970167
0.9825844879885085
0.9826003598078399
0.9826353989361127
0.982584224161584
0.9825820443821506
0.9826119679642721
0.9825871674862314
0.9826259203891652
0.982665343121071
0.982685673715
0.9826835507143624
0.9826889036315591
0.9827270485273094
0.9827374615351542
0.982782547627215
0.9827832351188776
0.9827931044609657
0.9827997877651601
0.9828102095490149
0.9827819435471922
0.9827771542965046
0.98276395487684
0.9827856051306144
0.9828065208292781
0.9828360507979979
0.9828435555572098
0.982831148382633
0.9828182255197377
0.9828514206792404
0.9828319737560163
0.9828072626795776
0.9828296127873055
0.9828358570102192
0.9828063390305515
0.9828236182576372
0.9828178786887821
0.9828159448788591
0.9828155179178805
0.9828057758327022
0.9828178102978008
0.9828436687717071
0.9828790070731507
0.9828977702079547
0.9829003323099627
0.9828903810123946
0.9828811935075159
0.9829144136259298
0.982902143654369
0.9829038601608882
0.9828906137210305
0.9828420331355916
0.982855038697654
0.9829023691382228
0.9828666677461341
0.9828613433228488
0.9828696369535165
0.9828645867761379
0.9828634010626062
0.9828365863894886
0.982855439321261
0.9828470090476086
0.982837564308108
0.9827909791069441
0.9827873241859849
0.9828154315573767
0.98281813419789
0.9828155422432079
0.9828419478378074
0.9828352295622333
0.9828173910488875
0.9828036871960204
0.9828053796011984
0.9827796145096999
0.9828076866681885
0.9828309974720443
0.9828223567732232
0.9827892511433695
0.98276010835159
0.9827118520364998
0.982677177027124
0.982621335224766
0.9826305079091227
