0.499950000000034
0.6546888458449693
0.48154611976093
0.4370766599781055
0.4026216865763945
0.3747073116184414
0.35279675985625003
0.33320806727351815
0.3179913874207482
0.30351631135155566
0.299994271105842
0.3000224799680121
0.3000352382011098
0.299977965794889
0.29996977496530264
0.3000572305375614
0.3000048535723784
0.3000396257180007
0.300032157630301
0.2999972742423289
0.2999908754077668
0.3000157925911514
0.29999128364304417
0.30000265632497736
0.30004144456289505
0.3000229699836485
0.3000543498289888
0.29998163685627
0.2999900782722362
0.2999891247370565
0.30005546260274996
0.30000356044348964
0.2999966295719635
0.30000073274322825
0.3000070162734022
0.29998325922629665
0.2999999897145179
0.30000544145109476
0.3000473583474099
0.29997053639945237
0.3000166754035608
0.30000379801877697
0.2999723264956431
0.29996807321751684
0.3000133401723343
0.3000142028095437
0.3000495250326094
0.2999921888899715
0.2999902082983559
0.300017096245785
0.30000578317370563
0.30005197175752807
0.2999943288697543
0.299998571143401
0.3000591926748779
0.3000150343488953
0.2999957031706104
0.3000159091781772
0.3000055154271465
0.29997669037349617
0.299990483456695
0.3000031198843557
0.2999993429778597
0.2999854559369639
0.29992907281902315
0.29999881255353633
0.3000099103942434
0.29999570401633946
0.29998639693647156
0.30006897026360246
0.3000076839335757
0.29999624051490037
0.2999952761615017
0.3000031808652257
0.3000084379509289
0.299992745588715
0.2999934053602571
0.2999946842696094
0.29999567641395875
0.2999561911311822
0.30001878835780604
0.3000293900384067
0.3000014341921403
0.30001171751916744
0.2999968593294632
0.3000004807257365
0.29999975405401547
0.3000206303004973
0.3000064025525633
0.30014510067742617
0.30006684650025306
0.30002301560062483
0.29999852958797935
0.30007794189259485
0.30000505130704325
0.30003634674606094
0.2999971630314745
0.300027284344606
0.29999607417774576
0.3000016144126376
0.3000516096155207
0.3000144238226631
0.30003012888559666
0.3000066171820619
0.3000012982569332
0.3000027216953146
0.3000057505640453
0.30000073500798896
0.3000004652928472
0.2999991246173993
0.3000017328898926
0.30000972784856483
0.29997283058589763
0.30002147828301373
0.30000408687687075
0.3000023748122512
0.30001584469707165
0.30001750686958084
0.2999530976876429
0.3000115837778383
0.30002070814457704
0.2999868367429114
0.2999992667006406
0.2999933303802278
0.3000066088210781
0.2999984647750197
0.30000627648224887
0.2999993713285921
0.29999821232
0.3000118899582923
0.3000021819947539
0.300048033733044
0.300053468302772
0.2999975814359295
0.30003297798808526
0.29999438466065886
0.29999999302408886
0.3000274019426966
0.2999961180609265
0.2999701606868528
0.30010511390058525
0.30003200935042507
0.3000020215166025
0.2999653716196743
0.300053143659577
0.3000537222205679
0.30004834488143095
0.2998952398998861
0.30005701994805356
0.29999329340222547
0.3000625483944547
0.30002481206464593
0.29999460380610343
0.2999968006733791
0.30000042361902013
0.2999934849343273
0.3000490228398822
0.2999957265460169
0.2999867627168108
0.3000245355257144
0.3000559164093035
0.300056646824543
0.30000050208890083
0.2999963583944032
0.3000016856682386
0.30000104457589105
0.29999912176666266
0.3000466020347917
0.3000166548654799
0.30005715193169524
0.2999959203700817
0.3000025036923367
0.30001981745835915
0.29994937431853375
0.30000341646638595
0.30003041098268046
0.2999981759321927
0.3000393135781638
0.299999458478727
0.29992229603038345
0.3000071948619991
0.29999895158507606
0.29990130890845523
0.30001693585465294
0.29999688682160586
0.3000013452123036
0.2999863301548945
0.29995666450759473
0.29999928019446165
0.30000995273521625
0.3000193884683501
0.2999954999910118
0.29999924817726076
0.3000401846157893
0.2999984157351989
0.30002569753214126
0.2998654492341214
0.29998595926178306
0.3000023615609808
0.29999838552222735
0.30001117500408214
0.30000748602467686
0.30006500932450497
0.30001257979489393
0.3000316668282531
0.2999898317576697
0.2999368034509916
0.2999796521033543
0.30002533924967667
0.29999947175885244
0.2999778585884122
0.30007284995363304
0.3000159866190063
0.2999956919993685
0.30000331597418395
0.3000137551470893
0.30006360177282254
0.3000467867009894
0.29996427004493875
0.2999845800228623
0.3000632524263167
0.30008038280289917
0.30008152139300004
0.30003009905501477
0.30002424700165464
0.30016145403251426
0.2999881133005927
0.30001198773317794
0.2999658239940094
0.30003761191220335
0.30001702923067797
0.30000068496254695
0.30005065253651975
0.2999356782171062
0.30001722419637566
0.29999131531085654
0.3001085258320453
0.3000061368783965
0.3001262632313505
0.2999669404925186
0.3000232639567827
0.2999956964887798
0.2999742017102537
0.30003788209171356
0.30003169617042613
0.30007339424370927
0.2999554145948017
0.3000208714310022
0.30000471053726907
0.29993401350400506
0.30002215148158995
0.2999910970114097
0.2999114486738309
0.30000937450743015
0.299989548235167
0.299999199179127
0.3000223156124142
0.30002679800916
0.300128326676671
0.3000000392249498
0.3000419599030181
0.29997576842005425
0.3001344840282625
0.30001864268536693
0.30001147438662046
0.3000010036270532
0.30005437021137393
0.3000175156507219
0.3001199383899027
0.3000279808311256
0.29999906017955535
0.30001025333969566
0.30006850360293313
0.29997102345427373
0.3000755435229592
0.299982242995009
0.29992762289144714
0.30009320458512023
0.3000182789073389
0.300096839333146
0.3000510749795793
0.3000616876642914
0.3000083133343959
0.2999394269943719
0.299932977533957
0.3000031060653283
0.30010785753494185
0.30002832601397855
0.2999722571955432
0.3001257542819379
0.3001190961449711
0.2999774015426022
0.3000493720003048
0.3000034972118144
0.2999854506771924
0.3000372280084531
0.30003851846690377
0.2999805980017761
0.30001810839879794
0.3000946754362107
0.3000514586751274
0.3000010627276455
0.3000626145494596
0.30000563446132134
0.30016822757594164
0.3000928495980607
0.29999879290852616
0.3000141104475451
0.300002083233614
0.3000663415160977
0.30003194977670244
0.30010137223734246
0.30018069830570904
0.29973982388663933
0.29997494355326404
0.29999906684189614
0.2999812700213449
0.29986991683480246
0.3000629706648973
0.29999867695883287
0.30009307985132827
0.3000531324200474
0.2999639896070725
0.3000567740429405
0.3000719392019183
0.29999965656160177
0.30003558685739207
0.30008505865056445
0.29999700842777843
0.3001179332574443
0.3001039725275876
0.2999946351872882
0.30000110212096875
0.3000470796557947
0.30000215609797465
0.3000671424300133
0.30000014494892724
0.2999780904896695
0.2999918796595309
0.3001137009774556
0.30006005606390274
0.30004018429421986
0.30003292842053186
0.2999156454043175
0.3001003614584914
0.3000052997649405
0.30000395215862274
0.29997789148672394
0.29997690274270494
0.3003703569050371
0.30002060679777454
0.29999176063225863
0.3000003171033191
0.30014292681554366
0.3000174683723488
0.3000227186002209
0.300036091621252
0.3000790672746826
0.3000984363037976
0.3000813123656998
0.3000959484099145
0.300035555413391
0.30016278708955857
0.3002380560262523
0.30017713502596155
0.3002379760247902
0.3002622443924241
0.3002286394998729
0.30002865529207434
0.3001930004237898
0.300164146045666
0.2999446185197222
0.30012707987576226
0.3000725457076605
0.29994260886526314
0.30004097475566305
0.2999975269629558
0.29999364131881634
0.3001621767041678
0.30000686358401096
0.300074453173681
0.2999847564853537
0.29993463878621074
0.3000184916078803
0.30000246470251923
0.3000713035730096
0.30011111905629595
0.300210723091238
0.30000417979769123
0.2998983768710731
0.3001365128798966
0.3000236493787154
0.3000196135590968
0.30017458554190635
0.30002701509182794
0.30004681742091766
0.3002974500959579
0.300133708334817
0.3000385024269182
0.3000202737456199
