0.499950000000034
0.6514548001529407
0.5970724183421958
0.5489652835775618
0.510903474018106
0.48154529613869945
0.45696768592664616
0.4352089424080622
0.41742906594562035
0.4030361532122301
0.390152494435529
0.3215243171969725
0.31249801590786463
0.30393944828206165
0.29860070530379046
0.3013550939365638
0.29919697845885285
0.30087550540083585
0.2995824059759824
0.30061824129879755
0.299503584602304
0.3004362284054489
0.3000389784557541
0.2997244047638512
0.3004740681925524
0.29973249221662346
0.3004502197565201
0.29970669446517206
0.30023813936467336
0.2827858968864365
0.28979979316320514
0.2964076896426915
0.30229521678089843
0.2996801813062884
0.2994838930385363
0.30104339941415825
0.2994057188854161
0.2997461451089626
0.30068325822483344
0.2995119336255362
0.30008501575478985
0.30040115723500893
0.29975038884630956
0.2998970635549576
0.3006052421077886
0.2996438806663385
0.3000537656864939
0.3002954054733623
0.2996241826372328
0.3002007985240336
0.3000973574575645
0.2999162672003576
0.3001621653339478
0.29974632439925997
0.30017482061050005
0.300252403022776
0.29997662379289836
0.29988976380050614
0.3000997055800273
0.29988075466049435
0.3001059434208585
0.30013442786356836
0.3000425176765231
0.30030962135070494
0.29981505470104186
0.30007623518877513
0.30014681090584705
0.3000126818321013
0.2997970291470291
0.30023577889734165
0.3000637164571873
0.2995441668817338
0.3003703021852483
0.3004332272044882
0.2997001677498242
0.2998822613513007
0.3001619690252808
0.300222021729027
0.29999022612979775
0.30000377645364595
0.29977356257942667
0.3001931505678691
0.30042992285093584
0.29994639342594354
0.2998124489585595
0.29994459542791696
0.29996753295394574
0.300274143449488
0.30000537796247073
0.29993768631732987
0.3000682208222403
0.3000059854378735
0.3000716875299342
0.2999595755017622
0.3000304345454635
0.2997488856543976
0.3000608112158173
0.30025268207994504
0.29998180790517415
0.3000574440334348
0.2997409093436777
0.29992801152260606
0.30057407922581025
0.3004255558773249
0.29966532213138364
0.2998508850029534
0.30007256485462197
0.3002570785600447
0.299883598001107
0.29969871315397545
0.3003962914107091
0.30070488341332924
0.299768727991254
0.29961477012549176
0.3001240388170171
0.3002722322847663
0.30011172800726027
0.29963485853112826
0.2998281844699021
0.3003547208106331
0.30063260727385077
0.300327945713716
0.29979262771006043
0.2998564019250046
0.3002598870301131
0.3003054034841536
0.3000880546611585
0.2996573148507793
0.29968238594234675
0.3002567426078311
0.3004658016282765
0.3000431910181828
0.2999182744030441
0.299820055557084
0.2997136380306552
0.3003069188271059
0.3005754219091209
0.30014785812286515
0.29982576922193604
0.2995737444376033
0.3001076458425802
0.3006097092296288
0.30032960147292687
0.3001074712179701
0.29964334958028394
0.2996437493331877
0.3002681290383844
0.30022187399175715
0.3001295609630651
0.2998699297748557
0.29997493522263796
0.29986020506091116
0.2998536690860434
0.30021323204586925
0.3001290337595779
0.30022313430235237
0.3001396787099233
0.29987395703519526
0.29982923398120265
0.3000363435664394
0.3001781736055775
0.300332747295341
0.30015323622769385
0.30003002324539707
0.29960270757577667
0.2998391646991043
0.30045070863528733
0.3004909014423919
0.30007995487852224
0.29996687477031525
0.29994977913480314
0.2998304649649347
0.2999241397659863
0.2998130415404614
0.29992027883371675
0.3002822911074998
0.3004465721877879
0.3000929178043654
0.30020453631532684
0.300048262377421
0.2999126408916276
0.2997050268811219
0.2999853093522291
0.30051348364469543
0.30046493996431967
0.3002479809164921
0.29997524560542066
0.2997730364965736
0.29965680414870155
0.29987478557066005
0.3004227668512598
0.300638974946987
0.3002376761769543
0.29984718334770544
0.2998190196143048
0.2999697972081131
0.2999942349887127
0.3001202525524329
0.2999049753626867
0.29971951131019725
0.3001427304407458
0.3003870075633054
0.3003363674789845
0.30020381509988525
0.29994051591740645
0.2996940860659958
0.3001705785161767
0.30030988356496124
0.30005510538179414
0.30008317080217084
0.29982358163532197
0.29972729275533294
0.3000787479631939
0.2999738477484988
0.30039218309521554
0.30031703462960646
0.2999813622308941
0.2999650290997946
0.3002913270647145
0.3001120401427114
0.29984499875039394
0.29966962183046875
0.2999441896695766
0.30049095611046106
0.3004062942769351
0.3000779864865686
0.2998181006567918
0.29977845805868975
0.2996816775474853
0.3000481610869026
0.3003150713754503
0.30024389929181516
0.3003002995876818
0.3001945877844604
0.29988069583149746
0.29985755228047006
0.2997795684312943
0.30011807644900135
0.30041028464324626
0.3003800111489461
0.30004491490655205
0.29990996087830735
0.30008868602776806
0.30003025979322184
0.3000425216729361
0.30003548352178
0.29987491068421446
0.3002536623761688
0.30029564736400816
0.30048365318952763
0.3002440642566889
0.3002736983030826
0.30012935791867434
0.29983350385691765
0.2997652130076556
0.2998603869113807
0.3002532747639174
0.30044197004714657
0.3003651930100366
0.30033631935357874
0.3000660694510552
0.2999059729959809
0.29964338823545456
0.3001884934524969
0.30063486202755174
0.3004416715836503
0.3004255629042448
0.3004299516912162
0.3000785317072785
0.29954860298591224
0.2992771688859833
0.2998557070439597
0.30049747322755627
0.30096066553774237
0.3006914082658412
0.30055343089602227
0.3003028404539896
0.30015714411977
0.29984068992917823
0.2995951360207174
0.2997073141681448
0.29987357128127357
0.3002206573071696
0.3007850932549534
0.3007530387754548
0.3004082453805076
0.30014616075727574
0.2999058938184809
0.29970630486999983
0.3000383632858825
0.2999055441054983
0.3002741389239283
0.3006510884539326
0.3003390433222981
0.30013687379000187
0.29999896356378075
0.2996814001424135
0.2996578770382927
0.29990230615130264
0.3003701373177454
0.30070354775689856
0.30077420687528056
0.3003447178037173
0.29991394204149013
0.29988529623735816
0.2995227025067877
0.30013137324595507
0.30061979420113505
0.3007917601498391
0.30088439365272956
0.30029574710272156
0.2998572484076556
0.2996967544982083
0.29960142778685117
0.30012301270912234
0.30006813619208905
0.3003026958471747
0.30045098502238266
0.3003885690681616
0.300281022674065
0.3001348403426318
0.29975143064821985
0.29973623984919695
0.29985763786968467
0.3005088818300411
0.30061135271920536
0.3003284530665963
0.3001507358202863
0.30014945163422235
0.2999501871355924
0.29988916435977075
0.2999222979890016
0.2996860303118659
0.30014544213606176
0.3002177659676123
0.30011376921059274
0.3002524457552981
0.30031148720300893
0.29999449769953557
0.30019076111080334
0.30012716317833454
0.29993588407269445
0.3000843788548839
0.30021724326705
0.29998663881923293
0.29996955591310726
0.29989069522650424
0.29971800290763884
0.29984285254819953
0.30011771799548415
0.3003819900731771
0.30075199368510996
0.3007857079488404
0.30076953049708466
0.3003678487138647
0.30028240699703
0.30009893174241575
0.29970831884766835
0.2996841530542804
0.2998304424294833
0.30041666268812717
0.3005271190577098
0.3006977311946457
0.3004726956598738
0.3003872261004793
0.30002202632672903
0.2997574806382357
0.2999438847374044
0.299913058876224
0.2996689077079112
0.2997691652818626
0.30022576794217926
0.300525129611272
0.3007061237885875
0.3006767318189515
0.3006571052837601
0.30039252327962873
0.3002540832687697
0.3000974640749936
0.29988250484502543
0.29978744234017896
0.2999145529860189
0.30005417033543524
0.30024063159633163
0.3001143598739997
0.29995664390254717
0.29986906069712316
0.29998818077718115
0.2999447608113246
0.300261581912316
0.3005807322064078
0.30028910187269897
0.30001127175707554
0.2999166906357611
0.30010680327623496
0.3001368270456406
0.30018833835510983
0.30012774658044117
0.3001963951039285
0.3000837482936761
