0.499950000000034
0.6547153893099655
0.5988771134980528
0.5490765786603462
0.5116251931591278
0.47904631335575865
0.45283060875995773
0.4319216452155
0.4135794110935074
0.397178510043659
0.3824399561824052
0.36962846977021535
0.35916368748941885
0.34958424341158756
0.34098283924692574
0.33296488665884183
0.3249760898084302
0.3181365757374286
0.3120389155865094
0.30621364361362924
0.3009045641568139
0.29696589983008137
0.2959923832039558
0.24267785118319474
0.25042240429208606
0.25774544968080304
0.2646356836236783
0.2718024111475543
0.2781460753351057
0.28452952563591594
0.29061881849927385
0.2965193430304439
0.30212100353700855
0.3056852692177272
0.3060661768157057
0.304256329532252
0.3020110666183319
0.2996834561129138
0.2974168212000903
0.2968397007201876
0.2973639798786657
0.29862833905678754
0.3005511637704371
0.3024293278050042
0.30331089022839686
0.3028322871912035
0.30213282519522333
0.30063440682405485
0.2990379604359986
0.29817192402238923
0.2972980406567094
0.2978826435939742
0.29872046656379636
0.3006095142622587
0.3021642292778862
0.30264022966139337
0.3024996140500754
0.3018940514735685
0.30090128449094067
0.2999283315550868
0.29919451996151947
0.29870407515308917
0.29843252449175783
0.2987401011101918
0.29964816115751447
0.30026752732764994
0.30071270289679164
0.30132889591808476
0.30156608707109933
0.3013971154410071
0.3008654421237672
0.3003234699158436
0.299764416465376
0.29909848155064744
0.29874190104479537
0.29860283659677156
0.2991779002761432
0.29984883304538434
0.3005004939711178
0.3011543683790786
0.30098010768154815
0.3009384409778785
0.3009583521479242
0.3007884934800201
0.3004414827585419
0.29973046624520583
0.29927774609746294
0.2990269344306299
0.29902882920605967
0.29921489808725166
0.29967393272352294
0.3001426242270253
0.3008031627461287
0.30100401109890695
0.30129547219760333
0.3013088958329697
0.3012736129467477
0.3007736654675284
0.3001988081324961
0.2996673004662511
0.2989303527120396
0.2990890277777978
0.29928640111043725
0.2995478490510224
0.29979661669073976
0.30015592077952513
0.3003186260825865
0.3005190273716448
0.3004531373068452
0.3004054629988002
0.30046900695219236
0.3008383035398038
0.3005454480929042
0.2999009667198511
0.29968799749840935
0.29969880729538867
0.2994294284213975
0.2993855498732282
0.2995594857600782
0.2997883640753176
0.30015786126249355
0.3003636236135797
0.3006926293058594
0.3009233170972936
0.30105419124998367
0.30114463103175204
0.30088513133467243
0.30045101535699525
0.2997485634738266
0.2994448730602104
0.2993631970838805
0.29932117971764216
0.2991323064165391
0.29934749459053955
0.29997768328030294
0.30031494084523425
0.30065025207093043
0.30079330393183334
0.30090135779142946
0.3006986896564844
0.30029974446272345
0.300033301770681
0.3002926607660841
0.29994696660891473
0.29998602012334374
0.29961979136150463
0.2992159667467911
0.2988951230145592
0.2992430181437865
0.2992296442941713
0.2996786558297938
0.3003008806980103
0.300935935178577
0.3011141352331108
0.3010638324091578
0.3011614623614344
0.3010110681412782
0.3007417578053051
0.2999745288886253
0.3000849763342184
0.2998105734699513
0.29948375877586053
0.2994271932102144
0.29950875728547766
0.2996390585332821
0.29994958398985627
0.3004244158401146
0.30087395434952313
0.30090519335975474
0.30094348727308773
0.3012441414593805
0.3010660785833099
0.30050461465536493
0.2999413206488437
0.2999361379235731
0.2996894328343216
0.29962469660810254
0.29946581540682593
0.2994628604095644
0.29948495023706767
0.29929466942548444
0.29962371876572513
0.29960624273725545
0.29980149215555674
0.30028501710127475
0.30069860331082243
0.3009512354404361
0.3013006279717795
0.30118877643809416
0.30111942255067814
0.30100743368578886
0.3007055166207927
0.3008688145950429
0.30065608514506004
0.30032819060330873
0.30021769181583313
0.29976201594530283
0.2994333209800317
0.29888906253475844
0.29899509028207594
0.29934877754888345
0.29925102347487764
0.2994242055027524
0.2997463003486631
0.2999321215237337
0.30028124220826613
0.3004215067189314
0.3006692325571404
0.30073960098876185
0.3009022515262134
0.30112524757889503
0.30128219259428224
0.3009726124428703
0.3007005219830393
0.30059307806116864
0.3002616022962037
0.30004353561158115
0.30031251917928936
0.3004878271073129
0.3006519892184337
0.3006608646731469
0.30058923573053786
0.300279684238824
0.29982195870743655
0.2999953839620463
0.2994046221138422
0.2994862390666748
0.2991697466345957
0.29903065522513317
0.2987800569027238
0.2988966451914127
0.2990273992647251
0.2993381402514137
0.30025758392413715
0.30075512025587225
0.30108432155166454
0.30147345027004646
0.3017465836069687
0.3015994215896488
0.30169237297217777
0.3013836526576076
0.30137428743781614
0.3011806651851249
0.30101219254595124
0.3009792529830523
0.30071869951183294
0.30034501771038713
0.2998030213631092
0.2997165544103261
0.2993741551212138
0.2991981018868578
0.29928080350284436
0.29931117297065035
0.29975979286630283
0.2999754913999285
0.30022821846953385
0.2999703324871801
0.30030130672298927
0.3001690992837637
0.3004740736311212
0.30026048083263923
0.30021643642106977
0.3004356531694542
0.30051611841901094
0.3004394973546868
0.299927179848789
0.2998973827252652
0.29995644111404174
0.3001822863170829
0.3004195404513299
0.30028818624731934
0.2998782429047191
0.3000210160819098
0.29982839368621517
0.29974822914520993
0.299764980858896
0.299908525149843
0.2997969599211312
0.2994342651428754
0.29970578632321876
0.2994525696764424
0.29969781030649123
0.29974512288063515
0.299895446835731
0.3004313032642627
0.30055021639852464
0.30083286532029785
0.30092967578822605
0.3010151759968034
0.3008473748780027
0.3004394739888768
0.30074274414541236
0.30090242427416025
0.3007580306387756
0.300888754588995
0.3003998935279777
0.300472856168744
0.3000096153295645
0.30003838339004996
0.2999255477430902
0.29997999848527135
0.30006022304711144
0.2996406344118543
0.2999423594678491
0.29992107987519645
0.29997141020956797
0.29948828511416403
0.29919877465394673
0.29953472742218545
0.29945630924339095
0.29962275153494766
0.29995620760398256
0.30054076350125714
0.30094219335869676
0.3012912759214236
0.30131694244501517
0.30172555664559353
0.30158402339651547
0.30151895067959855
0.30146708372226116
0.30099252051511294
0.3011286810619721
0.30112516216145846
0.30106748855849275
0.30091993932198324
0.3007932650644827
0.3006672376908607
0.30042689008204115
0.300527569060809
0.30002755962392214
0.3001164042297586
0.2995452351545159
0.29934367649835303
0.2991834153940085
0.299345712807514
0.299285342337243
0.29941980701748294
0.2994896444714491
0.2998403688136472
0.3000002447908595
0.30022392148668087
0.30028812514896
0.3001786280537746
0.3002475718413109
0.300350688343879
0.3007641552210848
0.30115951510368044
0.3011695490962081
0.30130452867601965
0.3013957262428978
0.3013158117658593
0.30145517370663255
0.3008670176597922
0.3007814956693251
0.3005295178231354
0.30047443153501097
0.3004404059811492
0.3002654022419182
0.3000020512182755
0.29976430568698487
0.29937176277427224
0.2990607938765598
0.29880635087215923
0.2987710916280458
0.2988863119368971
0.29920838149362483
0.29950873892873764
0.29972509208616316
0.2999403720492394
0.3003804350519691
0.3008019757505981
0.30080268172510616
0.3007296647504226
0.3006921561150766
0.30117641756224844
0.3015896848347577
0.30153468413487594
0.30196256701033
0.30197626036380565
0.30225802902633925
0.3021602653125177
0.3021458702239074
0.3024200218825185
0.3023488113865547
0.3020754244998223
0.3021982244678726
0.3020103663821394
0.3014978982167845
0.30139100341661296
0.30117362038836004
0.30109813785605366
0.3007920058106993
0.3003395501321149
0.3000737610926052
0.2999376329936366
0.29978277530803477
0.2994954750788531
0.2992245897304987
0.2994291713016579
0.29960143153237573
