0.499950000000034
0.6463715682947775
0.5890675801735868
0.5410890804143875
0.5026171930137151
0.47306250458021815
0.44858697827052485
0.4274735608144504
0.40987753622165424
0.3945369676619016
0.380401951153743
0.3673872056911476
0.3567781709856095
0.347650260682403
0.3389615990497262
0.3318980052206223
0.32457581574691874
0.31704084274341504
0.3102761877871262
0.3051559079757463
0.2997720265530375
0.29443799208194243
0.28993280607392313
0.28738133220161033
0.2865883143818846
0.2864806619828487
0.2875222360138139
0.28929490976351513
0.29169629365955596
0.2938421297155962
0.2965589471686241
0.299003568231867
0.30129340732707177
0.303387566631772
0.3050749389724263
0.30700526014575213
0.30833608039680815
0.30972888906040574
0.31071381228181294
0.3109950867376863
0.3112950751711615
0.31064535023221596
0.30974329311182414
0.3085162619192313
0.307744452259338
0.30649063168524293
0.3054132168592455
0.30414906552429255
0.30275490501698954
0.30196511434203654
0.3011344446307982
0.30016154683108565
0.2992331536820989
0.2980091629025541
0.297129653202449
0.29612253209990025
0.29524904402526386
0.29443827615528595
0.293849912684232
0.24606432703828185
0.24817014980050145
0.2511301020075217
0.2536722668294672
0.25636641942373584
0.25910780184143944
0.26199101895385823
0.26467130349143764
0.26692310681762477
0.2693981460655468
0.27139973525899763
0.27377627282363437
0.2761427023872228
0.2782866733394427
0.28037918872686063
0.28302725077062474
0.2850021830492452
0.287192425897708
0.2893946990711749
0.29139293530918886
0.2933840440111285
0.29565734714988445
0.29766844596441244
0.2995930193288262
0.3013717108296782
0.3032951517897321
0.30530910987403337
0.29877756525847254
0.3008038143534689
0.3026978440235577
0.304796981607636
0.3069665870059429
0.30850207525219075
0.30991468615896844
0.3110754931289541
0.31231754988392024
0.31275573305155135
0.3127323206993081
0.31224109151109525
0.3120331290033075
0.31138025448861695
0.3107084642675242
0.3098362730365425
0.3087342757617756
0.3079476633044925
0.30734814030590685
0.30671062954560757
0.3056576645741246
0.3045371026496968
0.30374824935961087
0.30277324509335046
0.30147787549424254
0.30059906419701166
0.2994792067102978
0.29837360882782804
0.2978550775910027
0.2971499083496242
0.2962732195034441
0.29559662660894603
0.2947855425440339
0.29425346167085087
0.2937850625345788
0.29320050520650076
0.2928621998134533
0.29251164615128034
0.2923422188661836
0.2925234205554863
0.2923568750415446
0.29266120316624133
0.2929608668408141
0.2931892641330891
0.29357888090510664
0.29366207510976117
0.2938932156703211
0.29402841392758217
0.2945905309773278
0.29537032574204647
0.2957484782387745
0.2960894712867027
0.2962548852818909
0.2966572437974514
0.2969892405722011
0.2975503026053592
0.2980520606415522
0.29845734763499887
0.29918461043594424
0.29978114210926743
0.30041097816639695
0.30102436617409634
0.30160673535907945
0.30218652158267645
0.3027503367466735
0.3034105792827355
0.30339673479204865
0.3039753750140862
0.3046041967466617
0.3050908767535746
0.3053946472236364
0.30558098544834966
0.30587289910824655
0.306100927842304
0.3060958695236008
0.3061335580088046
0.3060280911841815
0.305998801877712
0.30616158003531835
0.3063296489629408
0.3062989836956811
0.306125241016896
0.305794567665026
0.30534596050119533
0.3050645181560073
0.3047139530497073
0.30456954318638874
0.3045302644984108
0.3044721117914675
0.30412818870995384
0.3039049373568157
0.3036576692232704
0.30328157112748877
0.3030935619385067
0.3027158354271968
0.3024794256434481
0.3021585702781465
0.30200345720860444
0.30170880317936644
0.30154420715074126
0.3010386449401419
0.3007351882910875
0.3000654120023546
0.2991883765847161
0.29883273670846555
0.29920016581500564
0.2991154769369858
0.2986114055726463
0.29853969173267547
0.2983326353749509
0.2981130028207267
0.29803012197207146
0.29801007239625843
0.2978608818672748
0.2976937278614391
0.29735052933792716
0.2972451060014881
0.2971568290942681
0.2971873094727643
0.2967837412512162
0.29643342865709177
0.29629348444653514
0.2961663387231581
0.29603047297196894
0.2959421788655978
0.29568705653798677
0.29565235874878626
0.295985024633735
0.2959619760786075
0.29538626800404244
0.2956518385185235
0.2958227964604032
0.29548586680004496
0.29550591843466356
0.29569323541020054
0.2957545623102916
0.29555319290756643
0.29596414482319977
0.2958478154228812
0.2956759952709753
0.2956181851089361
0.2956795261922489
0.29606498190779373
0.2962174709211137
0.29637193877767365
0.2964264897814407
0.29635689885146
0.2968363155205065
0.2971196137952936
0.29759881025040114
0.2978682306276187
0.29829437940259196
0.2986951945574605
0.29924625290262497
0.2995159925255241
0.2996579307100947
0.3000438437789108
0.3002070710907243
0.30050039880090684
0.3008160705942672
0.30098747582202545
0.30141296062725365
0.30158865559759973
0.3020073080175083
0.30223060747497155
0.30230396919074365
0.30236866049796185
0.30268238551625026
0.30306165442863087
0.3031602914265713
0.3035280437179989
0.3033006033061678
0.3036044119585466
0.3040413800093319
0.3045146954503746
0.3050033379023378
0.3051751851859482
0.30507908096247893
0.30529955291705946
0.30524747010479025
0.3051969060006898
0.30513351260973
0.3050883139083228
0.30474800211560926
0.30467713340118263
0.3047870722623418
0.30476831830758866
0.3049060271746705
0.3048640766713464
0.3049482091586778
0.3044726909276415
0.30432426872379414
0.3042145920250794
0.30415089234372394
0.30421099023157216
0.304145812000017
0.30406939070496786
0.3041489382010861
0.3039106603683326
0.3031301988184102
0.30255118064123054
0.30211800929752886
0.30160634589635205
0.30140808406725406
0.30145465073608324
0.30111524370074827
0.30042871850787256
0.3003070114215245
0.300389280593475
0.3004144682116161
0.3001516960914965
0.2997223427784601
0.2996119365213161
0.29947421278078146
0.2992498358428872
0.299066463258882
0.2990536258689903
0.2990877836415916
0.29925732537491445
0.2990165161937379
0.2985171049358578
0.2982564727902075
0.29825129846464415
0.2979794412463296
0.2975665293313301
0.29723514573070264
0.2971001312472359
0.2970870652351294
0.296931359893442
0.2969402471712663
0.2967214066484337
0.29628231085380774
0.2964967295745786
0.29637427459527876
0.2963956118269635
0.2963397382796905
0.29657942471569065
0.29663304521364264
0.2966100087625876
0.29674492037713696
0.29653693706118645
0.29663249588094676
0.2965911748158654
0.29677480588109184
0.2967496002080041
0.2968643150167243
0.29694884793211573
0.2972370373995702
0.29767528165943
0.2977237053426063
0.2979559858213795
0.298011257139547
0.29772909334886344
0.2977577456416317
0.29806243262725907
0.29834359760814977
0.2985310880598584
0.29864445017402763
0.2985926703569247
0.2989400635263637
0.29865520929371914
0.2982254180359939
0.29819586847100876
0.2985480501776364
0.29882355542356387
0.298939751050168
0.29901964744235987
0.2992750455946357
0.2987647527176285
0.2990184451635691
0.29915045907745497
0.29865739354511445
0.2990760616555318
0.2991054298136414
0.29882586466533634
0.2987200138691455
0.2988556602789153
0.29901370784705783
0.29878201901266443
0.29895326986231574
0.2992985226627344
0.29940783970504325
0.2991566636802856
0.2991238704299416
0.2987480652510355
0.2987771925715911
0.2989095702620984
0.2987748860391355
0.2987967693553759
0.29913577823509807
0.2990700556252609
0.29921962817454106
0.29943557256041553
0.29965655474695263
0.2997777942639783
0.29990850337252006
0.29995302690081804
0.30021459246612514
0.3003327338606053
0.30051376455266887
0.30105136967907264
0.3013415903877865
0.3015101298363657
0.30129921862558506
0.30161740634328127
0.30161541496046684
0.30199237719702143
0.3023165839032653
0.3024228466974205
0.3027011227659181
0.3028664672387803
0.30251877906226654
0.3027000047172832
0.3028355067714401
