0.499950000000034
0.6508254118610021
0.48407248346685916
0.4457960013043861
0.41193052177892175
0.38501676292757303
0.3642223571757611
0.3459700127737436
0.3300475451974544
0.3156889111142023
0.3030953210195487
0.2927648963209146
0.28259253256051886
0.274016080368899
0.2666210979862511
0.26238175295963617
0.2600093547197625
0.259666506851554
0.26047572985463896
0.2619350995015808
0.26367934727120257
0.2662042534807484
0.26867286554547
0.271654761533596
0.2742395912815405
0.2772299602157121
0.2800356312284997
0.2832548595298132
0.285948866032135
0.2884450466269062
0.2906014855850082
0.29280549136731293
0.2945748678076089
0.2966324050412993
0.2979984405095548
0.2992719393906873
0.30108533014437244
0.30305724724094474
0.30447401737992386
0.3058609209381916
0.30654891381090743
0.30806002818784417
0.3082365357758602
0.3086791366003867
0.30683558234440755
0.30784210524397193
0.3084611074496103
0.3096406956800505
0.3096454716668938
0.31070062432022694
0.31040892368487505
0.3105813468605163
0.31057951140349616
0.31016557166114556
0.31003829267908356
0.30967453226342956
0.3098086732547497
0.30928390091571023
0.3094248579077966
0.3086762804121561
0.3086500486396335
0.30814113031875157
0.30797835404785623
0.30786601574310113
0.30703071416295113
0.3061331297176325
0.3050218725150684
0.30420413084564657
0.30305179638833313
0.30215829625738033
0.30135200265308726
0.3015770437617914
0.30131587875370436
0.30059053288730686
0.29955388339663414
0.298648480833546
0.29765567707105167
0.29659985457020954
0.29589721266205626
0.2956672933077128
0.2956255679328491
0.2949381756651086
0.2945985919462235
0.29338349956565135
0.2933710949093089
0.2928083451989719
0.2926369838738416
0.2919798070891022
0.29158320233323576
0.2908884755182567
0.289990809782951
0.2895717954743815
0.28858106976723674
0.2878315324832048
0.2873536293340202
0.2863304646826712
0.2858097047415864
0.28503049986787443
0.2844464539123507
0.2837994458517086
0.2832443765365058
0.2819569774152423
0.2823053918166214
0.2816532508521177
0.2810453292007262
0.2802254905833601
0.2799130609658026
0.2795728519623084
0.27953671087946785
0.2793686702702549
0.27916716295607014
0.27858289048702556
0.2776356346996375
0.27717522770709146
0.2773856903820461
0.2767848847201584
0.2759491126521162
0.27551072368329155
0.27361479590584803
0.27285142260012374
0.2724389499803558
0.2719245600334653
0.2716301745508729
0.2717493880808096
0.2705496874145704
0.27017446031344783
0.2693930828236689
0.2681710465202968
0.2671976169649478
0.26786688806397674
0.2676000988431533
0.26736141079688325
0.26746086598012164
0.26746589887958794
0.2672182743161844
0.26709375710479133
0.2671677189703754
0.26659823545452943
0.26685008970853263
0.26670813439772423
0.2662559223936197
0.2659887599804487
0.2666616583514754
0.26604334682534414
0.26554413090612405
0.2651725778101812
0.2639454318554093
0.26396483326424003
0.26342352869248997
0.2633258638303452
0.2628667339524554
0.26238578675301616
0.2625345137305025
0.26158752110423233
0.26106700255566595
0.2612803795464881
0.2613622646760907
0.2609778665460417
0.2610584216638876
0.26017495369240984
0.25947219750674844
0.2595520278728045
0.25824527449190116
0.2579687764410892
0.2577442253287763
0.2571535926730866
0.25758025834569165
0.25661582181618314
0.255649400483304
0.2555468329081143
0.2544528484122337
0.2543197515401312
0.2540985699502537
0.25395487965003627
0.2538963352710566
0.25249209605589495
0.2519592499301999
0.2515911470659348
0.2505684363034403
0.25016210883153434
0.24940819754979138
0.24898263692893996
0.24852074935947444
0.24810235607486641
0.2485643996674013
0.24836252063306807
0.24853284460474612
0.24843359721683378
0.24782487645265694
0.24764225060390033
0.24744538283474815
0.2472725418059305
0.24714617378041703
0.24749078279898984
0.2475345177268824
0.24740764407016225
0.24698467189197704
0.24638780044313868
0.2467659059500048
0.24655969096957342
0.24605454114168857
0.24571362168270228
0.24548835747882913
0.24565895787479863
0.2450166638943687
0.24523340751040335
0.24487042978781903
0.2449755105654241
0.24474926079626502
0.24423334290866805
0.24464313310656383
0.2439529090954895
0.244867092896618
0.2444999398197958
0.2443114244110398
0.24466738637457908
0.24421238974948178
0.24457524494333482
0.24367593333151516
0.24318966674058873
0.2436285461834895
0.24295628262992675
0.2430555947449341
0.24276777473186217
0.2426300474894918
0.2429852085850186
0.24292927107012274
0.24324532544307464
0.24282260115966436
0.24081983139448226
0.23992769459516416
0.24012740670100585
0.2402217973058478
0.24028823850526693
0.2402315015501807
0.23837636946908025
0.23851042004875622
0.23817756171693005
0.23847800590626123
0.2379995300268607
0.23742627712368236
0.23798197657521902
0.2381675998607835
0.2380932990569704
0.23747570333970425
0.23694441918344755
0.23648958511245566
0.23615098378725063
0.2365607321787626
0.2360372449720507
0.23625589507542577
0.2361421217193752
0.23594279491951353
0.23584843257430854
0.23575087915714243
0.23536299583830722
0.23493546446461966
0.23466500505276144
0.23426963694111402
0.2340626573909812
0.23382326817830534
0.23352260130391644
0.23336307138876755
0.233235734873796
0.2333875178616629
0.23250553852395506
0.23256615433020822
0.23311804421825344
0.2331178625727124
0.23240247685679616
0.23232135952399413
0.23241633891258073
0.2329884041466388
0.23336208518832657
0.23257628662559848
0.23282866327898633
0.23316737445418734
0.2328845339631761
0.232752691509865
0.2326314078120275
0.23227333792521043
0.23219257024734719
0.23204169811471276
0.23224687737208238
0.2325968280446732
0.23258992170156034
0.23238228331066013
0.23224842342436125
0.2320894005923818
0.23224220845220045
0.23171665322462975
0.23128144381605042
0.23140211011012912
0.23105761748575737
0.23159570021309694
0.23148502495079204
0.23093823429742855
0.23006011148887995
0.22938181079305786
0.2290849345621121
0.2282984382831903
0.22790717969840946
0.22794502576128473
0.22739570608198023
0.22747349881823298
0.2280994254179758
0.22835691984990325
0.22858474754574176
0.22748576599496617
0.22746672983457983
0.2273586476580639
0.22729490324533053
0.22751774894818189
0.227277068656632
0.22699961053448514
0.22675603453342807
0.22627767707342727
0.22661055087897375
0.2265418887968932
0.22612350941851556
0.22553072528574525
0.225912941667058
0.22625150933638516
0.22659442527683216
0.22612866294225709
0.22589594298812632
0.22621752880474422
0.22547469442157098
0.22482123493351613
0.22488266449224936
0.22425199460675738
0.2242601526511554
0.22403163751769628
0.22395305444207958
0.22391242681623158
0.22308973509314722
0.22290940714057683
0.22284459424160985
0.22251323586130867
0.22221330009820217
0.221365238142885
0.22122387847076086
0.22026772086024515
0.21861088492519798
0.21909595606103816
0.2190850467111476
0.21858721900489153
0.21899832525797314
0.2186387595307543
0.2182503255330963
0.2187129610237596
0.2186570616752217
0.21845626419109498
0.217542846043408
0.21638101521605468
0.21617832759730027
0.21709525120709217
0.2164315151825047
0.21619057397285468
0.21684089760393133
0.21682593005160677
0.21718839417161295
0.21594660906032304
0.21560104367685584
0.21532256681816309
0.21494727933558333
0.2147230257360897
0.21495779846728724
0.21482957798153024
0.21386740375252156
0.2127214589174471
0.2121992247214466
0.2121039086077905
0.2118385407732022
0.2119422359792561
0.21138444404002454
0.21133571957117303
0.21090097822283382
0.21111356543028648
0.21101256931350187
0.21023002248320943
0.21002331565908428
0.21024503182828402
0.20980204271289393
0.2095414161625322
0.2094436348995894
0.2092442034027342
0.20778578803940118
0.20784856237960891
0.2071740942646686
0.20670280760461202
0.20660595084584976
0.20671134339698416
0.2064752179921141
0.20650234709215742
0.20608300793762435
0.2060351483040086
0.2055877017788822
0.2050551024305599
0.20472364819425715
