0.499950000000034
0.5431390486755714
0.5750771415473975
0.5992608309519207
0.6177932783687039
0.6315806664798886
0.6421731263139523
0.6499226316850789
0.656234325817654
0.6605135199762957
0.662884727605151
0.6646376718333546
0.6649813518008141
0.6654703986184347
0.6654917655667323
0.6640517884380872
0.6627972219882188
0.661157089980148
0.659179078964795
0.6573667162139759
0.654216095207107
0.6520960900463264
0.6489616360543711
0.6454380187328929
0.6423827423977677
0.6401216289464792
0.6372106478343026
0.6349415335106854
0.6321614218226455
0.628571889906504
0.626273189189966
0.623505380348973
0.6207288678871328
0.6175175206415624
0.614046183947585
0.6113911991898784
0.6089111431291783
0.6056857868915266
0.6020660685976185
0.5981454318655866
0.5950115557922537
0.5926578882400265
0.5898358377833461
0.5876543828104173
0.5850763569261972
0.5826245188935443
0.5798701343645956
0.5772184705065988
0.5748340701674866
0.5721743627104241
0.5694959599452791
0.5672062959511543
0.5650310859380397
0.5631271835066716
0.5609188177554703
0.5582576497340507
0.5560353832525158
0.5537367355959306
0.5512819431745766
0.5496599549363788
0.5476684301237853
0.5454968743950228
0.5432218104130379
0.5412806472717733
0.5395124594324234
0.5371000834730144
0.5349512206290031
0.5329750895850894
0.5311869052571059
0.5295471789502324
0.5277341884130422
0.5258172049022984
0.5237062467032242
0.5215211282267316
0.5194855707973353
0.5177970281836108
0.516373573125193
0.5148472791032299
0.5130960822539784
0.5119253356975536
0.5112649678392883
0.5090843699667645
0.5073492793243608
0.5054115997417552
0.5039268047838976
0.5024797746217822
0.5006742144388827
0.49874455121695993
0.4968972051460756
0.4951418057520365
0.49356514992031475
0.49217929699475416
0.49091355320270624
0.48961468295052857
0.48751548123153654
0.48597562155254936
0.4847502780007007
0.4831636516738299
0.4817579589279375
0.480389540514758
0.4792751823491612
0.4783551027822065
0.47626061776619766
0.4748191478773479
0.473279618550026
0.4718331001525099
0.4707925384752565
0.469655228439976
0.46841141988635915
0.46702274793321275
0.4655720546378638
0.4648040575126299
0.4636723857921029
0.4625091352277577
0.46127076095898556
0.4599974321268163
0.45865656961847956
0.45740619094109725
0.45631480422356574
0.45506484185418694
0.45394366067088665
0.4525442232528821
0.4518470147658912
0.45076168661347027
0.44962242447149703
0.4484243790813983
0.4475873299354184
0.4465678582657484
0.4454139687198819
0.44438076362058454
0.4433949216570925
0.44240237388317394
0.44133567013286434
0.4400555796899309
0.43902064202318347
0.4379442539642431
0.4371738449333127
0.43604339801224024
0.43522339169438184
0.43410191713453417
0.43329026338748255
0.43228697273904404
0.43099032254461656
0.4303288250362619
0.4293484004571111
0.4283756076772055
0.4272799843277951
0.4260113660370185
0.425032318768649
0.42435924871215636
0.4232456108004776
0.4221192667117043
0.42115200800306163
0.4202061739385934
0.41945116715973296
0.4186707174834947
0.41774386105548056
0.4167726932825261
0.41590487133225285
0.415084590714361
0.41432750423410303
0.413558077451717
0.4126800994139279
0.41171266026387954
0.41102585632767485
0.410118406035079
0.40948900969049784
0.4085649265755156
0.4075890231879946
0.4069955422496786
0.4063519395125835
0.40555653261678337
0.4050040614258642
0.40427157569885974
0.4031244147855573
0.40239399953697663
0.4017026566737615
0.4010313162644731
0.4001274797591019
0.39939293942830834
0.39852994449137513
0.3979030136928524
0.3970803563846438
0.3961162170079052
0.3952924407181413
0.3946223749522205
0.3937236502334409
0.393051959289334
0.39238941185112297
0.3916645057300773
0.39128304819885784
0.39058545429725844
0.3897549387495274
0.38929837302402015
0.38838469036871914
0.3877196175264904
0.3869284152056903
0.38633661327180613
0.3857662841090669
0.3852518813507375
0.38461537377527377
0.38414601613953137
0.3831897314017565
0.3824261952050253
0.38193442095001184
0.3811079721793027
0.3806683522531651
0.38002855341595454
0.3796440027121617
0.37892518649069873
0.37824210126899815
0.3775026921278075
0.3770848384735491
0.37629496133767504
0.3756648043849944
0.37484749858217614
0.3742690687091177
0.37375807798722727
0.37328510793052194
0.3726290721449306
0.3721106530885544
0.37154450804724215
0.37111184476466197
0.3705508841856816
0.36987069275419737
0.3692990367676485
0.36877807375364324
0.3681421272851192
0.3675083875459798
0.3668999466466879
0.3662718400626229
0.3656039182822687
0.36515753075108814
0.36463371801564903
0.36413332717351443
0.36351215971247985
0.36305592015029464
0.3624582857963279
0.3620395511733582
0.3614628589922412
0.36103214542086604
0.3604513106402307
0.36005034045436524
0.3596595681223006
0.35920005872327165
0.35837531725567195
0.35787846394798306
0.35718599516749794
0.3568558811430349
0.3562288738751491
0.3557787814809459
0.3551339874089028
0.35479650243583927
0.35444727738147874
0.35395640237453896
0.353572965278416
0.35314087788367277
0.352551206959702
0.35234857149804677
0.3521153454953222
0.3518051350388909
0.35118434213608685
0.35085445007607663
0.3505134733485027
0.3500496379520103
0.349586053940788
0.3491479311041671
0.3488013103259713
0.3484733539737075
0.3481085866774626
0.34756826204266666
0.346969327461059
0.34667006505687314
0.34623711383724964
0.3457572042978172
0.34544515184761526
0.3448151056961388
0.3444575050727141
0.3439265952447318
0.3434006325954023
0.3429658266765405
0.3425355081933058
0.3422065663712931
0.34181782370496805
0.34149535749513626
0.34111391123952794
0.34099987364484774
0.34072950351040676
0.3403006137023188
0.33989131023560404
0.3393843039205453
0.33898412832963376
0.3385880086655171
0.33826674888709807
0.33787334447107875
0.33754311758504185
0.33712786842188236
0.33663173340004304
0.3362769465446892
0.3358296919899588
0.3355121360617557
0.33502360667903996
0.33454808492728216
0.33409639541152647
0.33369925711496806
0.33342022482313427
0.33290920354958686
0.3324081745090064
0.3321175374641724
0.3317204152667613
0.33143731270500143
0.33099743322604236
0.33061607596592424
0.3302616915105022
0.3299518387653093
0.32953739252183034
0.32904767390525136
0.3284759167129653
0.3278824457505244
0.3274890903188492
0.3271085765875874
0.32669461357798935
0.3263275265982124
0.3259677989520574
0.3255821494781267
0.32504508692372747
0.32468755742652566
0.3243268937934065
0.3240846573722126
0.3236619393602044
0.3232992931691986
0.3230996235191852
0.3227067436683029
0.32238808127856755
0.32208223186667184
0.3216329093924868
0.3212367573464101
0.3208619398639513
0.3202720733542017
0.3200326349628294
0.31981556969382574
0.31949948264741457
0.3191314980466292
0.3188921708803947
0.31849536136281453
0.3182879986849234
0.3179700171497598
0.31784568623426634
0.3177066453241235
0.3174999074025371
0.3172020648783812
0.3169362418566293
0.3165952500523146
0.3162069518717535
0.31581466112840484
0.315342895394782
0.31499204147126836
0.31461974034335505
0.31439408778401856
0.31409590561572465
0.31374046753248064
0.3134121035562165
0.31316983801640297
0.3129468078102656
0.312651268375044
0.31228240626983705
0.31192817716093746
0.3115694293643261
0.31120318453585427
0.3108838094665035
0.3106032104711062
0.31026349498007233
0.3100057223115801
0.30953324345151845
0.30924174115652314
0.3088557510379759
0.3085938483904136
0.30834013494614787
0.3079704190644629
0.30764852417095845
0.30735837607045324
0.3071040609008794
0.30686200881321346
0.3064597923203919
0.3060273127067795
0.3057413710874032
0.3054689113196676
0.30529026735916565
0.304906717550658
0.3045344575782791
0.3043085013323823
0.3041881298736814
0.30408264197350177
0.30389690347438714
0.3036797149639914
0.3033912192223879
0.30311731309869616
0.3029103829041788
0.30262281814006897
0.30236507413129354
0.3021787757394796
0.3018683442567994
0.30157594283463707
0.30136008125678726
0.30108791731732176
0.3007934571223695
0.3005531983598887
0.3001692462277399
0.2999956425515864
0.30001339252123027
0.30002540377501064
0.2999806705114064
0.3000081743221761
0.30002329508175263
0.30002989252622736
0.30001425407790117
0.29999847675167923
0.30001929062531785
0.30004032013203064
0.3000329550433444
0.29998840148707684
0.3000753930566349
0.3000181168378381
0.3000099720391043
0.2999856530499593
0.30001037466373615
0.3000187835255209
0.3000292246257702
0.3000424892556879
0.3000294019767803
0.30004979169433177
0.2999848852017488
0.29999492546135176
0.30002556708365535
0.29999860887550556
0.3000726867142389
0.30000113571448705
0.30000570599174836
0.3000122176606582
0.30000374429085663
0.30001778633934695
0.2999973352205243
0.29993660793722265
0.3000543880693276
0.29997795894584234
0.3000173270601527
0.29996371913192976
0.30002184393030684
0.2999956335974704
0.3000081019196079
0.2999660091142201
0.3000199388008229
0.3000065702744269
0.29997295032722326
0.3000263998815905
0.2999868083856132
0.30005566096722314
0.30004839667842964
0.29993313166130187
0.300067323257889
0.2999956126125066
0.2999861336205982
0.3000110148656425
0.30002375129010206
0.30004689424175035
0.30000484801127647
0.29999291892095714
0.30003869975864883
0.30000142748155456
0.2999811417358287
0.29999213448893247
0.30007165170140404
0.2999704168441376
0.30001261566627924
0.29999095779177254
0.29999195373544196
0.3000706002274979
0.3000911035970607
0.299996101099417
0.29997769660607454
0.30001523432823574
0.3000437286227676
0.30001249921099216
0.29998837400051115
0.30000752908994266
0.3000077215256862
0.3000040350973745
0.2999892126910555
0.30002906927136275
0.2999972806777771
0.29999166130365884
0.3000239029503833
0.30005256283052517
0.30001837840552015
0.3000282341177727
0.29995684441716053
0.30003733933383414
0.3000789540213733
0.2999962223743998
0.30001464416989987
0.3000104255104201
0.3000026911048146
0.29999164987319915
0.3000057056942451
0.29999190817011845
0.3000193080568576
0.2999978116776073
0.3000521340438762
0.3000122640863764
0.29998133064434074
0.2999864516913143
0.3000104355784562
0.2999653658574133
0.2999855925841053
0.25693200892606216
0.2572033438609236
0.2575578654796996
0.2577847216051361
0.25807574396594934
0.25833881943171866
0.2586934949931058
0.2590594221876328
0.25942880901945264
0.25975007183661714
0.26003445192258834
0.2603889154306699
0.2607575405354864
0.26113403412800507
0.2614318561851533
0.26182256763506395
0.2620608540701974
0.26249287931747745
0.26282330106224505
0.2631163921016342
0.2634220345570707
0.263699757958628
0.26399540959546675
0.26418309780471394
0.26443145051827055
0.26464058972800864
0.26508152397396756
0.2653807555224158
0.265746014826829
0.26604710951382093
0.2663680100122382
0.26680515729856435
0.26709877197725784
0.26734669877281647
0.26765168772762493
0.26796953456391115
0.26833141155993634
0.26867839079709877
0.26890951059522794
0.2692213988402592
0.26951504896785683
0.2698015997535701
0.2701681086837556
0.270536851908326
0.27083379549307196
0.2711997195588842
0.27137729307299774
0.2717555841409719
0.27205231339408364
0.27240187415869777
0.27272255714770177
0.2729677846348155
0.27327309790672427
0.2735335530904338
0.2739071424851919
0.27416616678888517
0.2744447121992102
0.27471663203345353
0.27505064232425547
0.27529223714666895
0.27554974113077857
0.27585977058377154
0.2761518976526438
0.2764530247920972
0.2767689814998374
0.2770203859123953
0.27741816060975033
0.2776619986670039
0.27805114162412325
0.27835457753564985
0.27857036919077915
0.2789093271283898
0.2791732014512748
0.27952569217670953
0.27988155460080144
0.28017099610066143
0.2804832070061919
0.2808171226462356
0.28109506419115415
0.2814382006497047
0.2817117641798027
0.2819828114365137
0.2823128518370288
0.28263666718583536
0.28291910907373674
0.2832240436368926
0.28348396245572927
0.2837492279064199
0.2840745451319001
0.284293958757454
0.2845595513369449
0.28485097458108566
0.2851862726386566
0.2854931656488704
0.28580933778109696
0.28611022920318163
0.2863765450935021
0.28669304747036595
0.28693484858439633
0.2872744809265271
0.2876194397581199
0.28791456256589165
0.2881508765861911
0.2884223653016722
0.2886789080958623
0.28893984587429766
0.28920684561613963
0.28943593696330394
0.2896965299673101
0.2899634130409935
0.29022709573416205
0.2905153386308388
0.29082357816753357
0.29115679539458184
0.2914524447032726
0.2916538604852654
0.2918945879355178
0.29219367951181874
0.29254634153187564
0.29293618510806274
0.29321716631531525
0.29344649228747344
0.29374463476623347
0.29399548562148303
0.294265344629528
0.2945890151256686
0.29484442782957665
0.2951255532878744
0.2953468884131868
0.2955875170560356
0.2957985404213047
0.295987363372749
0.2961694964261803
0.2965358865082621
0.2967834093802072
0.29714408833344563
0.29737728427134225
0.29762802724833515
0.297982679184129
0.29822375120392386
0.2984427079855172
0.2986373458429392
0.2989274850102913
0.29904806619876545
0.29933121213762093
0.29956493997389555
0.2998761683355643
0.30001345485758335
0.2999857459181783
0.300007470135801
0.2999749204257788
0.3000318895344407
0.3000032754848536
0.3000081514567131
0.29998926546745097
0.30000455519634706
0.29998591230711014
0.3000129151981824
0.300023453031692
0.3000499689860391
0.30002466053972265
0.2999924638898105
0.29996557440321714
0.2999965913328929
0.3000102698883501
0.30000170254229197
0.30001903181600975
0.2999939469786653
0.2999903938144147
0.300015064913532
0.3000107471970018
0.29999886494671735
0.3000000136119422
0.3000334871148521
0.2999808594847466
0.30002623365530245
0.3000087300546336
0.3000311223355381
0.30004483544908367
0.30000590724529186
0.2999726747234136
0.30000285061098164
0.2999881059831139
0.30001423313154985
0.2999928083154355
0.30001126572069037
0.2999895295751067
0.29998075404928803
0.29999654396249664
0.2999884298890456
0.300018237543511
0.30002159803452366
0.3000763891722006
0.2999989576522687
0.3000672726429007
0.2999941360847286
0.299996895960676
0.30003809233147405
0.2999801278048996
0.300045670329661
0.2999880525322788
0.3000005624944433
0.3000608122221049
0.3000633804359282
0.3000181552508583
0.3000173924257552
0.30000927548106837
0.3000228308748345
0.29991619249065593
0.3000152966030033
0.300001666067242
0.2999442860653666
0.3000124288583714
0.29996544492516375
0.2999968405407645
0.30001008494869197
0.299991057194666
0.30001262916270566
0.29998715416537514
0.300009987471764
0.29993987164904456
0.3000337356388575
0.30001103589632916
0.30000138416443145
0.3000112438422349
0.3000012061767753
0.30003339062318013
0.29999689396954965
0.29998916208927395
0.29999355311439335
0.30002499107233527
0.29997302442727536
0.29995897494972323
0.30005495930588233
0.30001224676675575
0.30004013463974966
0.29997415061888544
0.2999491488488304
0.3000054041314759
0.29996083387459305
0.2999935699715457
0.30005295312468705
0.29999721318847894
0.3000057992299575
0.2999977910811851
0.2999880495409333
0.30000847571006506
0.3000156177164196
0.299996657762457
0.2999650005317066
0.2999871011740267
0.30000448854163275
0.29999568611177874
0.30000904125972516
0.3000030350691627
0.3000211792198455
0.2999728167396697
0.2999999670546091
0.3000244614435451
0.29998096074818736
0.29994448035241716
0.30002281202345027
0.30002996913815805
0.29989362140759634
0.30000319750601867
0.30000105913960473
0.30001413009771194
0.30005822192204656
0.30005662385862075
0.29998873155585304
0.2999795599306264
0.300081464792473
0.3000120667603178
0.3000175326015224
0.2999929804071514
0.3000364764713136
0.3000575016723891
0.2999795706921642
0.30001136136347095
0.3000175587082139
0.3000582739419799
0.29999832425337347
0.30000061070325057
0.3000020350610947
0.3000479202544514
0.3000002038272218
0.3000272565861998
0.2999957629210689
0.2999056245048273
0.30000704675513723
0.3000015805080356
0.3000050277420544
0.3000258926536109
0.30002462900834237
0.30003981754420916
0.30002763945674193
0.2999853728458183
0.3000208305806308
0.2999977032203496
0.2999798401955197
0.29999308096093613
0.30002520052936876
0.2999866671546735
0.29997930903492076
0.30005328587996083
0.30001763888863686
0.29999719331009567
0.29999209096709734
0.30000225284589577
0.29998384581366544
0.3000310302443797
0.3000158759951371
0.2999896641463672
0.3000835330756044
0.29995034075980065
0.30002181158903074
0.29999827126151024
0.30000222513978936
0.30002233165398795
0.30000333591701567
0.30003553242603953
0.2999990794009655
0.30000281390460426
0.30001697981823505
0.30003449740036325
0.29999778393485155
0.29998802878393804
0.30000249547695323
0.2999840683487176
0.3000094335918173
0.3000053536408337
0.30000247038187333
0.30007550974933994
0.30002580578650895
0.29998209053458147
0.2999891081770846
0.30000596795598045
0.2999542826592383
0.3000170229714211
0.3000084712121306
0.3000004942176151
0.3000228287849538
0.3000198080214407
0.30000258684285774
0.2999736338596155
0.3000140782853138
0.2999972578352108
0.2999824113896158
0.3000186162572308
0.3000155437876465
0.30001823536942884
0.2999998110933003
0.29998968450425434
0.2999337984121666
0.3000235939664547
0.30001406503153016
0.29990105043559667
0.3000272197097228
0.30000163532740665
0.30002854767280296
0.3000459665553419
0.3000481150791401
0.3000335733563725
0.3000635252451356
0.3000019331418654
0.3000118337605635
0.3000105657660478
0.2999977945265754
0.3000477522530044
0.3000354273265472
0.3000472285960968
0.29998477428113346
0.3000183401786338
0.300005941415705
0.2998574749851909
0.3000109547218369
0.3000395202390852
0.30002057798122483
0.3000149002695077
0.2999981870891232
0.3000093775055751
0.29990794366877616
0.3000051060272906
0.29999550198124636
0.3000065805849964
0.299991511763556
0.2999882485229205
0.30001456644253155
0.30003257289728225
0.30000009408607065
0.29998292918041236
0.29999094434375484
0.3000005811125894
0.3000362851599333
0.3000094297447805
0.3000240086947473
0.30000833369154156
0.2999963722913723
0.30002649398062076
0.29994052635048696
0.2999736990401668
0.300014414259695
0.299998364864801
0.2999907339339606
0.3000128207628818
0.2999675996648046
0.2999683035649985
0.30000410769189634
0.30004140048110595
0.3000766642707383
0.29999683946480593
0.30000487713107005
0.300031728709649
0.29999109740309526
0.3000059762060443
0.2999969433920169
0.3000060522766582
0.30003200737958413
0.3000042137053144
0.3000109754561857
0.2999782332210298
0.2999954235944817
0.30002362618559497
0.30000591898639983
0.29997972847237575
0.29998535493570544
0.2999990414339222
0.29999684769625634
0.29999262934765747
0.299993429871553
0.2999937179127724
0.30000305872552835
0.29999703863524485
0.30000430792736965
0.300012491711766
0.3000045570151343
0.30001215559945804
0.2999922604706333
0.2999841379596574
0.3000811103237292
0.30001094627268143
0.299966426380347
0.3000012509674226
0.29999730983152384
0.29993377845117797
0.3000081925781627
0.30001734115452927
0.2999931796776205
0.2999892569836228
0.2999809429293262
0.30000149060811787
0.2999930890288335
0.30002051210858405
0.29999533131305345
0.300022062885979
0.3000212013617185
0.2999930137649818
0.29998392296472454
0.3000512127613607
0.29999403364739785
0.3000013311796449
0.30000118278720944
0.30004014145042246
0.29998439712728453
0.29998935741264987
0.2999742526962249
0.30000481373718757
0.3000151516704719
0.29998531907512593
0.30003407131479576
0.3000137713799029
0.3000134428889216
0.29999054199791153
0.30002940861112504
0.3000180741081836
0.3001010668366968
0.2999869252476721
0.3000145073528986
0.30000077659625213
0.2999939740842986
0.3000179733272397
0.29999286232851174
0.3000374034632032
0.3000018390754797
0.3000407968549438
0.3000051598513319
0.2999897137552394
0.29999310456717754
0.3000012755360353
0.2999871927213803
0.29999433140210774
0.2998692913750406
0.3000609946208178
0.29996769631738873
0.2999905451396686
0.3000178083115417
0.300011920362927
0.29999334710401293
0.29998747663795255
0.2999715470845885
0.3000160564856714
0.3000294794829468
0.3000357622833518
0.3000088517494277
0.30001064495625007
0.3000181229908101
0.30003527679066244
0.2999909430423331
0.3000025037435219
0.30002138474452955
0.29999082728234217
0.3000071840568752
0.3000240685739701
0.3000166211138683
0.29998923161666835
0.29999807613906726
0.30000707368122226
0.2999870902378433
0.30004340853301237
0.30003467454278043
0.30008196508491125
0.29999716422802714
0.3000001748638955
0.2999948291490424
0.29999135272050714
0.30000759699150736
0.2999985421292295
0.30004657310962
0.29999585999539213
0.29996526315136407
0.2999810879170903
0.3000100657075019
0.30004913393609367
0.3000096859791459
0.29999101003463513
0.30001640093014126
0.30000037984220596
0.30001283776481125
0.3000118764279729
0.29997349374921456
0.3000037769925492
0.3000242633725686
0.29992493142254584
0.3000064674782974
0.29999652126867027
0.30001207176537836
0.29999421216562583
0.2999976492592058
0.300026995431098
0.3000129959308443
0.29997706657376466
0.29999554886868973
0.3000338904878156
0.3000211616454804
0.2999126388035762
0.299989867253285
0.300016499763082
0.3000058875671848
0.29999786355948743
0.300011272230824
0.29997241430970034
0.30000384238038547
0.2999989582517182
0.3000040483960238
0.28546159467834686
0.28564080750859355
0.2857039960817094
0.2858912888310231
0.28609800640936056
0.28627252069195974
0.2864315117409513
0.28653245999719645
0.2866800671278442
0.2868617929407865
0.2870631804331397
0.2872607478696889
0.2873525147717252
0.28753684202287544
0.28775187961711945
0.28790363219798787
0.2880759673734937
0.2880900482349579
0.288245653682786
0.28833489440404736
0.2885842561979213
0.288768933939448
0.2889310544773439
0.2890794608694086
0.28925810803851426
0.2894830777102688
0.2896472805741862
0.28986185856938573
0.29002688640280716
0.29022215058674583
0.290355390150293
0.2905674142154512
0.2907571676795897
0.29090169411765
0.29110708007927444
0.2912859081918904
0.2914990317605678
0.2916972931727798
0.29186383762745494
0.2920102049839185
0.29218692821764425
0.2924045174806742
0.2925496990240952
0.29270739262525913
0.292890821348436
0.2929528389378968
0.2929966872202763
0.29313700722570357
0.2933997302291804
0.29357887062316035
0.2937525744925442
0.293901154197846
0.2940383148185247
0.2941789224871185
0.29433307677471454
0.2944655486909099
0.29467925959337093
0.29483261357605717
0.2950022152712838
0.2951782373609053
0.295298583473537
0.2953472633987192
0.2954926083500272
0.29554769002009684
0.29567642058696286
0.29583894826695367
0.29604738661087726
0.29621168773852424
0.2963533613498158
0.29649859893305197
0.2966863944661514
0.29680370375958665
0.2969249067943227
0.2970731403592687
0.29725131746435407
0.2974063118044088
0.29758362256535087
0.2977421619164794
0.297935322753876
0.2980156936306817
0.29817572604775355
0.29833758728155757
0.29848079547980755
0.2986527915630929
0.29881367207465126
0.29898267204396833
0.29915221838276185
0.29922347931333404
0.29938587660212257
0.29953733265189375
0.29971082982777586
0.2998682079542936
0.2999898184220755
0.2999967659010496
0.29998760485973797
0.3000066189791323
0.300013478113092
0.30000473711267683
0.3000386342835525
0.299994250150204
0.2999884362974454
0.29999763914759625
0.29998581873492414
0.2999726688657225
0.3000379021000007
0.3000324726337129
0.3000046108214717
0.3000039432535663
0.3000205105017798
0.30000346673551936
0.30000951808374876
0.3000108913681513
0.29998845376723293
0.30002681835729805
0.3000164513724739
0.2999987493177606
0.2999914798767399
0.3000128390402965
0.30001759102152137
0.29999026837510867
0.30000360473122833
0.2999831074183772
0.30003903392676445
0.29999276250627316
0.2999987815450551
0.3000327524396458
0.3000163045342067
0.3000099698531713
0.299986055776878
0.299986365501273
0.300003761471358
0.2999597084743124
0.3000403360449496
0.30000900405492414
0.3000168292885217
0.29998979689531646
0.3000102083145161
0.30001076400707705
0.299995772530778
0.3000026111902998
0.2999965191512757
0.3000436469030723
0.2999942639040384
0.29999416858578254
0.3000088695703339
0.3000146667825312
0.29998681966521956
0.3000067574720725
0.300044283850751
0.3000154927045582
0.2999908510703383
0.2999949469055422
0.29993929253144025
0.3000504225596988
0.3000148180776604
0.3000016842497051
0.3000364271861393
0.2999921628478561
0.29999524760224505
0.3000273326194619
0.3000281073531397
0.2999993829936407
0.29998877333522167
0.3000212682089174
0.2999927720285891
0.30009538987235984
0.30000794036358414
0.30000940448244184
0.3000596368041356
0.29999657881412267
0.29999876968662276
0.2999961699088117
0.2999903482843609
0.2999992692465394
0.30002345016704957
0.29999654665900866
0.30001120014812455
0.3000500520592081
0.3000015838327321
0.29999493393285526
0.2999991160896184
0.3000834598342481
0.29999254615181203
0.30000883580032855
0.30000559190183673
0.30000402103600177
0.3000808500552905
0.3000012535293439
0.299974342450987
0.2999806386625793
0.299919817808846
0.3000152677918265
0.30003083703622413
0.300004491071167
0.3000090490512408
0.30001484672241097
0.3000051555601464
0.3000262748505642
0.2999996915769808
0.2999959086191535
0.30002166718195655
0.29999121428809405
0.2999887053508351
0.30001016621265164
0.30000073972599817
0.2999417324926761
0.2999947001517216
0.2999732196015008
0.30003073537886227
0.29999712819058344
0.2999986336531878
0.2999597927196397
0.300081038390831
0.2999922499524986
0.2999910223198615
0.29999395637346105
0.30000801043035796
0.30000072268766864
0.299988490171185
0.2999755420694603
0.29999481708526166
0.29998857553091374
0.2998563645050847
0.29998700655343113
0.300005251119142
0.29999231468788956
0.29999624224016985
0.2999907703226139
0.29999307994867874
0.30000198387535526
0.29996517580595183
0.29999124261599375
0.30000295288063794
0.2999732162218919
0.29999566434602976
0.29995149670958765
0.29997787145300236
0.2999920637529978
0.3000014018733883
0.3000000649904516
0.3000403109575661
0.299986967016162
0.30000552427910143
0.30003710393401384
0.29997985253427595
0.3000175389719887
0.3000061042096056
0.30012227851124895
0.30004838795229327
0.30000537582095266
0.3000070151194909
0.30002478136554755
0.30000781380480646
0.30000544871226564
0.2999428970322644
0.30009213826010095
0.2999894168104731
0.3000048705384575
0.29999791119247476
0.30000022576105645
0.3000106545895056
0.3000821542951264
0.30007043039714254
0.30000976155425885
0.29997239339630555
0.2999861971971316
0.3000023270519542
0.3000014363162399
0.3000149283431449
0.30006974999926894
0.30002737387556344
0.3000028967733247
0.3000153219799623
0.3000517949416046
0.29999403227441745
0.30000459622935804
0.2999108552630648
0.30000325594178956
0.3000004148246743
0.3000014795848778
0.3000079644858128
0.3000014848669439
0.3000928200544575
0.30001156524920247
0.3000029217170387
0.2999888736543007
0.3000161075770701
0.30000463037701686
0.3000106822447073
0.30000032255651676
0.3000013718121419
0.2999548825893379
0.2999872396048371
0.30000275734325976
0.3000209113449277
0.3000103042902095
0.30000881148600156
0.30000242053121706
0.3000007873598245
0.30000851313903054
0.30003354230935664
0.3000003828474235
0.30000295010175804
0.3000021767499105
0.30001178719940447
0.30001804601697923
0.300011017752721
0.2999974806729129
0.3000114767981764
0.29999917493305917
0.3000124038371961
0.30006305478226447
0.30001170396444776
0.29997144553256117
0.3000090040064147
0.3000026812473219
0.29999273946781757
0.30002734503748507
0.2999075587849519
0.29999847308651917
0.300029815386916
0.30002359069021967
0.30000657587566226
0.3000034822097428
0.2999930459873281
0.30003349020293946
0.30001456882787025
0.2999956261775957
0.3000145442502621
0.29997566889319227
0.2999937277417145
0.30004461420226325
0.3000170524192596
0.2999988841562038
0.3000381345249955
0.29995201605821054
0.3000005612960438
0.3000025768677662
0.3000026520527924
0.30000148923812264
0.3000022502598986
0.29999116877939913
0.30002026997687004
0.3000118046870852
0.2999793089728455
0.30002643239130267
0.2999957829259632
0.2999972030945076
0.3000447936500408
0.2999931872203465
0.3000145017473427
0.3000018790206962
0.3000175171515246
0.3000059088523235
0.3000147972166236
0.2999573918429894
0.30000280162837345
0.3000084221007545
0.2999975096391242
0.2999724650482096
0.30000472909907183
0.3000171120761601
0.3000027974941273
0.299964102604273
0.3000823632514904
0.3000135861476011
0.3000133912475105
0.2999896758868714
0.3000062360453579
0.299996288039295
0.30000577797961225
0.3000081627292539
0.29994316871397875
0.29998888961018455
0.299965142638584
0.3000313429225059
0.29999271925922166
0.30003055969575054
0.3000024558398233
0.29998006677797684
0.3000119296754462
0.30000173296885313
0.300016617008823
0.3000009615611844
0.299974660725321
0.30001651027722454
0.29999144170917824
0.29992312194527726
0.2998774606748462
0.2999981324307417
0.300016215020523
0.2999820859881803
0.30000907199463156
0.30003132287941237
0.2999200672427599
0.29999302121978955
0.29999293922666337
0.3000026171148982
0.30000412102533347
0.30001647948181687
0.29998012764473647
0.30002751404934536
0.29999779979349384
0.29997008868010067
0.3000435306767004
0.2999973752251429
0.3000123232766291
0.3000315503131732
0.30000405373746875
0.29994559350655936
0.3000095033387892
0.29997585111417413
0.3000262240241741
0.30002883508737743
0.3000144294568331
0.3000224327624388
0.30003046847826875
0.30000308387248553
0.3000120873482267
0.29999529761830135
0.300004001169909
0.3000100417744562
0.2999393662421389
0.3000043730862132
0.2999999891531786
0.29996334789979784
0.299916871923106
0.3000005836703712
0.30001682874588953
0.300011701727915
0.3000080101596396
0.30000017370559184
0.29997233043646854
0.300024934776164
0.3000131400496544
0.299986836787813
0.30000893103073967
0.2999237332291541
0.29993616636980247
0.30001122194207364
0.3000322578670056
0.30001891190401897
0.2999822937048805
0.3000403604551214
0.2999955090405244
0.29999805313293426
0.29999701133698253
0.3000049967624975
0.2999489831730823
0.30004162906380294
0.30001137099013053
0.300016396121054
0.2999992883732753
0.2998519628262867
0.29996777166494126
0.3000288078131237
0.3000116264233309
0.3000480045425846
0.3000294511420737
0.300015195506251
0.3000188665402802
0.3000078991911749
0.2999954519101595
0.29993936520883635
0.3000274642350086
0.29999783915502554
0.30003799241204965
0.3000235184218014
0.3000035086333581
0.3000061662195461
0.3000328367122367
0.3000163933502723
0.3001217194089637
0.30005636837935046
0.29999452234784996
0.2999914029567282
0.3000077822638606
0.3000424572075545
0.30000226393490126
0.3000299140381988
0.2999884572789745
0.30005814667659203
0.2999883437375219
0.2999914230627291
0.30000331003434366
0.29997307486971736
0.2999886174577322
0.3000112959808152
0.29999523506762804
0.30001196780856443
0.30000134042752435
0.2999463757323122
0.3000002771948854
0.3000078949827025
0.3000312207712601
0.29999515635457674
0.29999967757938295
0.30002445385189713
0.29998992468987196
0.3000255357141015
0.30003751925953104
0.2999494355593909
0.30000389961613205
0.3000359544703942
0.29992391420354747
0.300006628541598
0.2999742019526813
0.30000237059415935
0.3000021159115095
0.3000051112637597
0.3000130430846124
0.30001547366308656
0.3000312129766112
0.2999992757957437
0.2999584198335884
0.3000502241221876
0.3000063830538299
0.30004133017386503
0.29998524176143915
0.3000290145271294
0.3000069468139329
0.3000078865098451
0.3000163643291034
0.2999824752090545
0.29997484140843544
0.3000358097084277
0.30004481305389274
0.3000847787867087
0.29995270348112635
0.2999841080524691
0.2999864987928682
0.30002019120723555
0.29987959930619557
0.3000141407088681
0.30000833454128306
0.3000045059100127
0.2999784059706856
0.3000470500624214
0.2999543750991196
0.30001523031463595
0.2999957461630648
0.30000145294922187
0.2999766111323332
0.30000572906713696
0.3000458412733217
0.3000095810635218
0.2999924576296391
0.3000066316123289
0.30000508974327755
0.2999905175452233
0.3000137902756159
0.2999923891388855
0.3000193698692655
0.29999108326610535
0.300012696367866
0.3000096731687203
0.29997589152690796
0.30004157800187226
0.3000007022078549
0.299950315849284
0.29999844768956485
0.3000018274169325
0.30005971565257483
0.2999975881750664
0.3000254544464016
0.2999907920134849
0.2999588145769897
0.2999979269965074
0.30000390814871414
0.29999620362635937
0.3000123670572131
0.300068554204986
0.30000923681631864
0.29999968127952703
0.2998712605940492
0.3000269748731421
0.3000045978365603
0.3000287628261623
0.3000263369000181
0.3000386140530382
0.2999976033588898
0.30001150191544135
0.2999062229689955
0.29996407677223236
0.30001013463191617
0.30000819786840216
0.3000103250228623
0.30006243619673034
0.29996382205087313
0.3000044119680014
0.2999880256925791
0.30001687381312914
0.2999653403845439
0.3000152581902815
0.30004653105878376
0.3000057322547791
0.30001784199816506
0.30001850499398997
0.30002110631395273
0.3000070511307751
0.3000116938056
0.300011555753704
0.30002561576591436
0.29998465097259086
0.3000057021793082
0.30000525179958015
0.30003902391580295
0.2999976953091956
0.2999142434563832
0.29999793839033695
0.3000254354251183
0.3000082685491873
0.29999964127835943
0.3000061538810921
0.3000087347810326
0.3000014372917199
0.29998782606046404
0.30008312107691415
0.30000293592883087
0.30001141921577146
0.30001049773957533
0.30000562089680005
0.30000416968604415
0.2999869132967943
0.2999904710595076
0.30001359918407455
0.3000135030026446
0.30000245587276764
0.30000387876223655
0.3000642388447182
0.2999955914424931
0.30004286438593775
0.29998684011581667
0.30000604316737844
0.30000168747743206
0.29999953737815177
0.30002303601075464
0.3000089832867814
0.2999521712241525
0.29999484916955454
0.30000302051110006
0.299989473691748
0.3000280778334339
0.2999997098448852
0.3000097286138659
0.29999818464976724
0.30004243890405025
0.3000052092694778
0.30000573635950223
0.30000492012907387
0.3000075022429657
0.3000061669546903
0.2999705195227865
0.30002601471790924
0.29999862409143874
0.29990510435468754
0.3000128867593762
0.29998981212196685
0.2999979712113481
0.29996649841102996
0.3000283437887967
0.300032621303872
0.30002535074523495
0.3000068666916468
0.30001754196148733
0.29999546772022223
0.29999944500271924
0.3001253163199209
0.30007703720985934
0.3000738891040631
0.2999939925123467
0.2999883634374395
0.30003549356462866
0.30000571129567377
0.2999576794888582
0.3000203749523376
0.30002497935145733
0.3000329526285419
0.2999970537777077
0.3000003044029549
0.30001009615270835
0.30001191280411865
0.2999964979338461
0.3000269431728526
0.2998840489595488
0.29994122962266245
0.3000121126261679
0.3000301682300941
0.29999499251455
0.3000271266074548
0.29999566043158366
0.3000162754783646
0.30004190369951345
0.30005119448720363
0.30000926196225897
0.29999058140098067
0.29998098622600367
0.2999985482119001
0.30005006813279467
0.30004766454528
0.2999957580005128
0.2999556479368617
0.3000032024936058
0.2999997077664526
0.2999941357573036
0.30000081114960453
0.3000365597102962
0.2999899274331739
0.300016500275614
0.30000544636324555
0.30000445126682007
0.29998964371771064
0.3000121134332169
0.30003505622706317
0.30005718502638257
0.29998549229054017
0.3000122129776225
0.2999972984309758
0.300025323755138
0.29999370471985587
0.2999749207513388
0.2999959220628122
0.29998430448881686
0.2999972673824488
0.3000021759361734
0.300012247876962
0.3000136100432941
0.29993851504473024
0.3000032288046153
0.3000153473511362
0.30001620998720946
0.3000019012228522
0.29999384146689234
0.2999937955983448
0.3000039168791835
0.30002857972905683
0.3000212351926198
0.2999964205738874
0.30001971614034917
0.2999965868615453
0.2999705648793155
0.30000206391938944
0.29999429894658514
0.3000047061653103
0.29995948023009444
0.30000151343183645
0.2999993054260003
0.3000206396317009
0.2999910396722819
0.3000005972297858
0.300034971344596
0.3000214145012271
0.3000037330598727
0.3000379927291993
0.3000031829702894
0.3000116431317341
0.30002948638940496
0.29999550250928375
0.2999939690189751
0.3000074324756282
0.2999950376983803
0.3000338740570976
0.3000063845478669
0.300002543030762
0.30000311730958007
0.3000056832951882
0.3000317850340921
0.3000071254015789
0.3000145210215537
0.2999936980146669
0.2999984342302572
0.2999965058306062
0.29999569481712907
0.30005540969932754
0.29999781676112913
0.3000072680519311
0.29999452186186737
0.2998633038740287
0.29993141593171757
0.30000798476485613
0.30000461820042035
0.30000529407156473
0.2999978773260187
0.2999949362642246
0.3000327605090426
0.2999984332869916
0.29999763335378826
0.3000212636177054
0.3000276658552452
0.3000060004137419
0.2999778176591543
0.30002708514041987
0.2999155784423899
0.2999810371086159
0.3000186261249421
0.300111309166577
0.3000743388091054
0.2999901776421595
0.3000282922291664
0.29995466184887565
0.30001370222113033
0.30000260371266685
0.2999935133063759
0.30004259637880115
0.3000165530363845
0.2998891024000826
0.29995850993469575
0.30000081756174335
0.3000020417276764
0.2999351994883166
0.29997830679599347
0.2999853483868459
0.30003871427070405
0.30001394785260016
0.3000081063174298
0.29999605029547893
0.3000069325648348
0.2999721130123656
0.299997303267602
0.29998902780507153
0.29999964384752376
0.30002195445904867
0.30000273167294833
0.2999011283241162
0.29998306510896
0.3000023847221568
0.2999999669344402
0.2999978693421095
0.29998062549469373
0.30000371945776216
0.29997618832625605
0.29998445817824926
0.3000341308238397
0.29999489573101
0.30001441171842247
0.299991492296108
0.2999956591878624
0.2999740522922234
0.29998212861158813
0.30000653156386325
0.3000385835325544
0.2999680928588483
0.29995635366562035
0.2999906737482767
0.3000207049515511
0.299988342025312
0.30003647394681976
0.300049141377295
0.2999968277239231
0.30001115643382503
0.2999996622329406
0.30000425702586375
0.3000423494019204
0.29999928555381417
0.2999533556348455
0.2999957123661735
0.2999869863785254
0.29999850773960146
0.30000680442189775
0.299998422769549
0.30001161053214354
0.29999661961288093
0.2999902126340641
0.30000392522156716
0.30000222185896663
0.29997705392150154
0.30002367524961093
0.30002847848380365
0.2999564778983571
0.3000015607495582
0.30003274301256844
0.300033840794104
0.3000118092509464
0.3000301176742455
0.29999139828917454
0.2999854924040344
0.3000267584892301
0.30000838096622084
0.3000141636038576
0.30002041407573776
0.29994128331496284
0.30000372488233673
0.30001087649855895
0.29999758823568023
0.29998388432349843
0.29999980479760235
0.30005795679780334
0.3000249826287186
0.29998735208230376
0.30000357210394746
0.3000152550470392
0.299999868633974
0.3000011066901739
0.2999935255299008
0.3000100449848234
0.30001305518056887
0.29999593763223587
0.2999953928991407
0.30001865836221053
0.29999236739531643
0.3000298512176909
0.3000005862016306
0.3000021011275501
0.30004904916944075
0.3000120855305429
0.3000003589284036
0.30000582038178336
0.30000129872496695
0.3000058494415486
0.2999789476442203
0.29999850831183483
0.30001774961065375
0.29999700755124137
0.3000029708251243
0.29995704260399736
0.30000225862964136
0.299970230915498
0.29999633572571116
0.3000215551147004
0.3000116809955433
0.30001494259743766
0.3000158243194805
0.29999736167358537
0.29998052942850173
0.30003041425913335
0.2999710653465243
0.30000586944257435
0.3000014216979138
0.3000392401582552
0.2999836058505295
0.29999598744145883
0.299948319658098
0.30002411245001126
0.3000152508172541
0.3000189648974029
0.30001430395169193
0.3000022222915748
0.30003082045855356
0.30001666002897986
0.3000127352742461
0.3000341404744358
0.3000307744821147
0.2999889451894949
0.29999870720076127
0.2999937566579026
0.30009633987563744
0.30003603114867106
0.30005986551392116
0.2999933501496064
0.300012130258673
0.3000294804879625
0.300037093521614
0.3000027139059741
0.30000078171953204
0.29999678006612396
0.30002670888276084
0.3000377401454474
0.30000008349503504
0.2999946397383043
0.3000035209580144
0.30001919830629387
0.29996342115795804
0.3000120615229045
0.300029358463236
0.30002108427414154
0.30002745280320486
0.2999940967145739
0.30002718748628154
0.3000017192789495
0.30000692837663945
0.3000006629670149
0.30006674420051294
0.2999962565727057
0.3000009192234391
0.30000645165815865
0.2999982741221985
0.3000161460536047
0.3000102079810961
0.3000155196768125
0.300031764641864
0.30003485737049873
0.2999963349316903
0.3000132090673312
0.30002626939161803
0.30001513648779554
0.3000099075025937
0.3000004843911891
0.30000276502211765
0.30000343657135375
0.2999902246439313
0.30000708888590155
0.30001100921790336
0.3000033597269993
0.29999687745007464
0.2999926221319559
0.2999971944032809
0.3000005709631799
0.3000396712210113
0.3000417674973288
0.29997044237195347
0.2999966314439144
0.29999041273853266
0.3000027745573295
0.30002196659899905
0.300005175474911
0.300025260948226
0.30001235959737915
0.2999945637958603
0.3000201278582014
0.29996826198572146
0.2999970788025883
0.299994367863882
0.29999775342734847
0.29999492231346103
0.29999665981085344
0.30001198485068614
0.2999717429791213
0.3000034574142957
0.299995773920982
0.30007024091194934
0.3000017320776158
0.3000023496372016
0.3000198501229411
0.30000394631532235
0.3000036919319228
0.29998390369518657
0.3000121963278053
0.3000607495338644
0.2999949852795458
0.3000625910889323
0.3000261719348142
0.29998981286695137
0.3000303676611016
0.30001224781948355
0.2999883078623454
0.30001504411721036
0.30002280844757223
0.3000022102498805
0.3000132183133166
0.29999702368094705
0.2999951224153399
0.29999859671793816
0.30001328902628976
0.29999762993165435
0.29998301940762495
0.2999999035826566
0.29997124440730916
0.29999781562358907
0.299995579507516
0.2999927177350432
0.2999968097349066
0.3000611766439545
0.2999878792427445
0.30000356507116566
0.2999998045741552
0.30000153590051726
0.3000277453019674
0.3000210259346844
0.2999778289730717
0.3000090410192914
0.29999903790438454
0.3000080786404692
0.29996614024690704
0.2999984200035639
0.30000239221302516
0.3000011165723955
0.30000642586208004
0.29999712531922085
0.3000033794845347
0.2999802780322025
0.30007831398855866
0.3000025267981351
0.2999986702600488
0.30004151420475256
0.2999701029774732
0.29997813494745706
0.3000199159604888
0.30000000903066526
0.3000056684116852
0.30002684276844893
0.3000035468569201
0.30004893570138436
0.3000277150458932
0.30000285394562975
0.29999362683437414
0.3000294195169736
0.29993613501995076
0.3000072359204281
0.3000028119289242
0.3000095639733589
0.29997537942485286
0.2999974096077833
0.2999885192383013
0.29998666222400694
0.3000409927214427
0.3000012130679165
0.30001175835197735
0.3000203772510672
0.29999904428166413
0.3000044741500698
0.2999792131902743
0.30000680735047025
0.2999974878993419
0.29999521988704325
0.2999333465204981
0.29999343481547924
0.3000411854718943
0.2999941369679606
0.2999766795259675
0.30004682596289123
0.2999999003038335
0.29999987842436937
0.29999954275532725
0.3000028764047866
0.29999767719926074
0.3000019549295577
0.30000083749422257
0.2999986729337877
0.30000354790951245
0.2999917679425542
0.3000070581646901
0.3000011036441894
0.3000029229719925
0.30000415856538576
0.30000429348340996
0.3000306436822119
0.2999961145298865
0.2999942898568876
0.2999787307569829
0.2999815009686321
0.3000337661240218
0.2999972689571201
0.2999809577461918
0.3000044610401529
0.3000059409371777
0.3000399897560265
0.29996106849108983
0.30003147429569677
0.30004184283143087
0.3000141126727425
0.29998735997738046
0.30000354889266456
0.299987846485529
0.30010875865099007
0.30001436314436036
0.3000001088848805
0.29998031905920064
0.30001819402220176
0.30000006027684645
0.30002785024633805
0.3000034580496579
0.3000415073837992
0.2999681778013069
0.29994821210299927
0.3000009542778471
0.3000279090241367
0.29999829352174723
0.2999923284678775
0.30002247721288366
0.3000005006306401
0.300020852246628
0.30000061797214506
0.29999106501435935
0.30000133063932455
0.29999685929004116
0.3000005657490209
0.2999558606308893
0.3000068764349577
0.2999554636868481
0.2999945799594965
0.3000146099928922
0.2999940525310347
0.3000063793044223
0.2999753434127579
0.30004736851984015
0.3000410023834128
0.30008471532826075
0.30002940877591155
0.29999108009754305
0.2999873899214338
0.30006695867306776
0.30002162146485634
0.3000204987963929
0.3000240461615913
0.3000136047861174
0.2999720214155497
0.29999802799922326
0.30001850177563905
0.3000119949491684
0.2999738425675983
0.30002023013975854
0.30008142143042393
0.3000970314317287
0.30004903896194435
0.3000056797738023
0.29999783774961786
0.300001490322119
0.3000488922823782
0.30003878467339207
0.30000176925813793
0.30007287038560615
0.30000586110253824
0.30001000314040116
0.3000055047089869
0.3000000277860433
0.299998591543167
0.3000017520911764
0.3000297548999662
0.3000171077618179
0.2999650912607096
0.3000108544101787
0.30000520582605195
0.2999974310028647
0.29999903449409815
0.3000333037852497
0.29999309011746356
0.3000427847774727
0.3000227839187444
0.29998877786218536
0.30001770874505496
0.3000263810981809
0.29999622700050643
0.2999591024929581
0.30001544788837076
0.3000011410113945
0.29999727241866314
0.300006833257239
0.30000098123544916
0.3000039805523842
0.300041208866649
0.3000424331294015
0.29996068332886516
0.3000155698807023
0.3000011938448015
0.299998670981362
0.3001331340468818
0.30011107571749895
0.300110351075628
0.30008317616678815
0.30005212214074983
0.3000306265402718
0.29999799883420175
0.30003142307406694
0.3000199472971794
0.2999956430467443
0.3000359448048838
0.30000314491436053
0.3000025444710983
0.299973634174583
0.29998023673783125
0.30002668324088966
0.30000187700466996
0.3000184977553241
0.2999912328643495
0.30003057544038814
0.2999218576600313
0.29996163586240265
0.30002203457981
0.3000043126297177
0.30003053024456083
0.2999935490065502
0.2999794320225744
0.3000036764236722
0.3000120219327017
0.30000456417401267
0.2999701138180748
0.29999686134091086
0.30000436437909195
0.3000161521945215
0.3000036040895706
0.3000080182655145
0.29999734292203095
0.2999938570537529
0.3000176792342668
0.30000247346344255
0.29997526532419216
0.2999964304903163
0.3000444937303285
0.30004913660439414
0.30000374832794097
0.3000002767046337
0.30004793967026966
0.3000427728158125
0.3000148384552994
0.3000722704794706
0.30010742128972734
0.30009088734913913
0.30001850063877844
0.3000557524389367
0.3000054217253151
0.2999950726034878
0.3000258627988168
0.29999346067508814
0.3000026944311456
0.2999970388908204
0.29999756636425856
0.2999733315288121
0.30001166880803043
0.3000302238669519
0.29999616044042365
0.3000414798875868
0.300042769584942
0.30000369601480936
0.30003414819465746
0.30003700708582826
0.3000324213878939
0.3000146424631478
0.2999852350797826
0.2999960782618314
0.30002059966688155
0.3000205226168856
0.3000198916741913
0.30001501650273865
0.29997990411072695
0.3000073320914638
0.29999806965048736
0.30000586454948097
0.2999961190273802
0.2999656801122751
0.2999594908048073
0.30001858714003304
0.30006178993496724
0.3000291093676434
0.2999959776266906
0.3000045788505564
0.29999989632656543
0.3000038989241407
0.30005255681153564
0.3000293832045219
0.3000014639683184
0.3000029190712368
0.30000245448634444
0.3000058050031902
0.30001765275566417
0.30003993857845734
0.3000440497505211
0.29999671908696857
0.30000452770525876
0.30000201150267114
0.3000005051027993
0.2999996213536218
0.2999984307540342
0.3000064886005448
0.3000011301657991
0.2999909708726699
0.3000308028113835
0.3000334850661679
0.2999741806829561
0.30002945463253516
0.2999749948969612
0.3000615216854906
0.29995975020195575
0.29999673338088606
0.3000117684849444
0.3000105731829119
0.3000087404475723
0.29999660031736153
0.3000091756043458
0.30000150987791685
0.30000004972607575
0.29999990325963777
0.2999959465393367
0.299992747777286
0.2999961198376656
0.30001058634113953
0.3000012173825931
0.3000114006489003
0.300021980656629
0.2999959371811214
0.300022790145164
0.3000144712228989
0.3000109018621938
0.30000412428684764
0.3000268885098242
0.3000142220348244
0.3000086807747663
0.2999929472093674
0.3000257325178999
0.2999516932194638
0.3000029021649794
0.29998761034905996
0.3000004790853895
0.3000019402524473
0.2999955447650249
0.30005009464354326
0.2999926192944815
0.30003947980061973
0.3000606093619642
0.2999991801408479
0.299991112565997
0.30000927816653356
0.29995951335048054
0.2999571387649096
0.29999202802505076
0.2999032143121332
0.2999469675662215
0.29996746886126424
0.29994636683740517
0.2999893916820403
0.30000234816634275
0.29998718375544875
0.30006531526012425
0.29999935972647884
0.30004913315068626
0.3000165456382716
0.29998102199178367
0.2999965891794051
0.30000538062455084
0.30002562512249986
0.3000011270637938
0.30000597667531237
0.29998585728086413
0.3000115190777699
0.2999895857227489
0.2999797252077737
0.29999724053637145
0.30000007251813865
0.3000012960378773
0.30003598336451587
0.2999919628753821
0.30003267887212215
0.30001616748461457
0.2999954245602173
0.30001987369304095
0.3000231089255886
0.3000112876855715
0.3000010891745337
0.3000160072148722
0.2999965722343124
0.2999991764935729
0.2999869156246133
0.3000294251543488
0.3000162239783193
0.30005201987355623
0.30006361394237935
0.3000486505484564
0.29999448074220747
0.30000097701146267
0.2999991288242321
0.2999230095705009
0.3000201277086453
0.3000016942407059
0.2999915273270348
0.30000041656568577
0.30003277198628675
0.299996828729892
0.30000491042957145
0.299984575716293
0.3000257080319979
0.2999799737024831
0.3000027840570334
0.3000455034438978
0.29995418718627975
0.3000040281066928
0.3000300494260174
0.3000243528518085
0.30000032746884997
0.2999693993572339
0.3000639931532516
0.30002776268113285
0.2999804462911293
0.3000207185701781
0.3000118408168795
0.3000061766260005
0.2999965204381474
0.3000635329228485
0.3000182055888976
0.2999940412171539
0.3000264458834183
0.29999295523681824
0.3000341252368143
0.29997760707826826
0.29999525542336203
0.3000124278406171
0.2999988158415102
0.3000016337373711
0.2999914697065009
0.3000230349286447
0.30002176789910506
0.3000416047391635
0.30000202133949516
0.3000110074242507
0.3000024999463118
0.30002982963447955
0.3000610254715399
0.30009856679064395
0.3000341960321131
0.2999943283270313
0.3000007779433148
0.2999629897696935
0.3000033438668941
0.29999990514742125
0.3000187627578522
0.3000009931516321
0.30001548249188026
0.30005297283705823
0.3000295079296257
0.30002550885472545
0.29999592306488854
0.300003643446052
0.3000399575663587
0.3000037428394223
0.30001980189679434
0.30003249560286394
0.29999662116052017
0.3000070773011547
0.30000583240177237
0.30000773935556324
0.3000561790763089
0.300002366342472
0.2999552358556665
0.2999676627099297
0.3000659500338462
0.3000358366759017
0.3000006190840393
0.29999971264936776
0.2999930738749006
0.3000041708220097
0.30005347474257704
0.30003201814321867
0.3000251667805993
0.29994812935791915
0.30000621253174176
0.2999702237941072
0.30002177151410114
0.3000460907202708
0.2999786149316571
0.30000330697320743
0.3000204689645436
0.2999713146836853
0.29998684145870624
0.3000115245298497
0.3000049124156303
0.30000527174967895
0.2999916837944523
0.2999902613295061
0.300014772997497
0.29998253350507176
0.30006482393846357
0.30004100702761205
0.30000207730361117
0.3000195429598079
0.2999871358326405
0.30000864301589547
0.300003552148404
0.2999984601042637
0.2999955969550967
0.3000350435740359
0.30003199530318136
0.3000061143687408
0.30000547402322886
0.29999403582407524
0.30001906934376743
0.30001605746437576
0.3000020524994068
0.3000274693801386
0.2999971915711648
0.29999003403444713
0.2999978549009872
0.2999987774977668
0.30003553007663997
0.2999938826706674
0.30000845163734546
0.30006555257347867
0.30004989285935224
0.3000975372568976
0.30005219723689147
0.3000469025524918
0.3000085062591866
0.30001520938029436
0.3000002562189199
0.29999509087866183
0.30001151605174525
0.3000027833875062
0.29997756670198605
0.29999533651031274
0.29999794167846283
0.30002502301380096
0.2999963836530166
0.3000338679307898
0.30003551179618904
0.3000629862515287
0.2999713596015249
0.3000070146087178
0.29999119398437046
0.3000149594443283
0.300004612464418
0.30006980826061647
0.3000273106221819
0.3000042854301498
0.2999958682280639
0.30001042114225274
0.2999880878188079
0.30002777227245014
0.3000292551762045
0.3000685241172938
0.30002687991413524
0.3000191517162595
0.3000063044286928
0.29999228454497906
0.30001667597492765
0.3000160958101086
0.29999680972922216
0.29997087229484576
0.30000701997013357
0.29999905102745483
0.2999864484079795
0.30002174986371644
0.30003774328782784
0.2999682205077193
0.30000247783841727
0.30003110986929105
0.30007172405216365
0.300051648557513
0.30005568964687646
0.2999714592057463
0.30000626309578593
0.30001696244112397
0.3000558256944297
0.3001204711727984
0.3000891595244467
0.30001740765068674
0.3000119316783324
0.3000157861804088
0.3000056212236857
0.3000012735979143
0.29997290123658293
0.3000145171850428
0.3000061155915663
0.2999942332950416
0.29999981560751854
0.3000077150955124
0.29999913587295535
0.3000177659625398
0.2999986972489107
0.300002016125851
0.30004956555106244
0.3000382290941165
0.29999780914966034
0.29999926247905684
0.3000112499949913
0.30007416864123326
0.3000403963644275
0.300021179164474
0.3000443182675173
0.2999985437608437
0.29995101001757674
0.29999458741881246
0.30005749192654474
0.29999766653187687
0.30003167397322095
0.3000203300143096
0.3000132089203248
0.29998318037346994
0.30002096657610344
0.29999851424555224
0.30003400699057836
0.29999568657149833
0.2999995367445023
0.2999750518654333
0.2999906320588037
0.3000008241750428
0.29999672870613625
0.30003345311410223
0.30000543304286054
0.3000077914556112
0.30003134347258376
0.299998282010268
0.3000018760129869
0.3000917482267361
0.3000601882731656
0.2989337483043619
0.29898858667832384
0.29909029708062906
0.2992330685372505
0.29930873270039626
0.29941486733974054
0.29949229849987336
0.2995104222737702
0.2995446773720636
0.2996547698955886
0.29973338021756635
0.29978194146470194
0.29985040230308346
0.3000198775256372
0.2999941337271116
0.3000024975937946
0.3000114439570323
0.2999991562873253
0.3000403843219488
0.3000291915844052
0.2999150253599725
0.29995650888299685
0.3001180792732858
0.30011805709476413
0.30003701902208624
0.3000595489123994
0.30001385563582983
0.29999790219106093
0.30001068834514677
0.3000263985792443
0.29994213053377994
0.3000737937642438
0.3000701609500752
0.30008852289394283
0.30003363456992904
0.29999935649598264
0.30003653543083453
0.29999713724179744
0.2999904365603866
0.3000408244710706
0.2999930345761217
0.30002997610694604
0.29999171076567765
0.30000234273993487
0.3000574993869439
0.29999192936192076
0.3000152306563476
0.2999998853774374
0.2999979245017709
0.3000046540771115
0.3000146223809813
0.2999981728670096
0.30000538326288384
0.3000031114898378
0.29999867699363014
0.29995284599763916
0.3000111661152747
0.3000007122658993
0.29998379897313043
0.3000126357574311
0.3000175521728381
0.2999063517185194
0.2998825737828631
0.29989925824406627
0.29991943778242036
0.2998728230695301
0.3000070161497874
0.3000164781298428
0.3000386546153747
0.3000333862596456
0.29999580131125125
0.3000186762136505
0.29998763577348897
0.2999192449506166
0.2999859937062319
0.3000184300217058
0.29999902078082274
0.2999928304854661
0.3000032613322057
0.29999691822119323
0.29999898482496734
0.3000130519753986
0.3000258901543802
0.29999518502845424
0.2999961975305554
0.3000185435580204
0.3000216174253497
0.29998876193939117
0.29999121285536834
0.3000038082116865
0.3000461405525384
0.30002143463860587
0.30000943309918227
0.30002304434980365
0.3000587364313493
0.30005968409027217
0.30005851637454883
0.29999074746899834
0.3000029096944786
0.300023304439035
0.2998968172435905
0.29998199827866134
0.299882253356638
0.2999682865384685
0.3000477842215732
0.30004070912174097
0.2999862793103164
0.30001014060569386
0.3000257614225639
0.2999973748105479
0.30000014081329474
0.30000125316615
0.3000007542066664
0.30006394389575497
0.2999959563456409
0.30001236496892314
0.30001205925928476
0.2999828803649791
0.3000121118788006
0.30003897522712375
0.30000882312421906
0.29994394047421746
0.3000128397784967
0.300005174952899
0.3000109067976452
0.30004217187387117
0.3000824193749302
0.30008400972948757
0.3000097085376616
0.2999985315320438
0.2999881276186691
0.30000115342501354
0.2999983094008969
0.2999614412378335
0.30000338283078554
0.29999820433241486
0.3000016349108944
0.30000271936200895
0.30000321597551294
0.29999777704317854
0.3000047638553778
0.2999135013025368
0.29994220650545933
0.3000192597379938
0.3000625445666101
0.30003094514636885
0.29999016322429883
0.3000030588308912
0.29999269725563693
0.2999955034377856
0.30002571341324535
0.29996807827933203
0.3000078875704243
0.2999675849104051
0.300015039455482
0.29999711362429127
0.29999575917823806
0.3000095514064067
0.3000042139019984
0.30001298047412917
0.3000411416609329
0.30001610538830026
0.30002112783197177
0.3000048691314495
0.30007028053052187
0.2999985532424526
0.2999978439247454
0.30003322327885684
0.2999967270463134
0.30002442643858385
0.30003751766313125
0.29996479695607703
0.29999887672934633
0.30001481606378555
0.3000403829276075
0.3000710176508232
0.300071023235303
0.3000283596765455
0.3000058476339701
0.3000207379743475
0.3000010360272678
0.30004223889799697
0.3000242924278095
0.3000173822481492
0.2999941556562632
0.30006288648784263
0.30002885366732024
0.30005952465299823
0.3000547346845239
0.30000460348118785
0.300068408374649
0.3000214128333526
0.30002573935080645
0.2999957747492352
0.29999560290993743
0.3000054554796
0.29999653524541914
0.30000840235153114
0.3000092312138404
0.3000024582980131
0.3000351260736922
0.30000510212032083
0.2999984057192989
0.30003022199444507
0.30002630492386884
0.30000044717558605
0.30004559767310346
0.30016331657634354
0.3001011719342763
0.3000587243998848
0.29999954753972813
0.30001544412807857
0.3000353507593436
0.3000300727504821
0.3000195818646463
0.3000238205013882
0.29999017597551425
0.3000015585012098
0.29995892056336815
0.3000014358958746
0.29997098547639556
0.300023473392651
0.300057150924802
0.3001257001527481
0.3000897430253676
0.300044420313079
0.2999926853480692
0.3000383038102138
0.3000371286506601
0.30002664610635277
0.2999993086604865
0.29999497754309234
0.299977212719048
0.30000188847462683
0.3000093783586463
0.300011956003449
0.29999801871011655
0.30001282415995034
0.30005937597212695
0.30011961122952624
0.3001100004472842
0.3000739807077609
0.3000198787284941
0.3001017983277101
0.3001283946236629
0.30014036674334743
0.30009533500356855
0.30009926581593804
0.3001448671819513
0.3001139645694625
0.3001677103999305
0.300167704584113
0.3001742159025784
0.3001292573940584
0.300068687437139
0.30014739274118385
0.30015768855943903
0.30019276840565035
0.3002313965116614
0.30018563753555605
0.3001949287840393
0.30017073732087507
0.30009804727611056
0.3000541934856109
0.3000312402500689
0.2999963075072971
0.29999692716918047
0.3000541981693321
0.30000274184255127
0.3000332198991551
0.29999480411630786
0.3000992571894776
0.3000536210954481
0.30002198660762625
0.29999439495875024
0.29998407589390697
0.30002830689877724
0.2999883530402684
0.29993675560205235
0.2999796410613964
0.29999602533158565
0.2999506255611929
0.30000110734297825
0.2999729763397836
0.30001736520695477
0.3000247141512785
0.30000442332994426
0.30000076382146235
0.29995932390223456
0.30000713666300316
0.29999928346706684
0.29998097872620444
0.29998502625915047
0.30000398972222786
0.29992831667866326
0.3000029879473791
0.3000001365599616
0.30001636005006505
0.29999368565797946
0.3000627111940859
0.3000403903075919
0.2999030659737475
0.2999870446990499
0.3000254140127834
0.30005383802973273
0.299996241370609
0.29996825733366295
0.29987759676072123
0.2999651435388476
0.30000378092046753
0.30002861836848993
0.29999525672175986
0.3000105272099449
0.3000155654094969
0.30000295176319014
0.30003160098091386
0.29999968923029263
0.3000578426248851
0.3000360615793488
0.300001235382506
0.3000085025837159
0.29995840288311026
0.29999718331893244
0.30000997227602555
0.3000022665791092
0.3000102753013174
0.30000105388142695
0.3000640112604297
0.3000041586442592
0.29999994737308144
0.3000021207271174
0.30000053176038743
0.3000427150392153
0.30001943452027524
0.30001606721436236
0.29999915760180595
0.3000357375598094
0.2999960450849435
0.29999949518368496
0.299989888359096
0.3000222645053022
0.3000164801406854
0.3000029166921909
0.3000174811332911
0.30001063226622915
0.2999804537734858
0.300002804205882
0.30000235694562205
0.30001202459598986
0.3000271195047248
0.3000196324990293
0.3000575251841383
0.30006624423890504
0.3000784208034678
0.30009571818765324
0.3000544824980127
0.29999076043338646
0.3000065092142189
0.2999911424356996
0.2999123699588372
0.29997142500163565
0.30000222901716644
0.2999369010098868
0.29998717066401615
0.30000551796203656
0.299969170683705
0.3000568703674885
0.30002551194142335
0.30000361939011333
0.30000451516594084
0.30003002443378135
0.2999977667759446
0.29999311385890426
0.30002927969926463
0.300003175812792
0.30003266217582536
0.30000485123187837
0.30002923203849063
0.2999902440753667
0.2999709556245276
0.30003381344653335
0.2999938101194942
0.30004363145402857
0.2999959742628747
0.3000067886856148
0.300033567572326
0.299995329400635
0.3000297678782373
0.3000438087053918
0.30003616071682593
0.3001180360707867
0.30009278405734063
0.30000340581553075
0.30002426691919537
0.30004424624834547
0.29999645085827154
0.3000477750759928
0.3000008752532485
0.2999971562143907
0.3000036886649925
0.3000219548146428
0.30000031345732137
0.30004238983280207
0.30000265685387995
0.30000712719526756
0.3000826224441203
0.300028462659217
0.2999558800741581
0.2999482794367465
0.30001464094575103
0.3000337789291928
0.2999892724496698
0.2999842513433485
0.30000127928734
0.30003172616559026
0.3000339862014435
0.29999947668600324
0.3000410994699598
0.29998859572446046
0.30003028941371945
0.30002578583451056
0.30004143154048857
0.3000448793850098
0.30003314249794666
0.29999342560954834
0.30000180523230446
0.300004694352373
0.29993656304897565
0.30001312497110966
0.2999936972613896
0.30001077440944224
0.2999500747003683
0.29999908805858555
0.30001717221973856
0.3000857992614189
0.3000057636268356
0.30003789972031225
0.3000007017366779
0.30000120390314167
0.30000559064148313
0.2999850578662224
0.30000687239653945
0.3000044712563217
0.299977249194076
0.3000052867603682
0.2999964174394686
0.30002264686561486
0.30003092441877777
0.30004502186093907
0.30006637340597997
0.3000999707814166
0.3000660152184015
0.3000857638492115
0.30007560545481005
0.3000493805187199
0.30010965953245505
0.30011861706245624
0.3000884934348096
0.300101964845255
0.30008695682223663
0.30005483010738565
0.30001792180534126
0.29998600102091055
0.29999679117921974
0.299993408325374
0.2999974787453916
0.2999976079723693
0.3000513127291201
0.3000494747064124
0.30000526707800246
0.2999955197103933
0.30000099590354024
0.30002100621593564
0.3000064831642669
0.3000529781516399
0.29998080303220487
0.3000584458763573
0.30001343583724416
0.2999856317712969
0.29999820384853304
0.29999731393742723
0.29999895517923425
0.3000027223990054
0.3000200649121618
0.3000024357114146
0.2999983348980729
0.299982446066666
0.3000152322501183
0.29999174569249376
0.30002821404824964
0.3000650694338348
0.30002414222425144
0.3000066752474895
0.299989963845401
0.29999908470134373
0.30003744333241045
0.30002112271408254
0.30000091975631005
0.29999989136282856
0.29999973372005573
0.29999706729715436
0.30000711870405083
0.30001850399809227
0.3000267389352106
0.299995615306924
0.2999564498643392
0.2999984727001471
0.3000028133997228
0.3000662341137975
0.3000736692213076
0.30002340471990163
0.3000112013324513
0.3000145052936197
0.2999997169895574
0.299986969345856
0.2999977923873006
0.2999968538266926
0.2999994067173505
0.3000278914512109
0.3000227015737863
0.30000678167713957
0.30000322061208684
0.30001999856808137
0.2999321521921188
0.2999973885519245
0.30005335118922793
0.299991083224719
0.3000023093830222
0.3000017183482556
0.299952718338543
0.30000163358541165
0.30003659874683497
0.30002661263229
0.3000043468592255
0.30001542217975463
0.30002806410750726
0.3000069127499778
0.29999824659536056
0.30002938866322426
0.2999978875000727
0.3000051256689247
0.2999806034772242
0.30000098463514957
0.2999455816884137
0.30003682557890865
0.300039074795311
0.30004240917519054
0.30006784075348436
0.3000495018825384
0.299999153349515
0.30001658844461665
0.3000214931996944
0.3000201039187289
0.3000038053316365
0.2999536702355359
0.30000937931865324
0.300032973662536
0.30000370102665475
0.3000002962622438
0.29999302618265755
0.2999895739873202
0.3000215670123134
0.29998984683820873
0.2999981232728707
0.30003106483486053
0.29999948545995436
0.30000149928554487
0.3000269936019929
0.29999947231877977
0.30000761950048815
0.30000999941810935
0.3000002677903899
0.3000087711769982
0.30000823944085997
0.3000428618183476
0.30001687348685036
0.300000637956529
0.3000338159305972
0.30001682053231016
0.29999569067109033
0.30002620643628064
0.3000074642607964
0.300003786459042
0.30000507556014766
0.2999968209209827
0.3000032146108216
0.3000127430220999
0.30003094503245265
0.30002996886804556
0.30008288807429995
0.3000550719379378
0.3000287085320906
0.3000490317282747
0.2999979610093062
0.30003439559092704
0.30000386282179126
0.299997975596642
0.2999938717928762
0.2999598480525446
0.29996912403150566
0.3000012724539921
0.30007856379282627
0.30007483228378684
0.30004855205243797
0.3000349528792924
0.2999971677482871
0.30000340481492327
0.3000676930703092
0.30002653307459304
0.2999966155203808
0.3000178865630263
0.30000830162324643
0.30010347916794156
0.3000544850897937
0.3000138600423422
0.3000008992297083
0.29999999082600115
0.30000250639115056
0.30010980617085936
0.30005742595310436
0.3001004850114033
0.3000787741664198
0.3000351604158885
0.29998869380344073
0.300001689192262
0.30002882962594923
0.2999872195383845
0.30003647091490615
0.2999417278192924
0.2999837468680947
0.2999937167227287
0.3000459818027166
0.30002960225542885
0.29999602824714544
0.3000004180799247
0.3000202450210351
0.2999993023918952
0.3000035896655697
0.2999951350928488
0.29999469606055706
0.3000128517962273
0.3000307783245839
0.3000381990178056
0.300041391787609
0.3000373258552529
0.29999518781653634
0.30004026519042104
0.3000262355984974
0.2999815925517626
0.3000062997097518
0.3000435318795178
0.3000101169990306
0.3000249495691425
0.2999553422832846
0.30000186231176895
0.3000002907831526
0.2999900694452611
0.3001016087246232
0.30012367880149005
0.30016312040481885
0.3001677374008196
0.3001126714223623
0.3000743503113604
0.3000973032621784
0.30009553288945834
0.3000432139533481
0.3000149557235069
0.30001778596042894
0.30008245681455625
0.3000338710953039
0.30002398951334963
0.30001670010751114
0.3000037429015845
0.30004539603258296
0.30000376831413345
0.300002064503056
0.3000119654328198
0.3000509546032645
0.3000470006160111
0.2999973207225397
0.30002078000234034
0.3000066468593646
0.3000094046876802
0.3000229376484945
0.29985071702484956
0.29990790125994826
0.2999517864527651
0.29999099553841846
0.3000278348098775
0.2999972700718536
0.3000016932201346
0.29999867614268383
0.3000151785913464
0.30002428625830546
0.2999972172379367
0.300000035351744
0.3000522970285009
0.3001701926265794
0.3001180320299581
0.30011026239596417
0.2999603209499476
0.30000398184862853
0.3000050659319077
0.29999969758570155
0.3000337459999203
0.30000522321580614
0.30002004595500564
0.3000138250182378
0.2999763632258985
0.29999788282388296
0.29999542331738793
0.30000489489646576
0.30000737505289043
0.2999721104422959
0.2999947527385306
0.30001706634357816
0.29995930284764305
0.2999924074891027
0.30000989941269396
0.2999895914901636
0.30018370836882013
0.30010528866977737
0.30012917310914733
0.3000797501319522
0.30004841355537304
0.30002761215175977
0.3000249471767218
0.3000030908042016
0.29999701614732555
0.2999977454661531
0.2999444789915391
0.29999349415390686
0.300025692454044
0.3000081275601637
0.2999971134734807
0.30002799614680853
0.2999988872475037
0.30016824940067055
0.30014051432746436
0.30008963710033054
0.30008322420066813
0.3000207518611153
0.300051493000528
0.29995992189022924
0.2999696038003309
0.30000832881108597
0.29999829690979496
0.2999945175521208
0.3000290863979067
0.3000032643323617
0.3000204602841845
0.30003949767450167
0.29999788904879543
0.30000155081496205
0.3000155286295282
0.30000154509006915
0.299995744464693
0.29998829363067425
0.30000443252022024
0.2999935497682612
0.29999172752731995
0.3000440298844831
0.30003954053820703
0.2999920301564617
0.30002308443400294
0.2999997715363929
0.29999866216774174
0.29999823426569905
0.29999697580949636
0.30000023461208714
0.30000068200665053
0.2999912739066133
0.3000022643130771
0.3000044159199865
0.29999598404379035
0.30000338456722253
0.30002383970212465
0.3000383450265266
0.30000912292928616
0.3000288157208596
0.30002758859777645
0.29999934363254155
0.3000123580386779
0.30005729297126593
0.30001802096645713
0.299998491600197
0.300021052496418
0.30002676700187547
0.3000047854387161
0.30005082263915483
0.3000424602051054
0.30003941457864003
0.3000050003066135
0.3000142741008588
0.30000875689479745
0.3000368467553356
0.3000457141273989
0.3000368578666742
0.3000602452800596
0.30005959312940067
0.3000231591425965
0.30002398274143993
0.3000289053810836
0.30001283891471375
0.29999810628840906
0.3000495782165423
0.299999038614182
0.3000131142201832
0.3000049967489179
0.3000667329157263
0.3000297849683822
0.2999846777896532
0.3000017944515804
0.29999646845191974
0.29999657830410764
0.30000852429525127
0.29999778462708204
0.29999957565100044
0.3000022751129271
0.2999969214386158
0.30006737998226185
0.3000571080046496
0.3000118140881284
0.2999998609211829
0.299997000913499
0.3000247570854997
0.2999661333275615
0.30001814093220946
0.2999502187052395
0.3000051158867848
0.3000124971287603
0.2999404465535245
0.29997648350277784
0.3000003321812367
0.30000286389252906
0.29997188288166055
0.2999989338678266
0.29994962482576404
0.29997336206030023
0.300024710647659
0.300021492273439
0.3000570952371876
0.3000458237804504
0.30003351424629676
0.30003019467696723
0.3000369679741992
0.3000177165627459
0.30000627770293553
0.299999725488755
0.30007738312254806
0.3001184065868081
0.30011957174110415
0.3000939944710065
0.3000582573916559
0.3000239202145627
0.30000007185745525
0.29999884787295783
0.2999937277317679
0.299982637352881
0.2999491915699928
0.29998814483504677
0.2999785017778275
0.2999977035675827
0.3000420779897365
0.3000392945248449
0.30005657315622813
0.3000433417724815
0.3000003174360224
0.3000204764798572
0.3000198442648393
0.3000310409275466
0.3001281296391878
0.3001255263836896
0.30004901490471514
0.30001241512415333
0.2999262263318605
0.2999690127613741
0.30000629264541934
0.2999968998859698
0.2999994827084632
0.29996191327540844
0.2999973838240163
0.30001781061670574
0.30001290889741106
0.29999962466129215
0.299997320079433
0.3000209005887964
0.3000589624193898
0.2999978443786463
0.29999314244444386
0.2999997629820438
0.30001721418707916
0.2998728785350788
0.2999390601647093
0.29999499418773046
0.3000009111324927
0.2998687813592794
0.29993573981802735
0.3000055505276261
0.2999814202283444
0.30002997297126965
0.3000158507136561
0.3000121822437698
0.3000090937398454
0.299999932902166
0.2999989598253783
0.29995938255184385
0.29999995743765406
0.30002737046042605
0.30004886903462524
0.3000691149686463
0.30002030209629504
0.3000177129433099
0.3000664635841912
0.30007349615973533
0.3001191463610714
0.30006402000339616
0.29999859428825015
0.3000018098457392
0.2999882617959787
0.30001287691280365
0.29999951059957375
0.3000504622230794
0.299997798542307
0.30001391172190217
0.3000065243811293
0.299998119977421
0.30000283565674457
0.30001376602811825
0.30000057577436556
0.30000286104557283
0.29997902689001077
0.2999789495960522
0.3000012534453512
0.30002133344588255
0.30002193699867064
0.2999981508505676
0.30002102016480303
0.29999588459457294
0.2999967314976576
0.3000201985101417
0.300002696773756
0.29999251346913114
0.2999719465240409
0.29999895571565127
0.30002695462111095
0.30001389451338845
0.3000104616901361
0.30004706849143714
0.3000181978637334
0.29998368189076063
0.3000146577482107
0.2999946260813836
0.29998250692862116
0.3000157634114674
0.2999998473130542
0.30007853243166127
0.30006714020201464
0.30004708897781673
0.30002195554964106
0.29989489109848855
0.29990171124377707
0.2999508784757421
0.2999588255208018
0.2999705584290566
0.29995949554605017
0.2999860904956666
0.29999748816672367
0.3000309216889142
0.2999652284990102
0.29999513743514494
0.30002259162639977
0.3000111525526816
0.30000975274912633
0.3000585611599771
0.2999959413295653
0.2999818047422248
0.2999892768664896
0.30001221034220427
0.2999955776886193
0.30002613314235016
0.3000170821880578
0.30002861897117816
0.2998985495153157
0.29994436036783123
0.29996905390096196
0.3000545991022423
0.3000124439176248
0.3000023944530028
0.3000083885203606
0.3000041760191323
0.3000114896832713
0.30000153770735727
0.2999941154328447
0.3000272900357207
0.3000074969361033
0.29999771161509003
0.29999809634915897
0.29999731607158253
0.3000066030124058
0.29999576909166004
0.2999536090152122
0.30001937083816643
0.3000110977377456
0.30002141720553965
0.3000559322838666
0.30005733361230535
0.2999994509034518
0.3000337090693136
0.30001474402703976
0.2999649632747433
0.29989666424488637
0.2999666638596913
0.29999697471885445
0.2999568397627287
0.30002728929380473
0.29992249622275724
0.29998756856762654
0.30001263912861154
0.2999681665981968
0.30001688666014836
0.2999386748417513
0.3000121873859618
0.29994290609253327
0.2999531041952781
0.3000062134064908
0.30000811105955105
0.2999992188907329
0.3000501287605042
0.30004304734188736
0.30001279748761567
0.29999998171820297
0.3000007170013508
0.29999934001992
0.29999757476682887
0.3000032473468035
0.30000253680066447
0.30001788360335924
0.3000015911875782
0.29999796677172397
0.30000072215627926
0.2999973914573437
0.30000898565035106
0.2999517183078946
0.29999328140279524
0.3000808775021061
0.30005482090428237
0.3000159611494383
0.29996414384747727
0.2999985266279134
0.300061778974535
0.30005919972942885
0.29999539579651624
0.2999042420870146
0.3000219867571364
0.3000332706309148
0.2999989099127299
0.3000036425008288
0.29999803103027667
0.3000211293747598
0.3000181595578414
0.3000306452672994
0.30004068098819336
0.2999941921442012
0.30007059762687593
0.3000153866296694
0.29999934215782986
0.29996949600333445
0.30007288460974646
0.30003261836918593
0.30000967941782064
0.30002387554541277
0.3000707787934699
0.3000011648630454
0.3000391859479773
0.2999499882644886
0.3000006553343828
0.30000207011805546
0.3000145061765449
0.2999980608581836
0.30000444794178294
0.30000184795606666
0.299970487353558
0.3000012524400052
0.3000206637065619
0.30002618111914536
0.30004848004375106
0.3000369026582266
0.3000682440456217
0.3000190353178098
0.30003698570051096
0.3000452534817716
0.2999997414058374
0.2999991526848569
0.30000004115912127
0.30003590248914236
0.30004733146191465
0.30001391985785164
0.3000329679679806
0.3000673524326619
0.3000827352910824
0.30009952545184704
0.3001071151126766
0.3000261587290448
0.3001366890390126
0.3000037002267537
0.30001435939930954
0.3000261382134538
0.3000201470275867
0.2999615537807322
0.29993287137414526
0.30001731714498014
0.29999262828769824
0.3000225773261608
0.29988306751040017
0.2999267055313347
0.29998019029967316
0.30015289176841786
0.300154816174407
0.3001031443206983
0.30002245575142983
0.3000041498768945
0.29999569666762904
0.30003564841902153
0.30001158547202245
0.2999907222212863
0.30005977174716747
0.30003624832082654
0.3000199892838946
0.3000144336507733
0.300000408390083
0.3000406798230013
0.29999914226157764
0.29999814722299256
0.29998772770290827
0.3000551708059982
0.30003241034859374
0.2999265309231268
0.2999729705648654
0.3000784301922178
0.3001128490704581
0.3000760468898206
0.30002627263905923
0.30008080960927475
0.3000349344882379
0.29999888444954936
0.30000019838768266
0.2999916198599675
0.2999995200384312
0.3000484427273382
0.30004415870971
0.2999807621210533
0.29999020928680753
0.3000074741705955
0.2999974887327588
0.29998665441484507
0.30001026451251256
0.3000012061780657
0.30005306460057124
0.30005872975572234
0.3000296515089942
0.30001203855120806
0.29997045331167116
0.30002616236483715
0.30002770289888736
0.3000621951749215
0.3000007587821223
0.29995827895030813
0.29997144972637435
0.3000058080364276
0.30003999366675504
0.2999900129451577
0.2999999983674755
0.30000619981779564
0.3000199514940479
0.2999966166229664
0.3000002275212994
0.29997663941548935
0.3000051447316159
0.30001340528981724
0.2999576550753421
0.3000027898332108
0.2999796215802093
0.29999280361203673
0.3000451296692257
0.29999739535796444
0.3000043856839023
0.29997127787322564
0.300000084496737
0.3000280116568633
0.30000235336422365
0.3000014278576555
0.3000292863993923
0.299963192857709
0.30001587066226443
0.3001029946896626
0.30006147402621786
0.3000865711644719
0.3001022406689313
0.30003517037103344
0.3000472072111424
0.3000631122792111
0.30010701386605
0.30002415805965843
0.30000245013762084
0.3000138042133408
0.30002097228294833
0.3000018473864714
0.29994408568229414
0.29989081533333284
0.29996331850192515
0.2999986357981852
0.29998535023686446
0.2999849697944792
0.29999859235117743
0.29999745029039937
0.2999964099121296
0.30002564578971536
0.2999987295601301
0.3000631939894187
0.29996140647135583
0.3000123833580052
0.3000003281883076
0.2999998155247464
0.30000767530508055
0.29994113126946953
0.29997430886792553
0.2999999129156282
0.3000192902471185
0.2999987401734058
0.30006727586905
0.3000044469441224
0.299963261538184
0.3000061012591093
0.2999986695084377
0.2999974540938105
0.30002265407694273
0.30002203354651513
0.2999928014246044
0.3000064825573642
0.30000328726996084
0.30006438554729253
0.2999988138504134
0.30006025688350446
0.3000122613420644
0.3000163448970262
0.30003545012539323
0.300021079469997
0.3000246167561684
0.3000199578380137
0.2999746249453231
