0.499950000000034
0.543090984860225
0.5748592754414349
0.5995681204193339
0.6183639215571999
0.6323407042983145
0.6437581805466157
0.6509581606217749
0.6564735024321383
0.6604981847873377
0.663278246331996
0.664866274173183
0.6650384147660714
0.6645887879816976
0.6649670812879649
0.663975884649747
0.6618596646752801
0.6593445832212138
0.6571381438380122
0.6548388989066389
0.6527886849759112
0.6508442617106838
0.648090086692477
0.645945724281111
0.6443643019608731
0.6412760033991356
0.6384448747935396
0.6358885850675754
0.6334261441813857
0.6300947706960665
0.627004422672699
0.6232447185146976
0.6211294113466894
0.6180508930219969
0.6152532817273755
0.6131053144133172
0.6101484100839085
0.6077051286235622
0.604896710050078
0.6017809837673047
0.5991586354084926
0.5966793147142087
0.5934082080332019
0.5908971027532741
0.5879096932422458
0.5853949686794165
0.5829726783004918
0.5803886935640072
0.5779594087312006
0.5750769310516666
0.5730154367489316
0.5704877159352393
0.46052413648040935
0.45627345962518384
0.4543696037901538
0.4529376622116207
0.4515335152361343
0.44945562545932694
0.44768486275602615
0.44558549486913057
0.44331474917564573
0.44188574440681694
0.4403368987092997
0.4384016072412037
0.43642278200153783
0.43461827918463225
0.4334225058528264
0.4318178810182245
0.4299197964987349
0.42819421192461526
0.4269042086989622
0.42552533767546963
0.4234882515156665
0.42156646967447087
0.42027686350854543
0.4188212125269407
0.41694807670100753
0.41568577753416647
0.4141124472350446
0.41275990374913507
0.4108030350800106
0.40936173820651256
0.4078618099294268
0.40698123654788354
0.40548087766465113
0.40394969328277586
0.40258501226197596
0.40095924834589125
0.3997462304387376
0.39812346205230686
0.3967356631641663
0.39507983663548585
0.39379782244447814
0.3922675771874722
0.3914140904379553
0.3905212444431808
0.38952153565171443
0.38837897553710654
0.3871534807238617
0.385754099265719
0.38455512362687727
0.3830058329012924
0.3820249180559261
0.38040957765041206
0.37942050825198914
0.37789717386272603
0.3766397931973058
0.37540902234972295
0.3744163623825886
0.37371551828074645
0.37291666170341864
0.37216276727301734
0.3707886386893995
0.369571332728728
0.3688785749974516
0.3680341877688732
0.36690645159775104
0.3660008425392979
0.3648405942806442
0.36390015936458653
0.36271498383057266
0.36158740424107705
0.3608982430823676
0.3598621163289174
0.35883143866821443
0.35776977358816386
0.3565017934582503
0.3556064212903023
0.3544785285537273
0.3538377749590269
0.35308236558375206
0.3519244816049064
0.3509090175311449
0.34993184452358195
0.3490749185856554
0.34829375973910603
0.3476454696495843
0.34683523998292376
0.3464037649937295
0.3456634887154941
0.3450805107997488
0.34431238469095193
0.34338210889107623
0.34279110537093704
0.34199732462808285
0.3411051438192395
0.34034584623806274
0.3395381727223713
0.33859959283838015
0.33792536232997394
0.3372596313263646
0.33677401768594406
0.33594127052980116
0.3352266170372722
0.33454272290384657
0.33379233937661446
0.33311920445336674
0.33238814966816577
0.3318471769415572
0.331239940541451
0.33038787231617883
0.32954440857587786
0.32912385555781076
0.32847151666365537
0.3278603879221479
0.327265657730228
0.32651582903150167
0.3260668706645746
0.32539872435072115
0.324731339771557
0.323886668081371
0.32314425011182546
0.3224069046236989
0.3216280158762945
0.3209949570471634
0.32046446788824556
0.32002439536681493
0.3194842330688744
0.318751794473598
0.3181851174600796
0.31735082064309106
0.31686130125061474
0.3163772663695309
0.31580509345448604
0.3153228848669465
0.31467741142706895
0.31424276406098794
0.31364827259194394
0.3129736061312146
0.31236654359073823
0.3118140345035517
0.3111608542079547
0.3105582237359078
0.30989852553406894
0.30938393300702083
0.3086724731024497
0.3080678159605279
0.3073794439781159
0.3066509499147344
0.3059276489783097
0.3052807311936504
0.30469179586822204
0.3041798189079552
0.30377105259832393
0.3032096820642529
0.3026688946882533
0.3022164971803747
0.30198222704673416
0.30150732636115163
0.3013254373738209
0.3008089498790685
0.3002118407387987
0.29978108863304787
0.2992647243991555
0.2989029976338671
0.2986001363160923
0.29855709103179595
0.29850390938607585
0.29825957369733747
0.29845185362517435
0.29852687744952955
0.29856344813892344
0.29863187943663094
0.29866735870181715
0.29900879524796
0.29918175936345304
0.299291485836063
0.29978288553555477
0.3002469387887571
0.3006493043578655
0.3010041309087702
0.30109130238572035
0.3014284923118139
0.3018197176574683
0.3020055759881931
0.3020664206835235
0.30212847654727026
0.3019804727600367
0.30176909520130857
0.30158993364994957
0.3012799927999664
0.30125093662373004
0.3010587829935374
0.3009849112147972
0.3008087096705985
0.3004386537250485
0.3002127864572569
0.2998565885693638
0.29971533849639553
0.2994001970409884
0.2991115570700562
0.2988377213653106
0.29895705213360757
0.2989708277453643
0.2990536615151683
0.29902295796398815
0.299131844752872
0.29923801136129335
0.2992348804073318
0.29953745006045485
0.2998661363276147
0.3001538620563615
0.30021393280785247
0.300318381039249
0.30035872642077166
0.3005690721718759
0.30069097149069535
0.3007840858069255
0.30091589290806786
0.30077130122604656
0.3008529244925543
0.3009670723485782
0.30081941883182317
0.3008192559393602
0.30078222368799856
0.3005754318649121
0.300570361025592
0.30063058190279357
0.3004598267183374
0.3004068259042716
0.3003148433199556
0.30032502928684834
0.30025847881758094
0.3000316585537445
0.29977916892668766
0.2997170091736846
0.2996395255033232
0.29942506781243106
0.29938920901083943
0.29942944312328057
0.299397279931335
0.2994039821135952
0.29942763588412036
0.29950732979194106
0.2995934706396761
0.2995342516685503
0.29981422039248506
0.29982595843666193
0.30003209633597594
0.30021437961269914
0.30032142764311653
0.30027007934080596
0.30027933798297834
0.30048238615757406
0.30047980275317243
0.3004608920702001
0.30050675976263297
0.300515963064384
0.3005251510594156
0.30047557352106713
0.3005931050129148
0.3006219275899945
0.30062164569768146
0.3006034499025029
0.30058078048227477
0.30065975036787906
0.3005378236176892
0.30050678727575075
0.30048754882246465
0.3003086744745844
0.30022618463390904
0.3000149327337047
0.2999551394929213
0.2999436659957079
0.29988169940535336
0.2997152469536004
0.2997656101030257
0.2996997250262522
0.2997035557168778
0.2998172901901818
0.2997054606023518
0.2997345391550911
0.2998128220666285
0.2998941661161356
0.2998774147633223
0.299649141339145
0.2996886382690249
0.2996660328347083
0.29971392239389416
0.29978174198693164
0.29991904591777485
0.2997893803360867
0.2997829387497859
0.2998422277117868
0.2998047660924449
0.2997911650156032
0.299823368197789
0.3000197161588728
0.3001925375802118
0.3002304737300504
0.3003491829841013
0.30049247779294175
0.3004543475084921
0.3005240681358
0.30058095552616315
0.3005854723084622
0.3004889143114502
0.3004232208681379
0.3003805164730563
0.3004197702939453
0.30045054002049876
0.3003231042532123
0.3002820039366161
0.30022393777800216
0.30017339044077607
0.3000680067554258
0.30001664395405336
0.29987304943836646
0.2998113278539739
0.2997301152579106
0.2997176705168727
0.2996684434752356
0.2995280473297377
0.29950771263345777
0.29946692630740546
0.29945772990343467
0.29939124060531885
0.29942431342498543
0.2995788034109079
0.2997241890297675
0.2999060490242055
0.29999495502173534
0.30008218095971917
0.30009325160843336
0.3002644130297294
0.30034508062547405
0.30023943499849026
0.30026901617173696
0.30034673803997336
0.3004220224804396
0.30036939650649475
0.30033233634629675
0.30029821166415926
0.3002568844544511
0.30034016019543786
0.30024466096029756
0.3002492909589468
0.30029484002510376
0.30022788423824043
0.3001370521732123
0.30002631606834795
0.29980966323310665
0.299681552733854
0.29966700763789134
0.2997249858895661
0.29968885318502836
0.2997137351767498
0.29981434961551723
0.2997753625689187
0.29960159208663173
0.2995714233636332
0.29968550612642597
0.2998087168433615
0.2998771864497968
0.30001319325910314
0.2998924986976983
0.29989585995102863
0.29994480335099283
0.2999244908628538
0.3001326955509075
0.3002429237438653
0.30030828632389783
0.30032449141811013
0.30034383157821687
0.3001793367262128
0.3001456607951021
0.30026386312196707
0.30028665991698655
0.3003372279234091
0.3004846945489609
0.30054807645437065
0.30054583604335205
0.3005583978282713
0.3006038507117581
0.3005246553508796
0.3003839946803418
0.30046152955370475
0.30044128106672885
0.30039981318730447
0.300433540769971
0.30038922026488013
0.30039811780397274
0.3002761691665047
0.30030744285961175
0.3002489315014122
0.30018402984919657
0.30015236019028624
0.3001712974286682
0.3001199418567765
0.3001063698643718
0.3000580867551168
0.29994051447594705
0.29992980813861847
0.29985915262186535
0.2997095341075141
0.2996374868868342
0.29951857752308597
0.29936960867066076
0.29933626875129027
0.29927614443037376
0.2993821453253461
0.2994054624698954
0.29939490281516645
0.2993852874634675
0.29953164811416555
0.2996123771625657
0.2997846061460684
0.29978365043573496
0.2998501608112498
0.2999243024984749
0.3000219042087079
0.3000012172372526
0.29999163779918037
0.30007658106167545
0.3001155338337371
0.3001167013270063
0.30014757041292606
0.3001759314403659
0.300323042209633
0.3003708079081685
0.30046461977816386
0.3004040229215902
0.30045897000360766
0.3004625660100546
0.3004907405924947
0.30061992319639486
0.3005474492992797
0.3004964989600545
0.3003948866248828
0.3003603973666591
0.3003848945821417
0.3003898149716915
0.30033434760870015
0.30025740220873665
0.300301922345767
0.3001810885993792
0.30019624505605846
0.30025517319467043
0.3002385238851645
0.3002630663613499
0.3003836902051018
0.30033921649859585
0.30036840431073564
0.30036274470074276
0.3002320148321259
0.30010291462538496
0.3000467874982664
0.30000623129827375
0.2999067842590626
0.29994947609223754
0.29990894587138284
0.2998840575660775
0.29977904284609724
0.2995903654018054
0.2995469154231941
0.2994117514438175
0.2994102454954298
0.29946750906591324
0.29941623129166184
0.29956166180806354
0.29951917589722954
0.2995207976286294
0.29958474626365617
0.2996013967312189
0.2996380859418605
0.2997091433447433
0.29971703151066287
0.29976999469327337
0.29989339213989885
0.29998043140491715
0.3000368453643245
0.30011558527295046
0.30016500691470893
0.30032022317893914
0.30044993253959573
0.3003646088154539
0.30041439304880657
0.3004697683770259
0.3005658609639039
0.3006084754468126
0.30059410523004704
0.30054959585328556
0.3004060440722942
0.3003437116141655
0.300402177429996
0.3004410719201097
0.3003601494025445
0.3003186420155728
0.30025652580568696
0.30025084793519186
0.30023030403192263
0.30015263637999035
0.30013013001992184
0.30006962248794866
0.3001431543952734
0.30007913435417255
0.30001114291466313
0.30002210679118635
0.29994555296253034
0.29985573007591415
0.29982709471572233
0.2997927240071736
0.299801739536656
0.2997829007556687
0.29962765169559746
0.2997383478745952
0.2997088510276875
0.2997439471899992
0.29982835315648615
0.29987029900900786
0.2999106287149772
0.2998414435881317
0.29983113214897894
0.2999367060706546
0.29993870360898767
0.29991287265342037
0.29996857518653985
0.29995964748006565
0.29998476200770174
0.3000040151927681
0.29999027664676736
0.300054170249216
0.3000798769244849
0.3000697033191436
0.3000551782151004
0.29994859452907563
0.29994145579086984
0.29992321316168447
0.29997996300044916
0.3000498009284889
0.3001438986232775
0.30019311633530865
0.3001863167772807
0.3001962498586983
0.3001469349378485
0.3000904682889708
0.3001678823599965
0.30006801513632764
0.3000874622421976
0.30018423432553876
0.3001979333219612
0.30023843287656804
0.3002293866884964
0.30019154812869964
0.30019214174575215
0.30019726819938775
0.300185357292716
0.30019660931771364
0.3001950884629542
0.3000844559908983
0.29995338268562466
0.29985290453270996
0.29984745216456365
0.2998156071633996
0.29977525551795203
0.29972225622278936
0.2996966718245083
0.2997240506957852
0.2998273696437219
0.2998337298611303
0.29982458831764136
0.29988905567086843
0.29979208284482617
0.29979381340060285
0.2999928775823727
0.2999494677834893
0.29992849964904955
0.29995833935358895
0.29997289288827833
0.2999783599345577
0.30000988486122415
0.30001349374491726
0.2998975812047895
0.2999055055579658
0.2999936547746749
0.30008222853780664
0.30014879647767556
0.30016791788195984
0.30025116128650864
0.3002621484134348
0.30030084160695425
0.3003801331615178
0.30034452892158614
0.3003566210546448
0.30036827142672073
0.300388215482289
0.3003316054640459
0.3003127939898257
0.3002563451006378
0.3002361194282188
0.3001821156834452
0.3001981431652331
0.3001510322086326
0.30028038693117975
0.30023515208723783
0.30021269408883033
0.30021639445093806
0.30015179354555177
0.3001162587499002
0.3001383375192448
0.30012650000867314
0.30008585984425973
0.30011448983014577
0.30010874776126173
0.300051653573579
0.29997016065382753
0.29988584094849224
0.29985369207812085
0.2997332292337114
0.2995838689654742
0.29948044008738417
0.2995024452481503
0.29944366480048523
0.299395936806645
0.299428159584077
0.2994628719447163
0.29939164765539406
0.29939650677807117
0.29942774578980513
0.29947042040241845
0.29952658714756186
0.2996182330835866
0.2996409754205911
0.29969447585448183
0.29960142486677044
0.29964997563109397
0.2997858300522688
0.29979304859660394
0.2999408927629821
0.29999108543119146
0.30005243842822393
0.30017096608895244
0.3002359248327563
0.3002608167361428
0.3002778467112399
0.3002658272379335
0.30025321921786563
0.30037940191007206
0.30045955082338394
0.30045129715986707
0.300483054422113
0.3005802733339148
0.3005689879176139
0.30051379587154536
0.3005973817380073
0.30061156237907316
0.300585140736644
0.30057033502130803
0.3005029067656383
0.3004935977037988
0.3005809159971212
0.30058980655359724
0.30063102025029165
0.300659060096503
0.3004635583478221
0.3004447564892647
0.30039909693605826
0.3003350028225603
0.3003002929372851
0.30031230802349784
0.3003060255065578
0.3002799621500055
0.30019391695432707
0.30007768279376346
0.3000502856627776
0.30000828882260633
0.2999854727188641
0.2999109275517482
0.29984294576515047
0.2997773747918645
0.29966189529012366
0.2997179042267145
0.29976430691015055
0.29968853925023564
0.299612414556676
0.29952670188099295
0.29947955464599474
0.2994948354243845
0.2994552934156959
0.299349970062451
0.29933206540421764
0.2993847448354875
0.29941022860473865
0.2993791246686621
0.29939394714031686
0.29943987652614235
0.2994472366754549
0.2995236701599244
0.29961102739388157
0.29967511428206084
0.29969865013592345
0.2998138723178809
0.2999495367447401
0.30007310878913107
0.30020112582620284
0.3003129452973917
0.3004136448809207
0.300435839040641
0.30056468519235024
0.300640219333585
0.30066084270246896
0.30074367431503535
0.3007981885108493
0.30082618770509706
0.30078573088432303
0.30075020282205156
0.3006470303861146
0.30065303633766105
0.30059378992803854
0.30062411579090365
0.3006491086710632
0.3006801622438712
0.3007038507235381
0.3006190863982904
0.3005995245495888
0.3005658661245396
0.3005064624195699
0.30044362512662803
0.30045707076059536
0.30047860390495085
0.3004233293172148
0.3003536054009863
0.30027190514831015
0.300219891557875
0.30018655689465634
0.30016936791946836
0.3001869036794048
0.30019303711037737
0.30007426021336425
0.300023627551223
0.2999400595712993
0.29991474787297867
0.2998221120736785
0.29974027549817606
0.29965367939167786
0.29962914411249963
0.2995330904361758
0.29959851870500886
0.2995530986510129
0.29949448259336064
0.2994307584207885
0.29935174392422725
0.2993407410761826
0.29929624843171365
0.2993042615303769
0.29924723858235525
0.29924591519858557
0.2992380675258731
0.29929008568485715
0.2992954206236891
0.29934229434493087
0.2994750974312982
0.2994786178898181
0.29954916152532907
0.2995558754778074
0.2995983395480073
0.29964866303609927
0.2997483662396424
0.29975665285258735
0.2997518720097667
0.2998342028693929
0.299941984115605
0.3000213560279349
0.30016754817715485
0.3003488481565545
0.30041034277876755
0.3004704338687275
0.3006051196126165
0.3006986850694545
0.300747470290359
0.30086826648548626
0.3009447591850565
0.3010229825671421
0.30104567270734717
0.30102777073895526
0.3010836617180914
0.30105686847555935
0.3010028777325129
0.30099638613420254
0.30100290231168214
0.3009800761691154
0.3009194283925064
0.3008888425681965
0.3007558772044967
0.3007103074374019
0.3006196511705701
0.3005499264945707
0.30055693882357426
0.30055037085185654
0.3004928530098201
0.30046298245849123
0.30028403135840886
0.3003126098867235
0.3003161733311741
0.30022520220096616
0.3000464621005815
0.29999744472197565
0.2999365722462862
0.29992646925943867
0.2998794490340271
0.29984540716957986
0.2997802137058626
0.2997605245111624
0.2998044268130401
0.29971284894189576
0.2996613564912157
0.2995656814184122
0.29953284347467757
0.2994682894253571
0.2994146773947086
0.29933390829163664
0.29931893936038
0.2992086116086792
0.29910546607343025
0.29910710121146167
0.29910913652915805
0.2991142886016913
0.2992222212038951
0.2992785443107836
0.29922465876359916
0.2993043810202205
0.2993247994885868
0.2994240375573848
0.2994902908009367
0.29963115790958406
0.29961960231308393
0.29971051513570035
0.2998753778418515
0.29996876759565017
0.3001133086019987
0.30015454039132106
0.30018341486799827
0.30022496289660994
0.3003876168853894
0.30033040051855964
0.3004292928448449
0.30048955429646007
0.30047396945861293
0.3004986070143516
0.3005844454487675
0.300554860179299
0.3005215047729092
0.30054747978167473
0.3004634123288701
0.3004163188918306
0.3004481949678869
0.30048372310213456
0.30052595482280964
0.30051414849923064
0.30043122412428236
0.3003913065882834
0.30037430312797353
0.3003588107462597
0.3003795301569494
0.3003941283219589
0.3004247688749695
0.30044673208674344
0.3004841391434411
0.3004539741072142
0.30043646480409825
0.3004706052778867
0.30039231961597257
0.3002827472994314
0.30017325794914507
0.3001078473379687
0.30003179675004077
0.29999765271685896
0.30001201553079837
0.29996142740296117
0.29996639406879666
0.29991192069461126
0.29990428211638465
0.2999768885718678
0.29994194413640596
0.29990615210864324
0.2998521081557912
0.2998036842585263
0.2997817793244485
0.2997867485852558
0.29975152880449896
0.29975143911863666
0.2997235022100113
0.2997347654485617
0.29969540135614814
0.2996864101903376
0.29980171350337825
0.2997969931793567
0.2998525267388046
0.2998616897205355
0.2998973581516019
0.29993217029418184
0.2998682644663513
0.29977612472157056
0.29970952270439266
0.299724956767214
0.29966629700408887
0.2996501423946809
0.2997078705940115
0.29977856037692563
0.29978609037475024
0.29981685915657286
0.2998451952602179
0.29985224223770557
0.2998854236057583
0.2998775182047393
0.2998922452113465
0.2999266807591211
0.29994892602877754
0.29998799979111224
0.30004141474729096
0.300134925324246
0.3002366354983681
0.3002532646759687
0.30026745779276387
0.3002783474453983
0.30030080045759
0.3002792937987785
0.30026411070728687
0.30031731089243696
0.3003045573748725
0.30035554665610975
0.30037357034366274
0.30038966568580683
0.30042748238904426
0.3004507538656299
0.3004616933971699
0.3003643317886321
0.3004190272796422
0.30038874742544075
0.3003502143758007
0.30028586711987515
0.30024618024254746
0.30027320539661184
0.3002562001340573
0.3002201510942031
0.30018827638249035
0.300205937926575
0.3001999834534014
0.3001649071580903
0.30017471158168874
0.30008807392256875
0.3001297213846764
0.3000979768361951
0.30004287846746003
0.29994636460005253
0.2999250342253076
0.29988409126926063
0.2998861756724175
0.29991277873591404
0.29991767427865834
0.2999488854123006
0.2999631491998975
0.2999714005131886
0.2999385311527901
0.2999178716183962
0.2999017779545988
0.29989825582898344
0.29993795913749843
0.29992286694322956
0.29981126391417645
0.29985815157363116
0.2998125022800532
0.2997686316153887
0.2997328117238022
0.29975719556722025
0.2996787309775003
0.29966042424792916
0.2996483062655305
0.29962795388620733
0.2995439993368172
0.2995605078266619
0.29958451181902057
0.29965825130980306
0.2997462805401607
0.2997576643357892
0.29981383740362344
0.2997866698010677
0.2998497725417595
0.29991256127854293
0.29996044378167575
0.3000092444939395
0.3000296223691883
0.30003382481249075
0.3000882511425895
0.3001574970005726
0.3002439936615926
0.30026020880522464
0.30030547347263403
0.30036072854499485
0.3003810689876433
0.3003344304909651
0.3003726442243091
0.30038260162675146
0.30052390707751675
0.30053774473549966
0.3005712864496597
0.30057032572277076
0.30053048543935135
0.3005077008318
0.30049775183342975
0.300520989611505
0.30048985554296026
0.3005184184958284
0.3004654969785223
0.30041227035368623
0.30050293993487887
0.30035732743651056
0.3003334865102575
0.3003426157028676
0.3003335512282709
0.30032212438127703
0.30024063801585255
0.30019863545279735
0.300095457911398
0.3000528805084721
0.299980033472776
0.29992770540991254
0.29993610708993557
0.2999969312058315
0.29991712804087456
0.2999150145468523
0.29990862359581016
0.29979583443666746
0.29973486659754234
0.29973620328323713
0.29966242223411155
0.29963468491580136
0.299606551214345
0.29956904354433733
0.29960722121157257
0.2996463934376318
0.2995684027273643
0.29955496773273416
0.2994892018771509
0.2994526913454916
0.2995040573594332
0.2995098220228394
0.2995322345810162
0.29952481538225617
0.299484416904214
0.29950590629739104
0.2995106341577095
0.2995174549534865
0.2995709095796547
0.29959821330779735
0.29964340609248385
0.29969070114725005
0.29977858243022004
0.29978933625989934
0.2997742306997436
0.2997026544192224
0.2997607443859558
0.29976872502780016
0.2998287236818844
0.2998935261255917
0.2999952341543122
0.30008463964919363
0.30011175425839454
0.30001578586511823
0.2999832221162648
0.29999298601447766
0.3000539364356609
0.3001339318493299
0.3001636256620298
0.30021720945909525
0.3001364973098638
0.3001550140972389
0.3001958908929204
0.30019670949488775
0.30013514292151633
0.30007933237137563
0.3000654173282349
0.3000680065501514
0.30016502611411233
0.3002682047445465
0.3003210036449776
0.300406046811025
0.30040768212612323
0.300388722851045
0.30036912628669843
0.30035424718259884
0.3004423548964271
0.3004638675697181
0.3004838743356738
0.3005046376322055
0.300595092639528
0.30061719373446927
0.3006498942941731
0.3006201552492903
0.30055260800788786
0.30051797342599296
0.30057388074653957
0.3005605911618172
0.3005434894450102
0.30048300252452653
0.30045258497189387
0.3004321384378922
0.3003911511494104
0.3003947639067188
0.3003498313756514
0.3003517419507842
0.3002612282284748
0.30019100720951086
0.3001578822657517
0.3001771236332198
0.30010106530456937
0.30010839275852763
0.3001052889671275
0.3000631149106666
0.30000856682031685
0.29992812590736107
0.29989910890757066
0.2998777017205865
0.29987784265787965
0.2998412738331162
0.2997621251071111
0.29969796597553033
0.29963105284136804
0.2996023354333148
0.2996994688028053
0.2996922902161314
0.29962644956751794
0.2995658312369568
0.29954796885655
0.2995916024000318
0.29958775268711435
0.2996120143344534
0.2996316870265544
0.2996944803075793
0.29972741419990445
0.29976974837310677
0.2998025055461796
0.2998432411590102
0.2998540904373257
0.2998827746450673
0.2999196391769676
0.299944991164363
0.30001733984858747
0.3000203634277038
0.3000165502154065
0.30007943463269304
0.300053053602125
0.3000237518168368
0.3000295451470184
0.2999967112077503
0.3000110471796166
0.300080780471325
0.3001412337204191
0.3001604213496679
0.30004719435169314
0.300057449218993
0.30005393031245386
0.3000451826284648
0.3001023975143783
0.3000924294595708
0.3000717837878867
0.3001113407676391
0.30015640404683686
0.3001690891970987
0.3002139016839246
0.3002442638591082
0.3002664548482469
0.30025804881492557
0.300280220810045
0.3002126252005094
0.3003877748302102
0.3004420781386763
0.3003742500870604
0.30034890210058784
0.3003254862112362
0.3003323883607092
0.3003003750992439
0.30035209436603894
0.3003506718977651
0.30030720697727287
0.3002124356152822
0.3001542318187176
0.30013449533753656
0.3001181048131226
0.3001625923250264
0.300168314342276
0.3001018058758652
0.30008374844421704
0.30005470582843874
0.29987599594346015
0.2998040822627478
0.2997199036293817
0.29974075599749594
0.2996817271132739
0.29960706058123077
0.2995504699877862
0.29957806243517204
0.299574460339358
0.29962720810395715
0.2996607470465025
0.2996537858229247
0.29970375536486493
0.2997502584624131
0.29979560862237165
0.2997362367486285
0.2997056690527511
0.2996545138539548
0.29967306575532426
0.29974100916229274
0.29977851688714896
0.29975102195252457
0.2996883970577765
0.29973935126599305
0.29980803000408784
0.29983395251811706
0.2997918849030594
0.2998828990049587
0.29990194610870013
0.2998522429324053
0.2999765383499541
0.3000502303836561
0.3001307620493796
0.30014515159011945
0.30025951681866225
0.30027709840688543
0.3003302323304139
0.3003610094415017
0.30045006747158964
0.3004615822091661
0.3005358197472622
0.3005391120645843
0.3005409238889216
0.30054812195100633
0.3005932902281666
0.30069690028790863
0.300702709677938
0.3007101696442174
0.30073206036877453
0.3007856805543081
0.3007246407576799
0.30071067072257796
0.3006547635350586
0.30062903554828435
0.3004489575497128
0.30036982528843714
0.30038916364376
0.30042770390801177
0.3002931636313316
0.30019693428106764
0.30024911623011696
0.3002447867735465
0.3002082974196578
0.3001042483274945
0.30007810378365307
0.30004225870699
0.29995164075317005
0.2998657076310036
0.2997954154399649
0.2997255544328242
0.29968120444487867
0.29961014173748846
0.2995344407133329
0.299441377084427
0.29940808348195047
0.299419132926221
0.29947293629368743
0.2994953772778589
0.29954145715471525
0.29955667334894087
0.2995035665579173
0.29945335007959584
0.29945041156313035
0.2994769663477195
0.2995204323559507
0.29954077495442566
0.29959821320635815
0.29974500902314105
0.2998101537635287
0.29981475528061896
0.29990213467914584
0.29989991652231107
0.2999749624871896
0.2999712133217747
0.3000136754813174
0.2999522455408178
0.30006542740046604
0.3001451492516558
0.3001406372753146
0.30015632574815754
0.3001353823700246
0.3001353198272114
0.3002193782087622
0.3002649336937496
0.30031288082974195
0.30028549700052565
0.300352054277393
0.30037484722318164
0.30039938373613306
0.3003948033435093
0.30047342216120054
0.3004431649212448
0.300377081682595
0.30048720860720657
0.30047357242036643
0.30056576625078746
0.30054693274296707
0.30059643183767504
0.30058413782284965
0.3005566550707207
0.3006180330662319
0.30064427324497556
0.3006975538852036
0.3007005172569861
0.3007848870303397
0.30080692526243935
0.30076289135385015
0.3007255742892325
0.30066611073321836
0.30063728977382986
0.30059947931896747
0.30058349592884137
0.30049331216782793
0.3004496300854118
0.3003793368941312
0.30038599110878084
0.3003557716608004
0.30047335689841903
0.3002984629217317
0.30026345695147716
0.30022372548960485
0.30018458236643
0.30014511177162095
0.3000689112327608
0.2999902481171889
0.29999386129199945
0.29995643402584005
0.2998615377462617
0.2998758771144233
0.2998117085401393
0.29973013592877307
0.29959669360380536
0.29957955865164865
0.2995827018778653
0.2994632556247292
0.29943481888516255
0.29934050421038083
0.299345079353488
0.2993203055686219
0.2993349668576444
0.2993539257085819
0.299349479866722
0.29932350864995916
0.29926630241991914
0.2992240833847821
0.299283496431494
0.29932800505157
0.29942556288784294
0.29944934246259836
0.2995800383091958
0.29957921291560285
0.29959497473024677
0.2996064921354642
0.29965772032863525
0.2996316810555313
0.2996364968115849
0.29975065201747864
0.29981296660110557
0.2998844918224035
0.29992166408797105
0.30000725230881853
0.3000728308097337
0.30012111676535247
0.300144939403324
0.3001105056060416
0.30019592162082587
0.3002222921829447
0.30026950852358736
0.3003005303952865
0.30031824305088406
0.3003409186586161
0.30038638238526627
0.3004853340145949
0.30049297027459176
0.30053647077192813
0.3005911821673598
0.3006393284015614
0.30073437253436275
0.3007610222880327
0.30085319499564356
0.30067005110589684
0.30069839855272573
0.30073138822629164
0.3007512917137566
0.30072938206025057
0.30067403413383686
0.3006008704956894
0.30053733315662745
0.30058453769906657
0.30055696292511125
0.3005906007951138
0.30051517018090423
0.30048555249000086
0.3004077527653186
0.3004089957245435
0.3003625781422665
0.30029605708699714
0.3002474672405372
0.3002225771514383
0.3001592686232053
0.30013451596711227
0.30012969428861136
0.30008149688758345
0.3000688577188637
0.30001689323534
0.2999846099711274
0.3000052298529714
0.29998945166398705
0.2999516065793145
0.29994473914676933
0.2998824981445136
0.2998358339251579
0.29974920489897205
0.2997280100728018
0.2997269273849872
0.2997199258484159
0.29968497518887793
0.29966382294718485
0.29970597621038797
0.2996735130727485
0.29976129566089915
0.2997382492914542
0.29975304897506583
0.29965278370521464
0.2996115778494707
0.2996582005476671
0.29977750802504943
0.29985285486889746
0.2998737345660969
0.29984427771173106
0.29972866532805864
0.29970354692347667
0.29964641543909487
0.2996788332213197
0.29965032428840566
0.29969656702608116
0.29968884363512505
0.2998277833673234
0.29973022030969243
0.29971095447761187
0.2998004801168538
0.2998129625082123
0.2997922566848209
0.2997692394343089
0.299767339360569
0.2997748528363178
0.2998138410821074
0.2998583409226645
0.2999537530699028
0.3000768011306343
0.30021085194559494
0.3002347645378196
0.3002314560251286
0.30024135289842935
0.30017497368411294
0.30030764637187024
0.3003325930941825
0.3004006899828098
0.30043643178136714
0.30046947924827727
0.30052507717636623
0.30054059601519945
0.30054951049290723
0.3006067984087101
0.300595945486711
0.30056618882247954
0.30059705364002687
0.300583609076327
0.3006598946048219
0.3007281077030052
0.30065452247106905
0.300620571082151
0.3005597552704812
0.3004749203594401
0.30040440758766107
0.3004397277275944
0.300378894906572
0.30039820348268076
0.3004550669430489
0.30040933371983825
0.30039797790484646
0.3003309987565589
0.30034816817099086
0.3003338520878568
0.3002608813102279
0.3001898827160834
0.3001188675526404
0.30013342217477446
0.30008461164638456
0.3000613514705446
0.3000013230094758
0.2999936669503518
0.30002606962984835
0.2999907569029058
0.2999111905648809
0.299883752923746
0.2998682924196021
0.2997970237940797
0.29968516141510837
0.2996851295455212
0.299656420080741
0.2996146845678349
0.2995755879109584
0.2995009996072713
0.29948828580752185
0.2995652940375627
0.299580692118782
0.2995254785452717
0.2995129743135947
0.2995564787943814
0.29954538215610893
0.29957254283022927
0.29948906737494285
0.2994744073191038
0.2995375823151233
0.29953069255038534
0.29952767572734185
0.29957845497071156
0.29962534769969906
0.2996473153973249
0.2996577593309152
0.2997080322265602
0.2997581943153579
0.29980812534129575
0.299764421526203
0.29980977463941916
0.29983107246983043
0.299760159608773
0.2997841256319771
0.2997059731339786
0.2997605719164139
0.2998462980420181
0.29988982786661467
0.29991596465736337
0.300047197189768
0.30010446161573445
0.30017008701195635
0.300223107918961
0.30023634340172145
0.30028140137104165
0.300326944353028
0.3003576710339071
0.3004206421807405
0.30045636577310975
0.30049575717506216
0.3005731088106106
0.30061447788263795
0.30069228895397127
0.300721707816315
0.3006209815852665
0.3005912032758963
0.30061209100436914
0.3006176057392753
0.3006150435908943
0.3006115859219948
0.30058247874077226
0.3006460768016347
0.30059406299344005
0.30057702682944853
0.3006026943678972
0.30057930361597773
0.3005866050461822
0.30056855390740933
0.3005411657596292
0.3005032401002107
0.3004463944403246
0.30047541401949507
0.3003725093298104
0.3004008042609029
0.30037011500745525
0.30038032708248663
0.3003888612345129
0.30034688296812495
0.3001700947946361
0.3001450578388217
0.3001417084719018
0.3001187709264753
0.30007920014781897
0.2999405135849138
0.29983348922379705
0.29972623347461447
0.2996925644470325
0.2996416959252749
0.299556623756674
0.2995504246728492
0.29949543043867555
0.29959546368867107
0.2995871684377307
0.2995567698108498
0.2994661527632325
0.29943787634830243
0.29935880852675356
0.2993899977707225
0.2993950032643089
0.2994030426007157
0.29936702908443147
0.29942320570093406
0.2994245750421858
0.29940851119681455
0.2994782425560164
0.2994921454207522
0.29955238213975277
0.2995984133748709
0.299649487604876
0.29974172191046866
0.2997116078644708
0.2997397236234972
0.29977655790430624
0.2997543099600747
0.29970541580341303
0.2997225756101993
0.29975834777768473
0.2998972224750682
0.29997558757942344
0.29999325745872174
0.30001603660096376
0.2999928298707446
0.29998499416073243
0.3000106445028915
0.30004119172340227
0.300016727351212
0.3000906382803854
0.3001044394253989
0.30015751034587834
0.30017923571597316
0.30027594555309334
0.30029750631268637
0.3003618340538451
0.30048137586496293
0.30056080046131606
0.3005744493956918
0.30052216732005055
0.30057892733970737
0.30056132498034516
0.3005422555256714
0.300573067056331
0.30055462579613945
0.3005698203677686
0.30067747455708405
0.3007127439540205
0.3007341154821752
0.3007130932743176
0.3007786273712113
0.3007510657279254
0.30072679558533255
0.3007545928015839
0.30074760105610676
0.3007210453481687
0.3007050204209286
0.30072006776245674
0.30073795625754574
0.3007380743829182
0.30072154702769205
0.30065670509136
0.30059328962985454
0.3006152025009703
0.30053020487850723
0.3004708133255809
0.3004643647104741
0.3003542199228336
0.3002760682904726
0.30025140205353773
0.30016582406749914
0.30017907161532964
0.3001059356955734
0.30005741419051835
0.3000824781381781
0.3000244251526658
0.3000026075192639
0.30002669273037763
0.30003983694803893
0.30005522908444615
0.3000141973520585
0.2999726414768342
0.29990625152448747
0.2998335898284379
0.2998186270421712
0.2998559743065944
0.29985476204019335
0.2998755806263085
0.2998244853573313
0.29983912150526104
0.2998616991574229
0.2998382994043324
0.29982346696116824
0.29981763408164075
0.2997479008209244
0.2996688284396878
0.29965144576318414
0.2996041138411145
0.29955440913817166
0.2994132362303319
0.29940515981114524
0.29934701253350726
0.29939026985775397
0.299270282565005
0.299300997059864
0.29926967703108376
0.29931133581683933
0.29943988089000895
0.2994375219294708
0.2994530983952738
0.2994355524444662
0.29951036104376383
0.2995470395877744
0.29954809064213817
0.29961711022937976
0.2995751281691894
0.29962140249067937
0.29963636411980643
0.29964693806455633
0.29972321502299415
0.29971172306592675
0.2997351617164866
0.2997149516967619
0.2997788331180741
0.2997804179824518
0.2997144537633891
0.29974880686947913
0.2997964942506395
0.2997754083254629
0.29981987127569176
0.2998982842463904
0.2999128895792912
0.29994660316466704
0.29998271757481443
0.30000029067243184
0.2999828928081023
0.30002847576393943
0.30010878537711694
0.29990615695344114
0.29996820988685546
0.30002171209142137
0.29993230200199295
0.3000033761169124
0.3000404423175975
0.3001145611187145
0.300198275117177
0.30024009627627446
0.30026238133344396
0.3003488636633107
0.3004064777446718
0.3004431518548395
0.3005272564712892
0.30055844995123493
0.30053523249895575
0.30059840448445596
0.3005600127997371
0.3005956269117651
0.3006188536023924
0.30064795911611253
0.30067609200767154
0.30067665917272557
0.3006857655996914
0.3006803450105858
0.30070473765298367
0.30072345202665973
0.3007262896322015
0.3007569736023946
0.3007213418203015
0.30067755784753036
0.3006590205360543
0.3006314567657393
0.3006479939321932
0.30062892426702204
0.3005612954670299
0.3005950020317365
0.30061976358163445
0.3006073833267887
0.30057890627513373
0.3004827080523137
0.3004802661007987
0.3004596075503527
0.30041351256345905
0.3003992426175519
0.300372265707725
0.30036108154021623
0.30030344160511335
0.30027735242570686
0.3003569341870094
0.3003103206877077
0.3002732611828811
0.3003004088568897
0.3002206458457307
0.300221542987968
0.30021909110719125
0.3002018089012438
0.30011994054240976
0.3001681592411153
0.3001671125247677
0.30011650305204796
0.3001070023875043
0.30001542388655833
0.2999758036316418
0.2999072232457273
0.29983415343031816
0.29983207912338505
0.29980518351268914
0.2997130065837462
0.2996690146412313
0.29953374066544947
0.29949707056922714
0.29940203115015807
0.2993512510920552
0.29932637069663104
0.2993332164665805
0.2992813301811019
0.2993489579993013
0.29941949658097955
0.2992736681835646
0.29920157040550943
0.2991886150388945
0.2991566607463606
0.29918264696389685
0.2991789992284817
0.2992173154784159
0.29925165715037105
0.2992628117072682
0.2992957460537947
0.2993508429879742
0.2993683600025132
0.2993446444348201
0.2993932917716873
0.29945732059708396
0.29950983393008623
0.29967818306050376
0.2997687122086805
0.2996808609411413
0.2997545642627283
0.2998998704004171
0.2998809758047476
0.2999214357131271
0.30007826477522637
0.3000730299708052
0.30015967692850143
0.30024356803394137
0.3002613787277397
0.3003964597810266
0.3004369333387372
0.3004819376734621
0.30049561911011735
0.3005098898918437
0.3005073015313803
0.30051248503323114
0.30055405397054547
0.300585318622807
0.300636139754621
0.300658984897745
0.3005498901527739
0.30050692672803014
0.3004943288591295
0.3004683015508296
0.30049416880780955
0.30054663516091107
0.30050961438781854
0.30049078312582456
0.30044553785936623
0.3004744735739384
0.30052161409553435
0.30048437132552874
0.30050412303802865
0.3004684778447746
0.3004410983367811
0.30045095576447967
0.30046803705802905
0.3004653765057892
0.30045062549102797
0.30042934853367087
0.30037862983008445
0.3003249557832197
0.30033626971279126
0.3002153050383519
0.3002008926426727
0.300208142417824
0.3001559399883804
0.3001772072913076
0.300194455659198
0.30017923813453307
0.3000918437767649
0.29998990293665473
0.2999930129385039
0.29990805724113023
0.29989222024921636
0.2998641451376184
0.29979808895216664
0.29975502943326404
0.2997487034358459
0.2997049980191536
0.29966475679358096
0.299673341418369
0.29971418665844374
0.29970461653641056
0.2996916777633072
0.29966747601814503
0.29963754783176955
0.2996246039516348
0.2996188507884562
0.2996682986596526
0.29971214671851376
0.29973268172557155
0.29975691858103704
0.2997406568529203
0.29976507384472306
0.29983065267855524
0.2998139726832668
0.29979713934760943
0.29981494191308933
0.29985431126351014
0.2998565466422337
0.2998798539738492
0.29986860338237886
0.2998105944462973
0.29981942549918295
0.2998263884234593
0.2997979266968177
0.2997820784215617
0.29974654945904144
0.2997537196313027
0.29978425008346476
0.2997659582306399
0.29977155989768867
0.29980845240001963
0.2998961670711433
0.2999042510060618
0.29997086889766056
0.30007256696286766
0.30014278368465286
0.30020635921115424
0.30018765108692924
0.30020953188748245
0.30022767202867784
0.3004143372197876
0.30051876288632895
0.30054044490478005
0.30060252671031706
0.3006073938076278
0.30064516433436084
0.3006054483434053
0.30062238180925194
0.30065432224397526
0.30058773268102956
0.300656266089366
0.30069923751263394
0.30063043336104067
0.30065338587249035
0.3006366124391281
0.3007223733815705
0.3007338529161915
0.3007220518727557
0.30066024219635645
0.3006943420803535
0.30071487684548415
0.3007179565668253
0.3007055672674761
0.30066079696505477
0.3006155856563226
0.300605092966547
0.30051134710548333
0.3005450055647684
0.30046370160288605
0.3004707050747757
0.3004274384837471
0.30038535343951667
0.3003726491731157
0.30034669302265793
0.3003271072331519
0.3004466858076057
0.30046834094222863
0.30044294036604813
0.3003689750198727
0.3003063982699923
0.3002723800678966
0.30022586302272014
0.30025603992017136
0.3001832724548047
0.30010844929286307
0.3000562007405193
0.30001579951628177
0.2999954846142504
0.2999689619936966
0.2999889451793394
0.29994448134220875
0.2998452056130366
0.29984877702439794
0.2998085425219936
0.2997717961711597
0.299730222030518
0.29973568747379087
0.2997738682862081
0.2997378078241747
0.299714351503777
0.29969115652586686
0.2997078474262208
0.2995879374674125
0.2995709887204946
0.2995009712901684
0.29949250990239096
0.299490312202083
0.29946198683453507
0.29947282965151734
0.29943862862129456
0.29940722254740804
0.29944824238965917
0.29946799615180375
0.29944195656950445
0.29941666492745966
0.29947698541247314
0.29951990961745645
0.2994666361802596
0.29946951148738565
0.2995255264782507
0.2995618580037278
0.299608494782712
0.2996930450384375
0.29974190935976996
0.2996826048864051
0.29971149660094076
0.29980103705565075
0.2998422446780581
0.2998942885365774
0.2999544999159931
0.2999053152354233
0.2999922753255191
0.30004623872388225
0.3001316901772736
0.30020991988799317
0.30029213624752926
0.30036539612590407
0.30041753646109637
0.3003259712211067
0.3002901832129108
0.30037369778122236
0.300296936444167
0.3003751937289607
0.3004058166921595
0.3004418081079214
0.3004667995566115
0.30049688678282316
0.3004951966470666
0.3003728578319612
0.3003728053964424
0.30035824074310313
0.30024373635425994
0.3001711478928717
0.30015680077901696
0.3002267469641211
0.3002967109796033
0.30030844473292895
0.3003067769976372
0.3001226110471138
0.30010506339090415
0.30009046622127344
0.30015362545250046
0.30021994763774673
0.3001154841866368
0.3001314388743439
0.30009616464658906
0.3001322112938696
0.3000810761170055
0.3000743462975711
0.3000681700895961
0.300125070486265
0.30013166504651945
0.30016877912055717
0.3001594745093581
0.30013801607594026
0.30014443996351037
0.3001888281246162
0.3002164148310057
0.3001734607197649
0.300128166581902
0.3001769535144724
0.30025066179163074
0.3002876972251036
0.3002697184119417
0.30023855527634724
0.30018903686072584
0.3001151438899856
0.3001952229202127
0.30017446242796575
0.30007132545220605
0.3000905626027056
0.3001198081636134
0.3001364051580555
0.3001722212485769
0.30011062009866585
0.30009432110006706
0.3000721060515774
0.3000256259074626
0.30007598881351605
0.3000898369552196
0.30005416916691763
0.3000252211398603
0.30000797706385995
0.3000142000353946
0.29997725345789594
0.29994721663037494
0.29995420226181724
0.299966227200133
0.30000798975956977
0.3000093814854293
0.300000697786698
0.2999804822189167
0.2999581473121987
0.29998909196454293
0.299960172361841
0.3000037121651321
0.299976707205721
0.2998962054390708
0.29986080769899015
0.2998681383860773
0.29991450034262745
0.2998215791122184
0.29982545581211184
0.2997726432523492
0.2998219124605629
0.2997608046006419
0.2998007219666948
0.29980629254929647
0.29987736041110846
0.299903931475365
0.2999119896089123
0.29995451381107485
0.2999102564892514
0.2998968245049555
0.29991853165547133
0.29992673120008406
0.2999361338297145
0.2999658057366985
0.29994156126526317
0.300027686942939
0.3000517255609705
0.3000553269562458
0.300049034706092
0.3000670129220402
0.3000742482970128
0.3000631911144289
0.3000536192626643
0.30007832072875074
0.30002267023706775
0.30000320045192297
0.3000110081430849
0.2999543575469851
0.30000320162101457
0.29997608213330995
0.2999044313045036
0.2999194899122821
0.29991836455963694
0.29994000864406867
0.29991574198464266
0.29998455479601327
0.2999449435892042
0.2998775614868112
0.2997890276631413
0.2998032538501282
0.29979161080637096
0.29976426165999537
0.29973893696836196
0.2997522374737883
0.2997308312508479
0.2997341271242884
0.29970446182502397
0.29969991953479
0.29975660979400465
0.2997526487744736
0.299809117564671
0.2998132041470566
0.2998364811369253
0.29983633052780445
0.2999410829256788
0.29994710002219904
0.2999397462425992
0.29995274226027047
0.29996643713887294
0.3000467580664181
0.30011403191340214
0.30014763812502265
0.3002188884037934
0.3002256073099663
0.30018248427535066
0.3001869144539232
0.3001331444316697
0.30011053839732216
0.3001212887817697
0.30016500762655873
0.30013095690916103
0.3001922105332069
0.3002384367421612
0.3002865529530361
0.3003786506663181
0.30039640588596517
0.3004140260876801
0.30043171658810275
0.3004336053318353
0.3004243534567954
0.30038627296230846
0.30039037923382783
0.3003544727357147
0.30035309147697775
0.30024942498551666
0.30018788067205227
0.30009301911702047
0.30009102937188614
0.30011721151560844
0.3000952866385227
0.300090329055842
0.3000426730532383
0.300018889696992
0.29991663273335867
0.2999390880165995
0.2999439818437001
0.2999751185649785
0.299923402759119
0.2999347829510386
0.29995863247586874
0.2999196075688363
0.29991406864765235
0.2999113621864723
0.299927352973247
0.29983638470884044
0.29981290415188233
0.2998072697210825
0.2997901429103996
0.2997852354983779
0.2997865068562168
0.2997752814805156
0.2997723696996667
0.29977770607363696
0.2997806707689583
0.2997211853643039
0.29977382325016055
0.29981971204262703
0.2998775092803909
0.2999021612046774
0.2998388838304836
0.2998417692133324
0.29982247297308884
0.29970455243128036
0.2996206593428259
0.29959971103285066
0.2995878890049025
0.2996272634508752
0.29965580106730383
0.2996967323118108
0.2997357248156314
0.29973954193579244
0.29971198823707945
0.29976821030418344
0.29982709583843525
0.2998827826156507
0.29993487317076906
0.3000101945455428
0.29993455916089096
0.2999411339639423
0.2999910261541189
0.3000037576782103
0.300085087431185
0.30008783417574847
0.30020339909724925
0.3001706960969762
0.30026955591247895
0.3002158856109448
0.30021595935983203
0.3002085149301874
0.3002094286757143
0.30010793430419247
0.3001243731314952
0.3001202382021503
0.3000674163918252
0.30009315539706305
0.3000596292806096
0.30005474402849486
0.30004051922106667
0.30010530262821755
0.30007931769871876
0.300048465462307
0.3001050772691495
0.30013060582629236
0.30018411663624667
0.30019203911913084
0.3002126023952466
0.3002807028994072
0.30022035186537266
0.30024892007051684
0.30027803222624194
0.30027064970224393
0.30028730538356563
0.30029553501299455
0.300322742875598
0.30029508659691473
0.300250772740542
0.30023639663560286
0.30033352005476244
0.30024193770805263
0.3002061065831614
0.300186188288069
0.30020122836590046
0.30022438666163964
0.3002280893928251
0.30021556952415396
0.3002114221977201
0.3001490418139753
0.30011371310436974
0.300054126328522
0.300099974147365
0.300076801097074
0.30009093031293577
0.3000841083101128
0.3001147523426593
0.3001035856780617
0.30011284694007234
0.3001092242443919
0.3000890208748196
0.30013628941907555
0.300124646316584
0.30014236350082857
0.3001010602672852
0.3000657020937044
0.30012196542624325
0.3001182085713161
0.3000917260488041
0.2999915350111626
0.29998245661976164
0.29999076315043915
0.29998876750531456
0.3000026687781997
0.29997402302850407
0.2999540307328775
0.2999551915474755
0.2999252863511853
0.2999808674936859
0.3000342559424204
0.3000397186545968
0.3000271620334536
0.29993373373471566
0.2998719637346292
0.2998831768931164
0.29984270169603966
0.2998566370267789
0.29982118129709157
0.29985396905210493
0.2999076685330465
0.29989794167263706
0.29986738792886314
0.29985758958239184
0.2998567226641111
0.2998984979929248
0.29994176204753986
0.2999345876369136
0.2999113564022413
0.2998412488205242
0.2998697782234546
0.29987046740297196
0.29986680744331184
0.2999046339414051
0.29994483518509507
0.2999681451892515
0.2999425027095365
0.29997927330594776
0.30004668184682126
0.3000590327858119
0.30003839533137344
0.29994056779162237
0.29997688513298637
0.2999750729624646
0.29992768286384586
0.29987653046216933
0.29991300384202724
0.2999237489201646
0.2999391401997382
0.29996307063767347
0.29997038591656155
0.2999194515890482
0.299918570310844
0.29991096364653314
0.29993481043405323
0.2999378018429648
0.29994641571117353
0.2999880477231871
0.3000246562047313
0.30002456052797244
0.3000729052072588
0.30014468444327813
0.3001444829746108
0.30015671849437797
0.3001418000965832
0.3001249939763668
0.30016457605830626
0.3000692321001639
0.30010660171918424
0.30006415348415905
0.3000798539776719
0.3001374536411606
0.3001445445547517
0.30019293722208273
0.3001934057052996
0.3001982757357131
0.3002060749109391
0.30029447724660996
0.3003382687134081
0.3003681551506472
0.3004437907409082
0.30042547451474766
0.3004183951252548
0.3003570954544912
0.30039067058380575
0.3004324288173771
0.30041364174259644
0.3003374914466167
0.30035280918355
0.30038240439368613
0.300323977472841
0.30032570116568325
0.3002955601569913
0.300329807550454
0.30031756358558004
0.3003016423809308
0.30026918685518755
0.3002826418582295
0.30015296903892197
0.30011168588670745
0.30007508140424344
0.3000381912194484
0.30007999014798015
0.30003741003347073
0.2998816275439705
0.29987645094124304
0.29989152209884107
0.29988093127757365
0.2999141761943487
0.299801320739981
0.29981027193812126
0.2997926145642603
0.299774756983718
0.299733368261506
0.29974183218291084
0.2996989481280108
0.2996871746807085
0.2997138772307698
0.2996948301248774
0.29964497975270765
0.299627328016005
0.29960672304878866
0.2996082625727342
0.2996696475806647
0.29968910248478875
0.2996298233328216
0.29955726546058636
0.29955835218365545
0.29955279170572335
0.29957972473685057
0.29961264866829906
0.2996480475628365
0.299688840579862
0.2996730823886853
0.2997582236365913
0.2998237432197661
0.29987221232467065
0.29995585235720534
0.29996537901920506
0.3001064695491137
0.3001672209423363
0.3001997748842772
0.30027571816587884
0.30032556037379354
0.3003701869879273
0.3003455168100063
0.30027257006055064
0.30030165208715853
0.300289596127571
0.3003475025689589
0.3003635224215022
0.30036080887607697
0.3003936692056617
0.3003472085660124
0.30029172536890025
0.300324032383562
0.3003136609753899
0.3002914120044544
0.3002912050524543
0.3004114440126988
0.3003942701041976
0.30034189577881754
0.30033380978510393
0.30028242954082807
0.3003082434248078
0.30031414729898487
0.30029932333371956
0.30017327019074624
0.3002428463839303
0.30028830674820006
0.3003058710574611
0.30037452686199817
0.3003624639616417
0.3004150150594602
0.3003309231161805
0.30032873872910837
0.3003238468302257
0.3003127545958527
0.30024170132682126
0.3002145878834427
0.30020817105554054
0.30027778879817446
0.30025691347649497
0.300249368364356
0.30019773031375374
0.3002213232972095
0.30016678853635304
0.3001488686056508
0.3002253962532594
0.30020462340723575
0.3001813528485021
0.3001324650935615
0.300128212974892
0.30026752667043466
0.3002064615514979
0.30019071783240137
0.30021318017436927
0.3002232022585124
0.30019956927341973
0.30020571688749065
0.3002287094978241
0.30026265210362835
0.3002730940554563
0.300263241537286
0.30027461538186884
0.3003092964078208
0.30026303477599847
0.3002866188771163
0.3003074742569045
0.30030839533432285
0.30025804999105943
0.3003330100639974
0.300282441636587
0.3002951089229199
0.3002594500224838
0.3002343019570719
0.3002589724153013
0.30025482228573297
0.300166941069387
0.30015274254312607
0.3000452226666097
0.3000284895228237
0.299998135600664
0.299931115836955
0.2999476211673492
0.2998409919993752
0.2998243735885402
0.2997766337151705
0.29970013097021764
0.2997281942055322
0.29967435381367036
0.29961076263139663
0.299628941655137
0.29962493570263604
0.2996069221435361
0.2996392253330231
0.2996087159685814
0.2995937659573923
0.2995639647166489
0.29955534466685574
0.29957666307396424
0.2995930320941512
0.2995350504758437
0.299523903146233
0.2995320375005105
0.2995581180207568
0.2995549512946245
0.299558887371548
0.29957420863384876
0.2995256201275889
0.29954017140672995
0.29946708457458715
0.29954507108243233
0.29963145265056
0.2996579035603075
0.29965834065747166
0.29958023311107174
0.299542265210893
0.29962626721887053
0.29959381380245087
0.2996382722817148
0.29964294498777344
0.29968450286204884
0.2997314874897208
0.29976949229896654
0.29978738379569425
0.2997899090700318
0.2998205116890602
0.2998680820776267
0.2999206683054414
0.29998286423714404
0.29998645367961985
0.2999775385141409
0.2999992649778853
0.2999274244248946
0.29995652079799173
0.30002166488113635
0.30003586971527973
0.30010666927425567
0.30011774005053393
0.3001816424077869
0.30020830462337567
0.30027717499715356
0.30026536696437933
0.30036753178305364
0.300414409110894
0.3004765649430601
0.30041879456383036
0.3005231650727088
0.3005708585026844
0.30061383969964217
0.3006350413234673
0.30062136714630183
0.30065491544403844
0.30060427501920994
0.30059106510465117
0.30061711416154524
0.30072310191215224
0.3006987301252956
0.30074888078729345
0.3008232746733934
0.30072657950942383
0.3007116327070942
0.30067773576561363
0.30069975727075404
0.3007013171200945
0.30067157394183197
0.300710643809886
0.30074718897861286
0.3007306807695673
0.30068998529149904
0.30065851713008285
0.30052880634898305
0.30052134891016513
0.30039953822244825
0.3004164487414934
0.30039051631200653
0.3001642196577947
0.30020030129265807
0.3001009601508695
0.3000612437670125
0.3000917575869275
0.3000393960910892
0.2999831577913816
0.2999879050844476
0.2999926194641883
0.2999995526201694
0.30001432112084125
0.299931494046107
0.2998999905854579
0.2997660779193849
0.29971387978914754
0.29970475717559575
0.2997076984481247
0.29972171220691457
0.29969964367279867
0.29971562236234284
0.299678034896552
0.29970709874117274
0.2997368288590635
0.29973348421336865
0.2997208565137254
0.2996479172148666
0.29964418895957223
0.29965232459424607
0.2997204997405716
0.29976530099848053
0.2997607849211631
0.299801134896575
0.2998199047587915
0.2997913250515648
0.2998152815311753
0.29983026308535166
0.29987276656599915
0.2997287866617766
0.2997454393425212
0.2997454914735487
0.299765302501969
0.2998258687994668
0.2998295831547736
0.2998123178720088
0.29969444902152886
0.29970906925446006
0.29968983997109977
0.29968704128774304
0.2997523174846295
0.29974662381181116
0.29978951765770234
0.2997632528128673
0.29979889946757643
0.2998391737810002
0.2998588521667799
0.2999150735891667
0.2999616487500182
0.2998784248407921
0.29993937672858917
0.3000311098543612
0.30005670907926074
0.3000884000500802
0.3001497623182525
0.30016598063581645
0.300185609033356
0.3001546382237421
0.3001968879694117
0.30019168700475574
0.3001986585809965
0.3002509818433251
0.30025855067777296
0.30033295845560826
0.3003490103377282
0.30037049856938314
0.30037797000372246
0.3003870440030596
0.30043860171683545
0.30045157098105557
0.300545247970041
0.3005389312661124
0.30054003454318623
0.30060027746613305
0.30061458458683243
0.300687263654852
0.30066884730423016
0.30065350975093097
0.3005993077757464
0.30060913582968074
0.3006332194753527
0.30067668699873795
0.3007247595693625
0.3007785801597507
0.3007693707572551
0.3008046782199386
0.30078100880215697
0.30077702014002894
0.30078757195779715
0.30076319925761574
0.30075514046798635
0.30068598724399465
0.3006730169451409
0.30064520040649045
0.30061248205619195
0.3005978640213415
0.30055726805764205
0.3005381315340998
0.30042541262418543
0.30043557610526195
0.3003967691748579
0.30035561321888393
0.3003458425669048
0.30029272493926595
0.30024105556757563
0.3001627339096731
0.3001669441356736
0.3000823827763047
0.2999770796839186
0.2999951133904306
0.2999635178569797
0.2998010989377059
0.2997285691619066
0.2996907076633559
0.29965326280040383
0.299681477104488
0.29968520096482176
0.2997142016263964
0.29970316249542417
0.29971784408097757
0.2997117223630207
0.29977880819963343
0.2997831009675729
0.2997205060322189
0.29970208777479
0.2996740680453466
0.29967283376505516
0.29972748127824234
0.2997811317969318
0.29980175474641446
0.29977488780219785
0.2998022470200369
0.29979439902292837
0.29982894936445514
0.2997260587255879
0.2997336430402162
0.2996137383023859
0.29961188311134745
0.29964319078384116
0.29966616124236645
0.29969518708621146
0.2996962076872529
0.2996952183537481
0.29967915745822926
0.29969400251435463
0.2996440575415751
0.2996209958040238
0.2996292424522685
0.2996477778279073
0.2996441151581902
0.29963559629350056
0.29961250567384445
0.2995791196565336
0.2995890865868557
0.2995757030402102
0.2996052013303405
0.2996389563309355
0.2996515653581391
0.29959884078595045
0.2995635794976199
0.2995703516380509
0.2995818059749886
0.2995973233295547
0.29963244157572344
0.29965634769411253
0.2997218239267906
0.2997783879543774
0.2997321083903951
0.2998024158817427
0.29982239548819645
0.29983882534376693
0.29989471619757
0.29981659099574376
0.2998621148002949
0.29983896659382114
0.2998884231277832
0.29999051735338234
0.30001289672678033
0.30004118649371625
0.30007040945340546
0.3000687897733286
0.30014980932774993
0.3002553546953737
0.3003097683940842
0.3003161710508927
0.300377108900327
0.3004185904317316
0.30049036776229154
0.30044969991778225
0.3004630067459759
0.30048287686451647
0.30046029694208587
0.3004840304742269
0.30051651519952294
0.3005052308002394
0.30049410283162525
0.3004737692177992
0.30055322864704515
0.30060334243867903
0.30061538766592577
0.3006474157682144
0.30064423141019125
0.300593634022551
0.30057164953473225
0.3005717362080693
0.30059251933587594
0.30061507518526054
0.3006154873093928
0.30063586864157343
0.300676425762334
0.3006356086640911
0.300609790383085
0.300688146587722
0.30067130426743993
0.300618668479568
0.30064039620445726
0.30065419728026876
0.30062941212255456
0.3006736065646902
0.30061996429489035
0.3005840453579576
0.3005817803142574
0.30058228092439987
0.3005487626721194
0.3005182342888767
0.3005072265607215
0.30046057013625815
0.30046342056120046
0.300391391606866
0.3004185241091797
0.30038111059943384
0.3004088169818141
0.30038776703671877
0.3003817246375191
0.3003317807294996
0.3002884170763911
0.30024515210663016
0.3003436117158569
0.3003010164925519
0.30033274165012713
0.3003261888097589
0.30026369342750636
0.300164092044954
0.30014338074019586
0.30013182069810873
0.3001533292855657
0.30011567772108216
0.3000659641695561
0.3000968866090895
0.30005708558064104
0.30011401001822313
0.3000827782502645
0.30005770393437614
0.30009657715108085
0.30007989698251725
0.3000636655193917
0.3000316783385266
0.3000637926528188
0.3000365803013707
0.29992855886507175
0.2998714625374864
0.2998873368093221
0.29986745424237526
0.29975931202145845
0.299747567235053
0.29971816246338934
0.2996650929691138
0.29964623636699694
0.2996495842857796
0.29966650969938025
0.29962488445990565
0.29958337466751084
0.2995378442757103
0.2995350586426955
0.2994523485566555
0.2995019665584622
0.2994885597284028
0.29946850607978315
0.2994750787859617
0.2995216335553824
0.2994423901948584
0.29944628233102877
0.29947085328708534
0.2994981844105393
0.29945412184694964
0.2994553444115813
0.29947442261213697
0.29953370796036316
0.2995696582466636
0.2995615425245489
0.2996388340776821
0.299639568431496
0.2997131795577185
0.29972508711910273
0.2997377925350887
0.29976831885779676
0.299774168768825
0.29983086287717564
0.29989934674952023
0.2999254696648055
0.2999856143433205
0.30000637795606466
0.30005691400564805
0.30005970594002507
0.3001016034069325
0.30008482543058446
0.30002239336636605
0.3000652757775485
0.30007881973508277
0.30005460108010307
0.3000481339275203
0.3000978103929919
0.30003585551662815
0.3001321596938432
0.300167495410143
0.30023475809508027
0.3002292909152293
0.30035777359575055
0.30039976373443156
0.30043035945420804
0.30046770224187114
0.30046444991495
0.30048472773922175
0.30055547657956605
0.3005401783223627
0.30058184209431327
0.3005167468459019
0.30047651721715607
0.300401024857328
0.30033250794838295
0.30023108423440126
0.3001945872703228
0.30020062659200786
0.3002349142058335
0.30024003700415347
0.30023034080687616
0.30028333138546326
0.30029863134169077
0.30032088226212983
0.3003810466111386
0.30043669678135376
0.3004464296918562
0.30041140457596827
0.3003961448913256
0.30037772325053314
0.3003820415436619
0.30039342836021143
0.3004025205494184
0.3003766010036365
0.30038892473155465
0.3003597048905663
0.3003174181530792
0.30031009436295175
0.3002800633096907
0.30023825621451583
0.3002511994021403
0.3001936844369171
0.3002401987592397
0.30028605473076164
0.3003261519440611
0.30031863829933947
0.30031801878843023
0.3002935873202556
0.30029492119012113
0.30028320169603095
0.30023155933391044
0.30035208308044636
0.3003350112081694
0.3003105943433424
0.3002828874953304
0.30024667798554316
0.3001938028474268
0.30022591734543724
0.3001531719499366
0.30012717948957635
0.3001228337485342
0.3001477491654765
0.3001451887356723
0.3001396969454615
0.3001350459630734
0.3001499551460317
0.30022699252471385
0.3003202553848864
0.30030096408097073
0.3003306627677125
0.3003118554020653
0.3003012685932567
0.30024948624956216
0.3002013669473059
0.30013694799961665
0.3001027661920448
0.3001310525032025
0.3000916898578314
0.3000877131184856
0.30000891480027336
0.29997924055716396
0.2997491815327331
0.29970899080316116
0.29967134695027
0.29962215955872307
0.29959463741276526
0.2996359278396884
0.2996184538951414
0.29959440184870734
0.2995675567889736
0.2995745547327612
0.2995558602045041
0.2995522457979083
0.29961025340173175
0.29961603039449036
0.29959088276216694
0.2995998357394485
0.2996253524251029
0.2996514091885486
0.2996749967129354
0.2996573713415467
0.2996301054018108
0.29962683539242385
0.2996558536392081
0.2997212084532511
0.2997362662614247
0.2997819058243252
0.29984304812815976
0.29992296501939997
0.2999171938934211
0.29990180564873914
0.3000365668908056
0.30003379266280283
0.30004272013609457
0.3000645802283983
0.3000853495185304
0.3000682259126607
0.300127436305897
0.3001301976502462
0.30017406941634583
0.30013466819722157
0.30015501567276104
0.3001845928279223
0.3002317151593821
0.3003047355084574
0.3003114791099243
0.3002981232995141
0.3003020810093172
0.3002602421432886
0.30030257274751426
0.3002653357500994
0.30024329866085975
0.30027699668438435
0.3003410446124666
0.2995014456834999
0.29947883680382337
0.2994569018900034
0.29946303314628464
0.29932891399999506
0.29942032589103695
0.2994051845259197
0.29927752828235077
0.29931696553454934
0.29936528022557296
0.29937096042878264
0.29936948078890746
0.29941299888090034
0.29941378666167073
0.2994586994621645
0.2995029304909428
0.29955724339931256
0.2995332473344713
0.29957486919759146
0.299678101712035
0.2996708394345786
0.299715198036959
0.29975267454945864
0.2997726981660843
0.29977907324759157
0.2998709716821545
0.29984751291611456
0.29977448179964883
0.29983446382396195
0.2998443508478922
0.2998960781804716
0.2999175467759444
0.2999467728584062
0.30001939066386907
0.3000609843660841
0.3000501245000242
0.3000809452261194
0.3001513626872898
0.30018625343245064
0.3002432527484471
0.300294653041262
0.30018877548225675
0.30011273111775605
0.30014438773537344
0.30021320065775325
0.3003515424761115
0.3004002270409496
0.30041440311785916
0.3004835708029655
0.30061862312612064
0.30069310275473726
0.3007143430492597
0.30070466067775337
0.3007618665338505
0.30077030894487244
0.30082454297145
0.3008229562840977
0.30083213189086766
0.30086859096903507
0.3008158378431236
0.3008680979324968
0.30089014979549533
0.3009726483018047
0.3009475407679435
0.3009664238095887
0.300960657549309
0.3009165373148034
0.30092521627713453
0.30090976031763383
0.3008274541380491
0.30081811948311066
0.30083591761719053
0.30075168584875556
0.30064434929093586
0.3006178931489829
0.3005393175676768
0.3005231681262518
0.30049731719732664
0.3004650658449105
0.3004546317651926
0.30049986220940395
0.30050860362473053
0.3003776708356425
0.3003795302682538
0.30036624987985927
0.30029887601779903
0.3003261810172564
0.30025493420167415
0.30035973752305867
0.30033374791880585
0.30032307267722125
0.30027545088953544
0.3002418409906237
0.30016281185073757
0.3000952364208742
0.3000769046748111
0.3000334727157028
0.30002451166587707
0.29999915486976014
0.2999754577769853
0.2999386535855325
0.2998944028333045
0.2999152729309362
0.29986314794538305
0.2998931057293255
0.2998458752209283
0.29971898703869804
0.2997144006847957
0.29970027544894795
0.2997220774118856
0.2995680764180595
0.2995484081652091
0.2995038862599445
0.29946776798019326
0.29944129509882444
0.2994392904106705
0.29939922168632516
0.2994288514932566
0.2993743199384843
0.2993909998154016
0.2993746093817983
0.29933419381495197
0.2991322713338931
0.2992073149019935
0.299211458150319
0.2992344447880254
0.29924222487753205
0.29926669343459444
0.2993292864411945
0.299364679870617
0.29937889694949504
0.2993763227140621
0.2993868874213411
0.29937323758529333
0.2994087747225914
0.29948761506861266
0.2996011235814918
0.29958686586885175
0.2995347254563203
0.2995539033125998
0.2995856125295061
0.29965715493614253
0.2996591909486117
0.2997196576405675
0.2997623118782706
0.29982058610548523
0.29987185223456336
0.29983105903521956
0.2998577189442635
0.2997875722895845
0.29979700879559446
0.2998395433847034
0.29981555981682595
0.2998559886162153
0.29990280979290196
0.29994178226195767
0.29987969244867607
0.3000095520405107
0.30006106969167756
0.30008549108428606
0.3001334514710424
0.3001765862306026
0.3000589113034676
0.3000942847293745
0.30012395142041226
0.30014903348127
0.30014105994982043
0.3001934958911321
0.3002376907485066
0.3002535769376713
0.30028775183690337
0.30034523897085685
0.3004450224154406
0.30046220732504925
0.3005148464400377
0.3006456919380198
0.3006528118853994
0.3005798459048642
0.30059498545485164
0.30058469020043943
0.3006426786962083
0.3007448375461057
0.30071605444468197
0.3007720645841757
0.30072565791721306
0.30073839896576227
0.30078233513228636
0.3007806181356999
0.3006055140671855
0.3006400736030853
0.30065027403212186
0.30064619701911144
0.3007945690796435
0.3008327979558356
0.30080726584364736
0.3009118451566314
0.3008487409916657
0.3008445238837044
0.30088358399393356
0.3008692395444885
0.30086885401056684
0.30080016823338074
0.3007923779835513
0.30077247816232333
0.30074564358359335
0.3007156452990625
0.3007669652322672
0.30073150755910905
0.300694492630472
0.3007065834353624
0.3006918799698852
0.30067944663756885
0.3006182460541098
0.3005970578571404
0.30054006460963145
0.3005683701536136
0.3005625163500595
0.3005699896722297
0.3005349511495049
0.3005014337491362
0.3004532135522192
0.3003681406017491
0.3003085661863246
0.3002324197410653
0.3002118914079498
0.3001692226240581
0.30012269223598975
0.3000772874197918
0.300050801708332
0.3000280805461948
0.3000531072391318
0.3000386138151294
0.30002519111149595
0.3000111608283932
0.2999671124331079
0.3000255801284547
0.3000394082740233
0.3000362315337196
0.29999308250186607
0.2999589240712276
0.29989541701123357
0.2997910853214495
0.2997751471244091
0.29977373928905693
0.2997945015487561
0.29974222332467115
0.29956115032275976
0.29957425147280625
0.29947953653073445
0.299469512517471
0.2994556539722041
0.2994813302939011
0.2995015470724841
0.29959726784187324
0.29955022848166113
0.2995594707083028
0.2995492579565552
0.2995745260642412
0.29968093610171076
0.2997009672200409
0.29978517005539407
0.29978419705948434
0.29979077801609344
0.2998000071814997
0.29977713892898894
0.299831874878537
0.2998910855434802
0.29994038473063056
0.299958437138239
0.29998416735687583
0.2999176462877722
0.30002317673557677
0.30008905145405074
0.30008224011142315
0.29995223060175535
0.29990080634873506
0.29991893851098006
0.29997282701743444
0.2999359431122641
0.29993927638460227
0.29993120646352156
0.29997123623163024
0.2999572571784632
0.29999559320898783
0.29989378189039395
0.2999387133178475
0.2999259568920827
0.29997142342206307
0.29997403956585034
0.29996762432759194
0.29991481079706594
0.2998729284405347
0.29990904091068926
0.3000641595984731
0.3000561804058889
0.30005756220854995
0.3000504125069744
0.29998413634060717
0.30004071623966444
0.3000581075649311
0.30008697788418615
0.30006457293079036
0.30015442223925026
0.3001457805795461
0.3001918114306693
0.3001956828286412
0.30021505993949305
0.30027525361128804
0.30030892828047584
0.30032304406448285
0.30031066397565565
0.3003598298135195
0.30038157129249365
0.30036797543855476
0.30039636193281327
0.3003395866288332
0.300335945778049
0.30038304828721785
0.30041748247946076
0.30039725293640274
0.3004358012936169
0.30041191084908325
0.3004066074125783
0.30039789231540615
0.30038038201088657
0.3003324481716978
0.3003436815863848
0.30032237123099237
0.30037591077892534
0.3004038115365273
0.30036528596750445
0.30035175767291844
0.3002623303790911
0.3002302277452126
0.30023718566361735
0.30025284017613396
0.3001829442978152
0.3001908481649672
0.30017827902256145
0.3001349647510092
0.30010501410820023
0.3000875252661802
0.3000800455216154
0.30008999094748356
0.3000462361804349
0.299962315695944
0.29999628929767286
0.299993581604328
0.29995884889892344
0.2999129681834177
0.29995348547444045
0.29993001059669366
0.2999604709094357
0.299899753557921
0.2998961155767945
0.29992474201575836
0.2997772199442089
0.2997720788503373
0.29977911790748135
0.29976013864517626
0.2997781126816539
0.2997317512322374
0.2997401574772456
0.2996813712456955
0.299678558781721
0.29969472424276367
0.2996147927028172
0.29960549174343165
0.29970039450232966
0.2997456579145481
0.2997348480426544
0.2997369462264101
0.2997493872530388
0.2997678562269862
0.29977574179956645
0.29984337095039815
0.299908116875676
0.2999310025489643
0.29989815036025624
0.29990869662401587
0.29990344900946175
0.2998973017214279
0.29987782083007697
0.2999098260629647
0.2999001379703401
0.29995891838800537
0.300026070308986
0.30006078729457486
0.3000751463355954
0.3000966606871984
0.29997457925890614
0.299987551523895
0.29994846062284686
0.2999543844785808
0.2999828909881185
0.2999499525132592
0.29994399823886964
0.29997638163439855
0.30007364141262793
0.30006608800813916
0.30004789054626846
0.30011656583836943
0.29991310532425897
0.2999236424890823
0.29997239120246544
0.2999644023362661
0.2999366517988482
0.2999251292154115
0.29988978704164726
0.29988207780919407
0.2999351560854302
0.2998835156657663
0.29987242151000504
0.29992352028863767
0.2999734899831723
0.30002017245327073
0.30009004409807094
0.3001806091270284
0.30024605526135495
0.3002817821651771
0.30029999686355124
0.3003288037560373
0.3003140564222102
0.3004071588019782
0.3004092644570625
0.30043185510842285
0.3004502562435216
0.30050117956219147
0.30054467480726277
0.3006276467468165
0.3006015129490891
0.30065543996707067
0.30061814790568686
0.30069413666015654
0.3006924650038969
0.30068477646764724
0.3006851714964561
0.30065125908955037
0.3006805805657592
0.30063679214923533
0.3006170097821582
0.30059890761934205
0.3005375742479015
0.3004217620515546
0.3003861833952397
0.3003522751241724
0.30033263226558826
0.3002768814386513
0.3002839265011583
0.30036427225395534
0.3003325972679941
0.30035657812730887
0.30037381777292094
0.3003295915172439
0.3003212435579231
0.3002786093233709
0.3002741522607224
0.30026718703809474
0.3002975693451695
0.3001697408805174
0.3001713486008679
0.30020401078597236
0.30019972794011085
0.3002109874044744
0.3001949650084387
0.30004096055157037
0.30004657804651
0.3000120031411714
0.29996974054544856
0.2999164183719366
0.2998669021842315
0.2998274214904557
0.29978584245006157
0.29979609040987976
0.29979829973027716
0.29980966099089346
0.29978670715142974
0.299731032708766
0.2997017757558411
0.29967172984509893
0.2997381720410097
0.2997218681565147
0.2996818689075865
0.2996476180195534
0.29971929703198585
0.29973520543764254
0.2997267507409165
0.2997412721527919
0.29977183430576015
0.2997807237002289
0.29980281188745794
0.29980778500604155
0.2998430367807313
0.29992861513249425
0.2998934970070912
0.29989112175936306
0.2998934895976172
0.2997786371199752
0.29984615013149574
0.2998896423692954
0.29988047568865284
0.2998728977502404
0.29986239128715775
0.29988277210734715
0.29992797141717176
0.29994829100907416
0.30001528371503483
0.30001303999057605
0.30008112571395396
0.30011570392900344
0.30006460772513244
0.3000804533934056
0.3000986401130932
0.3001104676892977
0.30014738819714426
0.30016293949512896
0.30017940285198497
0.3001567241299581
0.30011962155841376
0.30011511473529584
0.30015742281078217
0.3001100114207026
0.30012062921815597
0.30014755976802365
0.3001095355900758
0.300048921152016
0.3000749187771877
0.30003852476372006
0.30005233801977693
0.30005301223680225
0.30005913097132253
0.30006334388113653
0.3000505302936668
0.30002215184682657
0.3000277840655067
0.30002885124547984
0.30002656387469273
0.3000283706499799
0.3000230813743674
0.2999768545367675
0.30000128495897216
0.2999538242093629
0.29990755219343224
0.2998756256353404
0.2999165654040836
0.29994610767281715
0.29992677741999363
0.29984536238482973
0.2998172453017165
0.2998572952773274
0.2998758570583314
0.2998941569500637
0.29984117336260563
0.2998267227048287
0.29986369937340274
0.2998496713263341
0.2998962549465909
0.2998265262633546
0.29983311851493033
0.2998450430246037
0.2998774774234291
0.29996998006114417
0.2999304044518273
0.2999992599838658
0.3000373647655463
0.30001103626127157
0.30008214962952184
0.30004275821054227
0.3000618578764641
0.30005700543954805
0.299922847557585
0.29995414915538154
0.29991725159953553
0.2999129324258566
0.2999052019501425
0.2999347867362264
0.29994661806566747
0.29994217969485615
0.29995338347090383
0.3000655739114667
0.30014854839730376
0.3002363822015812
0.30026402050336687
0.3003037919280075
0.3003937678188684
0.3004231556480852
0.3004825986714392
0.3004633450879969
0.30054961075744724
0.3005881072772282
0.3005678506771966
0.3005377017067543
0.3006019755971352
0.3005926009137545
0.30057053060719385
0.30056584616109083
0.30060950330264125
0.30058890346872424
0.30058588068867476
0.3005475784322791
0.3005463323457427
0.30054341358853554
0.30054255593757107
0.30051344399706326
0.3004795475775812
0.30049253172117485
0.30053260057232567
0.3005215663587123
0.3005252317708914
0.3005139659984073
0.3005384904411399
0.3005275600374866
0.30048629442442665
0.300510151862472
0.30050306573374375
0.300564413258258
0.3005884493873501
0.30056753460544117
0.30061477532964487
0.3005925455790468
0.30055285860808845
0.3005472794293996
0.30039765817864184
0.3003609009267747
0.30037627176657244
0.30044759297901347
0.30051488054752185
0.3005459673809935
0.30052035605984684
0.30056871745262925
0.30051999962675313
0.3004739227566353
0.3004909598891444
0.30047613103215476
0.30046899022148943
0.30048011969758703
0.3004960889644238
0.30046259824277244
0.3004607663711424
0.3004457921264775
0.3004481030271211
0.30025327948996505
0.30023388800007555
0.30024218328992647
0.30027075500448575
0.3002702530846272
0.30015117391246493
0.3000979077880801
0.30004676758516746
0.300039031019275
0.30004316281253307
0.29998349059249907
0.29997334760239414
0.30004537134498155
0.30004500549869895
0.30000119141142223
0.2999827461999578
0.29997366164241746
0.29999604751643283
0.2999823542065502
0.29995381385490194
0.299894667783728
0.2998543256562166
0.299803263313815
0.2997549428089692
0.29971251531098564
0.29970029685019395
0.29968951488535855
0.2996538030377587
0.2996689752804812
0.2996812807798255
0.2996385134184576
0.29967840160563053
0.29954619343292455
0.2994224943273085
0.29942179868979235
0.29943607703799724
0.2993200636110631
0.29931834830608783
0.29933015563114407
0.29924225573607555
0.29926781251900214
0.2992642970661191
0.29928724399888573
0.2993105268519136
0.2992671572960335
0.29929937692679165
0.2993763377117127
0.2993841285032601
0.2994015425358081
0.2994069145048901
0.2994683554992654
0.29951218045376493
0.29946506531793915
0.29945445449378705
0.2994863376281507
0.29954088219970587
0.2995094843359638
0.2996042988383991
0.2996926741104543
0.2996421247057318
0.29967788070269974
0.29967731704866085
0.29972092186173427
0.29978861386960765
0.29982961124207563
0.2999283987146223
0.29999782713808787
0.30003576168716406
0.30009562207006646
0.3001253656798135
0.30018712112643253
0.30023887713746933
0.3002652503781784
0.3003368894281295
0.30038056593950024
0.30045301477000763
0.300503759479955
0.3005459874581081
0.30045148839161484
0.300442311175419
0.300500846476938
0.30050464010661193
0.3005929193353456
0.30062775090434146
0.30066371699425876
0.30066793110718104
0.3006958080968827
0.3007090239169534
0.3007408349655222
0.30073165817790415
0.3007417881780522
0.30073469433689437
0.30066911430594057
0.30063675282222735
0.3006300847557889
0.30061285287612594
0.30063040656437
0.3006550148216275
0.30061259364381177
0.3005974193527958
0.3005766851475027
0.30062964390041147
0.3006468013616822
0.30053514576432083
0.30050875480281225
0.3005120636712354
0.30057298689401457
0.30058177699332944
0.3005719752436953
0.30060145211470035
0.30061858578342615
0.3006121513631027
0.30052142941911564
0.30049576254555077
0.3005583236199386
0.3005183531817941
0.3005763680866943
0.3005985059408214
0.30061539207947907
0.3005574099457662
0.30053684382797974
0.30048381803550595
0.3004438639505147
0.3004313571962127
0.3004249267208684
0.30037178569470124
0.3003474801941056
0.30032285796405844
0.3003228914525744
0.30028988948213675
0.3002834649332162
0.3002450994786081
0.30023235593053665
0.3001814875513108
0.30018775898280625
0.30017042729493415
0.3001016314531807
0.3000069641954364
0.2999953535225732
0.3000024463287311
0.29994533771097776
0.2999252840339811
0.29987993915016176
0.29978237740042146
0.29986687807497703
0.29978187527149225
0.2997624616625292
0.2997532323236456
0.29974519608589123
0.2997325174344663
0.29974384018449596
0.2996738818246091
0.2996421654088136
0.29956765201983715
0.29964330793783844
0.29963003284265743
0.2996713687846333
0.29968993381057674
0.2996633780084589
0.2996018350678462
0.29950097105055695
0.2995148220965266
0.2995332721271404
0.29954508427788573
0.29958502961778477
0.299589909081174
0.29961867087802474
0.29968064842193376
0.2996672119394177
0.2996913448567545
0.29971091141069583
0.29969654119901257
0.29966701117905803
0.29969887165784326
0.2997821279144689
0.29979761967466934
0.2998432379656679
0.2998682744126455
0.29981212107357846
0.29984048036053124
0.2998436832173711
0.29984363947814474
0.2998262954323281
0.2998373402214708
0.2998643435503502
0.2999300621453366
0.29995222648884423
0.2999499900191376
0.30001592160530044
0.30002587946395454
0.3000375235005832
0.3000481977903916
0.30014152948386574
0.3001942584570775
0.30019918438710047
0.30017037281800596
0.30012854539563993
0.30015100368691694
0.30017327044947306
0.3002138503424264
