0.499950000000034
0.5428859809477755
0.574401688454895
0.5982110011651534
0.61545098499168
0.6284655401610455
0.6387674155755574
0.6465428502075353
0.6524216697463319
0.6555114123296486
0.6575408381787784
0.6584555441393571
0.6599969488252848
0.6608433737581414
0.6605910966353254
0.658961674935252
0.657630889398109
0.6547389395305396
0.6520763176287747
0.650657516901674
0.6487704630765894
0.6461370649666219
0.643650330283586
0.6403931528953755
0.6380258411490107
0.6351186158891233
0.6325364410680698
0.6299020729948399
0.6267284355173333
0.6230372030575653
0.6200766963452418
0.6174286688251313
0.615147657692223
0.6131264486076056
0.6102489262973636
0.6077159746256995
0.6047285808003557
0.6017075656949753
0.5987040342584742
0.5955582657986758
0.5928960229257396
0.5903085288899435
0.5873298732999702
0.5851524597072367
0.5829048819909515
0.5800523732543208
0.5778841227383704
0.5759520932597855
0.5734525627727147
0.5711691759368126
0.5687716702884684
0.5667612336390515
0.5642942217386346
0.5615006464014816
0.5590721276684385
0.5569152440865268
0.5542645163948859
0.5518460326096299
0.5498824413141581
0.5473914815660501
0.54505492989278
0.5432990183932473
0.5406718072851501
0.5385210027299634
0.5364932622435781
0.5346774222671921
0.5332212984013853
0.5315680379794556
0.5295161114750373
0.5277525875738576
0.5258105540467287
0.5234907266788567
0.521493222829539
0.5192465349552392
0.5171972143313002
0.5147682757552962
0.5127896865733146
0.5107270130565358
0.5089336162335136
0.5067453549223488
0.5049492371444809
0.503388831572483
0.5016327341722799
0.5000326315948767
0.49806872102025346
0.4967723664553172
0.4950678266279862
0.49323301893300164
0.4921900909222602
0.49046930098561636
0.4888053951595145
0.4872496488545637
0.48582708690969356
0.48417348753206746
0.4825403669431596
0.4814058044743914
0.47967330366395
0.47771763637075815
0.4763362767037991
0.4751220072637887
0.4738367945190569
0.4722330256918553
0.47059965039484863
0.46937166226954175
0.46834748925404945
0.4673247230669789
0.4657660059144383
0.4643394993776634
0.46343343004730897
0.4620749009952133
0.46100701374168174
0.45965007563145166
0.4583780028975363
0.45719787767851927
0.45600284220159815
0.4546094289269105
0.4533647555357305
0.45225417393898804
0.4510123424940774
0.4499279959736189
0.4483076047778983
0.447270202971195
0.4462240072852406
0.4451868950358464
0.444382931932533
0.4432959950929476
0.4422404629159853
0.4407607989935043
0.43977235327203856
0.4389041597540546
0.43762764681841315
0.43677724134337836
0.4356606166625948
0.43459722033186965
0.4335573558545066
0.4325714425895414
0.4317120147867859
0.4307564521080921
0.42990081803264946
0.42871528269831405
0.4274780590234495
0.42655215304730065
0.42557024189143744
0.4245609212430942
0.4234279173115256
0.4221592350831005
0.42138515414215094
0.42072046313616107
0.41962945792504724
0.41859875872024255
0.4176884161634895
0.41680870093559175
0.41586773089632634
0.4148851583915564
0.4139045326019274
0.4131370967844815
0.4125215459497057
0.4119170869301315
0.41126023892369856
0.41060639090745676
0.40990708125810893
0.4090178171094768
0.408279325685704
0.4073519046223292
0.4063000229435
0.4055216265453395
0.40460553218880435
0.4040023953687131
0.4034583890110285
0.40247174251474194
0.4016754023804404
0.4009383562902812
0.40033010233049704
0.399262439633704
0.3982406174258497
0.3975112195241125
0.39671758369739263
0.39577231460661666
0.39493811216337504
0.39406440182854907
0.3935477435775606
0.3928213726581983
0.39204910783845914
0.3913830158566278
0.3906811176262901
0.389946836594929
0.3891718775116707
0.38867716109640327
0.3878010783752087
0.3870460299289432
0.38679799792140324
0.38613239010764266
0.3854796712445797
0.3847319882060216
0.3838887017139184
0.3832959171814456
0.38268834388012796
0.3820890502176253
0.38123876323617933
0.3805808730662895
0.37991711309868303
0.37929662582698287
0.3784089063760717
0.3777824165836329
0.377281869357173
0.3767761451175764
0.3759727750696479
0.3753407033547781
0.37476561426931054
0.3741024060614876
0.3735896908781752
0.3729488756024546
0.3724577529991602
0.37166590278653766
0.3712349945388369
0.3705464506699728
0.37002229017463106
0.36939630244669075
0.36874952266574057
0.36833843412124656
0.3677799751454083
0.36733132062493046
0.3667278329727899
0.36623957076006697
0.3657995121972911
0.36526294976687
0.3646379844572798
0.363999100137505
0.36335781098500985
0.36291580418211244
0.3626784294136727
0.3620455042926374
0.3616105822083784
0.36135401745864026
0.3606230185846081
0.3601083797753515
0.35960128225540844
0.35914465389468686
0.3586645731382555
0.3583401720326512
0.3577694893832202
0.35735934885644804
0.3568293638556347
0.3563210849721439
0.3558508062849097
0.3552245403962896
0.35463589376426596
0.354121521869584
0.35350337058293313
0.3528472780029902
0.3523517101708279
0.35175184028063655
0.3512632119803927
0.3507512753404177
0.3502760613486474
0.3495873472025235
0.3492930886381044
0.34886217153701293
0.34846725574619253
0.34800019859396225
0.34745836999653323
0.34713754446245415
0.34662107700818556
0.3461038553539597
0.3456582643999928
0.3451655582300085
0.34472424390105827
0.34424199442653913
0.3437730410465646
0.3433721200549191
0.3429308977243255
0.3424704322519082
0.34210388494533617
0.3416531820972408
0.34108500482450366
0.34063360387266306
0.3402602105084931
0.3398512133817717
0.33949349745958524
0.338980328089842
0.33845557426772743
0.3382497731005235
0.33786957674636287
0.3375525629088214
0.3369326434499311
0.33646605158456333
0.33595094885429544
0.33564771112322433
0.3352668585512997
0.3347843737822215
0.33447968082171586
0.33400402624048786
0.3337516105949482
0.3335535908423808
0.3329775710570284
0.3326289572832649
0.3321758226000717
0.3317211451166897
0.33142006893952247
0.3310728121466028
0.33059571215136985
0.3303072676051644
0.3298789485703164
0.3295963712630805
0.3291818964482507
0.3289468847207766
0.32841505392075776
0.3281162349631763
0.3278494666101781
0.3275649168680922
0.3271655793222249
0.3268276484497704
0.32628224281151874
0.32596433121077306
0.3256088534788735
0.325299901351337
0.3249403983450654
0.3245081159842893
0.3239655815513568
0.323720137340503
0.3233859689580175
0.3230240122894886
0.3226281297055681
0.32242061320844473
0.32213596025780766
0.3216710011750573
0.32126597350538566
0.3210766756763682
0.32080947492888257
0.32031304673105654
0.3199275991308286
0.31956660561123573
0.31908908230908517
0.3187226854575701
0.31837427414958797
0.3180476203063731
0.3176538708472576
0.31741067276297397
0.3169341371143415
0.3165727516435043
0.3162241616105086
0.3158489037118115
0.31552732061154043
0.31515885367894825
0.3148286776430804
0.3144877052501601
0.3140536290622896
0.31375355337728894
0.31335904533160874
0.3130465442404764
0.31280634602165724
0.3124901262894293
0.3121196168615886
0.3116745948576165
0.3112649109862049
0.3110102401496996
0.31081459409502077
0.3105632109714944
0.31022283876407564
0.30976471177620524
0.30952159038680815
0.3092209429634968
0.3090614345379601
0.30883002555401085
0.3083922712007142
0.30796619065978237
0.30776068070369256
0.30748955423562285
0.30714150804881457
0.30678215209247106
0.3064922474095567
0.3062431678187296
0.30597980970456506
0.30575949230242294
0.3053573376046559
0.30505628966858667
0.3049326273930649
0.3046106561911598
0.3043243395942661
0.3040218930080796
0.30358587012403915
0.30329344951156156
0.30301030793536043
0.3026798272522082
0.3023793277810871
0.3020483377333286
0.30181227612750705
0.3015516448892661
0.30127489799909946
0.3009333916891136
0.30058703293494915
0.30034377907707865
0.3001157980290825
0.299765288960416
0.299500524384685
0.2992445572658047
0.29893969713728197
0.29871490965398173
0.2983192887884135
0.29798701151887597
0.2977126108729333
0.2975240365012396
0.297326728775427
0.2970986838057429
0.2970026325444045
0.29689521450101564
0.2966477540739072
0.2965021816253025
0.296193963135839
0.2959349584374392
0.2956461000014573
0.29538503480909006
0.29511331273707675
0.2948440352230052
0.29468642936920586
0.29453708908737664
0.2943758457702439
0.29415712936989846
0.2939925751659541
0.29369181409451484
0.29339752464326463
0.29322055960965765
0.29305338305272066
0.29278345466431543
0.2925162284109506
0.2922895103729509
0.2922912696782265
0.29211205046752686
0.29182059428599727
0.29153071207085657
0.29150322358155356
0.2913637200790977
0.29121637556672153
0.2910758693692772
0.2909499622826569
0.2906865500186807
0.2905097720950921
0.2902696583923615
0.2902229292556695
0.2901898320870636
0.2901178557271916
0.28991845819929785
0.2897911013749226
0.28960217596821436
0.2894306434000421
0.2891990905470292
0.2889310386421442
0.28872252113883523
0.28855834744340725
0.28844894569984325
0.2882724465112737
0.2881472814928082
0.28808595333746156
0.2879581910867849
0.28779571366717815
0.287742824029632
0.28765732165406566
0.2874753677606764
0.2874544137943924
0.2873440811581671
0.28729455874687393
0.28727684131023346
0.2870465627485167
0.28710197518059566
0.2870464000123175
0.28709559488892533
0.28713849001219205
0.28705323929595994
0.2870385478207512
0.28691461285772624
0.2868761370514957
0.2869086040531518
0.286981361468698
0.28691430083665115
0.2868937941042732
0.2868888269343983
0.2869422968606534
0.2869385898909522
0.2868378139078086
0.28689724958552887
0.28691144060402796
0.2869224013254087
0.2868910077373965
0.2869275180587323
0.28701648919323164
0.28695910339750086
0.2869625563429219
0.2870777700594014
0.28705838377649484
0.28705093007602844
0.2870562305416344
0.2870502022708
0.2870122541673429
0.2869456410394631
0.28698396749485156
0.2869272648071036
0.28697630652241424
0.28690536644368003
0.28701598340772727
0.2870254442822041
0.28714365264176156
0.2871683839033886
0.2872134843515386
0.2872225517592585
0.287280198663878
0.28725460559068394
0.2872648723224558
0.28724058690287424
0.287251108511407
0.28728482884552076
0.28739106303438067
0.2875301086163755
0.28754496242472116
0.2876120993879918
0.2875721401195438
0.28778931541115615
0.2878035406514221
0.2879693865417483
0.28805983075031516
0.28814698413678497
0.28822389943167726
0.28823479402951724
0.28835271227658976
0.2884396878010731
0.28851067941104624
0.2885461711295817
0.28862104104548314
0.28872225827139764
0.28884213340142584
0.2889652024503506
0.28907553379515427
0.2891715301118809
0.2892758713175472
0.289348814079452
0.28950987308558407
0.289660589871812
0.2897299117282556
0.2898503847736309
0.2899012661419381
0.2901160481214322
0.29033840132926814
0.29046025409461473
0.2906067829475938
0.29066661999468757
0.2908309560682919
0.29097112170855
0.2910946455505946
0.2912193155553787
0.291237044797797
0.2913515266336666
0.29146628873280045
0.2915783595291901
0.2916075607544427
0.29179991078115264
0.29179490362909677
0.2918901054420381
0.29203955957726013
0.2921452418093228
0.2922338815005975
0.29233952214424486
0.29245559631658313
0.29262398243031795
0.2927079459040135
0.2928506721318789
0.2929830787166825
0.29316756487946394
0.2932633573595893
0.293359278632768
0.2933944798169018
0.29356214700230077
0.29361871322958066
0.2937691508559942
0.2939002186098111
0.2939809214649348
0.29404217468335236
0.2941524333115473
0.2942544573006093
0.29438385836251113
0.29452651145579634
0.29463301625680516
0.2947134022081781
0.29493730341058466
0.2950647477779146
0.2951959033514209
0.2953460012324609
0.2955004542846307
0.2955452034856739
0.2956568038712234
0.295820452931296
0.29580964805160037
0.2959619343306664
0.2960229333281812
0.2961249903519162
0.2963411716795912
0.29645253562898843
0.2965783848881932
0.2967250740187629
0.29684147794833604
0.29686097991388916
0.2970275427679122
0.2970021194570658
0.2971122579690011
0.2971879327886843
0.2973324734664634
0.2974471909479227
0.2975448431889476
0.2977053471889639
0.29784165228661263
0.29789275289333617
0.29805460352757285
0.2980942015772926
0.29814244684291813
0.29820149153028797
0.2982877167487159
0.2983523582706885
0.2984959359009559
0.2985741475579331
0.29868555790236007
0.29872216894101566
0.29882085517288615
0.29894973011431936
0.299033953920977
0.2990954659817181
0.29930981309369054
0.2994356569144887
0.2994129568142221
0.29955712392174483
0.29969490465193827
0.2998563917688899
0.29991665695897396
0.30005839033672954
0.30022676769193235
0.30032466575412264
0.30041624561229363
0.30047870029849555
0.3006810268665705
0.30077330203909103
0.30086496378039196
0.3009279801510205
0.30103167721352964
0.3009756753507896
0.30102704262658186
0.30117129632320205
0.3013142389729466
0.3014144525621033
0.30150647627043337
0.3015853216515849
0.3017016217671922
0.3018459204154197
0.3019910748203736
0.3020404777409862
0.30216073766201823
0.30230475088191655
0.3024708048282314
0.30258949075808117
0.30260681173118253
0.30278838897664506
0.3028211869799631
0.3029358217664193
0.30293346806227206
0.3030824605087359
0.3031963079387642
0.303320579192881
0.30337822420007676
0.3033756158277715
0.3034822287007721
0.3035882874599811
0.3036141678753307
0.30377223229156625
0.3038705131168188
0.30394620468519606
0.30406454443554853
0.3041990391352217
0.30414685073604464
0.30424191830280567
0.3043370483739203
0.3043945509119216
0.3045232910058595
0.30457130715363934
0.30466753853524875
0.30480413679980334
0.30483850717609273
0.3050015965199099
0.30508539013799807
0.30516580090531675
0.30527293874801176
0.30529686988404015
0.3053516101013537
0.3054179994827755
0.3054771901793828
0.3053975133954676
0.3055256705264675
0.30567818560328963
0.30575332653618403
0.3058659492038106
0.30595618667697777
0.3059928191992559
0.30614887935486734
0.30620076951123676
0.30624793308825315
0.3063157048230932
0.3064030255046063
0.30652709212637264
0.3066094272174945
0.30663133827922395
0.306691098233128
0.3067703535033348
0.3067862459378804
0.30688228426351016
0.3068543098510713
0.30690824606311495
0.3069617127816018
0.30701149821267637
0.3070302545706195
0.3071285399003375
0.3071948821998983
0.30727097834158335
0.30729465259972977
0.30731200803710235
0.30741417535514803
0.30743888798276675
0.3074516479441425
0.30745382575627167
0.30748625693534093
0.3075371644499
0.307533985188424
0.30759018319613585
0.30774101817958943
0.30773594422176276
0.3079075672255319
0.3079305761206407
0.3079783482350642
0.3079886366434186
0.3080997007614559
0.30818950968465975
0.3082499741291582
0.30834565323017205
0.3084006505272038
0.30840128756612883
0.30848573526991174
0.30847042966306737
0.30859035568651094
0.30868332983953306
0.30887786838219555
0.30895952734973187
0.30895018920840966
0.3089824414504213
0.3090741702858998
0.3091375450711432
0.3092491990048818
0.3093143761618705
0.3093434052816897
0.3093780793130084
0.30939838153645094
0.30951783483780615
0.30961001575986047
0.309595146114781
0.3095986554782574
0.30957558343011293
0.3095745651734608
0.3096106650065342
0.3096464927913649
0.30964215275470575
0.30962729580962134
0.30965252418945766
0.3097121234253246
0.3097203612826739
0.3097582322807405
0.3098775952348213
0.3098721653481453
0.3098601719394052
0.30994114193118816
0.30994133283029135
0.3099876863107436
0.3099896114127989
0.3100065584568399
0.3100213143080359
0.31009466898719795
0.31007997069364135
0.3102003085257674
0.31011968020048697
0.3101920682459516
0.3102177074511375
0.3102391328093629
0.31024485829138504
0.31026655565470107
0.3102379218859259
0.31027217920321437
0.31025400821277904
0.31033554420881293
0.3103476057137964
0.31032515924204274
0.3103887040668404
0.31037438686227525
0.31036908330846824
0.3104104324626773
0.3103677745236061
0.31023670505341394
0.3102809253541895
0.31031158717095575
0.31029922498610285
0.3102734029525599
0.3103097297849674
0.31028482098139243
0.31014960650856527
0.3100924412375823
0.3100310227333023
0.31002414676783974
0.3099572933340148
0.31000297764868023
0.30997369597787294
0.30992749141816245
0.30997631669422077
0.30995758971926846
0.3099444933646204
0.30996144063314246
0.30996818972799756
0.31001738922998034
0.30998592010738724
0.30993375190592953
0.30994826658391295
0.3099334638773439
0.3099527824492614
0.3098639370842384
0.3097858939367597
0.3098317184258088
0.3098764641844337
0.30987292011633893
0.30978989302841897
0.30977049994275485
0.30974928079611574
0.3096932534235346
0.3096302598233738
0.30957798530861247
0.30952208898843236
0.30954874092999873
0.30946991681123914
0.3094895066239174
0.3094848176199557
0.30943489457689677
0.30940251659625795
0.3093488951655162
0.3094121552327007
0.3093767873404105
0.30936038528365284
0.3094036423203891
0.3093370166302867
0.3093717308280717
0.3094006487651281
0.30928846668331733
0.30919638597643573
0.3091642975976038
0.30908578761659533
0.3090957500408169
0.3090707019556539
0.30899529068951836
0.3089755884974472
0.3089633063274194
0.30889018363810405
0.3088344667626083
0.3088348871849951
0.30875005891257534
0.3087628130407458
0.3086128368996095
0.30858365402791155
0.3085353045379
0.30854419510332554
0.3085293782372258
0.3085769338551293
0.30857561154790947
0.3084892988462141
0.30846043634684117
0.30836018326153325
0.3082598725547211
0.30813948396044677
0.3082199164267736
0.30824528427711884
0.30822354010598085
0.3081803048180394
0.3080999014532644
0.30799610817569756
0.3079782018684267
0.3079578916368023
0.30795154511037304
0.3079251264051589
0.30787642581186514
0.30790012347929907
0.3078140913339549
0.30770838198059447
0.307641695033819
0.3075775103092828
0.30750765333572916
0.3074149294529327
0.3073747010346004
0.3073535233283865
0.30725771982714367
0.3071923527450314
0.3071422997643637
0.3070643594908977
0.3069912827324536
0.30691712443083685
0.3068564672833547
0.3067208953748788
0.3066475401441804
0.3065380461218712
0.3064248028172525
0.3063586985079617
0.3062625673681072
0.3062361903910723
0.3061912439503808
0.306165137064342
0.3060551777545901
0.30597457499274583
0.30597242670733604
0.3059415324877044
0.3058287515813788
0.30576386263072164
0.3057068201491526
0.3056475350485617
0.30562448908848683
0.3055271701796539
0.30544984861400626
0.3053758156436648
0.30529846884054146
0.30521969456893827
0.3051733702951791
0.30503961175339045
0.3048608035974998
0.3048401383464745
0.30469667758050356
0.3045962364447907
0.3045296803012908
0.3044293641676815
0.304364294627522
0.30430600359871196
0.30427629515740706
0.3042125863619143
0.26246929659558416
0.24935585995920084
0.24926118698635347
0.24832816688106873
0.2478861609873545
0.24797602713595635
0.24810363502617327
0.24816255459614078
0.24830982350458364
0.24841668007066642
0.24855393334859333
0.2487213615143966
0.248862975225856
0.24901549642578502
0.24922637924072166
0.2494545464304223
0.24957677141546308
0.24968255573628884
0.24981262675666194
0.2499876167217423
0.2501511739493324
0.25021497772597423
0.25038071631790526
0.2504642140168378
0.25064010587292884
0.2507939091337358
0.25099472422806646
0.2512123925396377
0.2514247781184292
0.2516691548913327
0.2519344890723687
0.25214460080168966
0.252378650185629
0.25249985250630214
0.25263959059012686
0.25279369244874583
0.2529088896302958
0.25307358251302325
0.25326135383493564
0.2534526035659471
0.2536221128431686
0.25383571135853056
0.2539530307858948
0.2541254651402046
0.25433689397867965
0.254463522119998
0.2545893200496768
0.25479723866392845
0.25488667658653974
0.2550782468933851
0.25531302651590515
0.25552935452519066
0.2557084236940902
0.2559603089533111
0.25616527655876986
0.2563625025354209
0.25655592235275604
0.2567370256653083
0.2569424343888457
0.2571868259676584
0.2573557988909211
0.2575092980337804
0.2576430412709405
0.2578075749256572
0.2579732915008024
0.2580291296867451
0.258259105251604
0.25841880148586727
0.25859100842491667
0.2587909739516454
0.25899905690857694
0.2592261909784188
0.2593496261593796
0.2594239701247627
0.25965438085414627
0.25983152387397057
0.2600302504764106
0.260171606229628
0.26020971124864467
0.26040413692947395
0.26061083144689634
0.26074827132004297
0.2609276764868219
0.2610631901849281
0.2611964041881226
0.261327350154952
0.2614903555974748
0.2616529443066421
0.2618294786030151
0.26200636010109746
0.26216286686438495
0.2623254950105042
0.2624682825318726
0.26262756962689593
0.26276195642001476
0.2629757063309436
0.26312111746071365
0.263336055067275
0.26349697653386517
0.2636983223314161
0.26390184507585357
0.2640563341373948
0.26426972530612025
0.2644942315923592
0.2646772274366692
0.2648113054333847
0.26486672011962253
0.26509022191405407
0.2653558175456896
0.26548201047617914
0.26560565610809994
0.2657811891949685
0.2657947113386263
0.2659841742687249
0.2660355874790442
0.26624132095878783
0.266485472547087
0.2667650778050439
0.2669607411652699
0.2671123272969058
0.26733846408366113
0.26753895257286187
0.26773049472901667
0.26784943508989834
0.2679124891381064
0.26807083144901944
0.2682665978284354
0.26834179978357686
0.2685546791485953
0.2686750308769761
0.26879403768966315
0.2689889702649678
0.26915314708152793
0.26930323106413856
0.269481819232006
0.26961131820771034
0.2698125896845749
0.26995629838220503
0.27020551741646215
0.27034635093858406
0.2703907640856157
0.27049284560893205
0.2706965283644933
0.2708710615530361
0.2710425341196713
0.2712460522449671
0.271427410938722
0.27158228336151014
0.2718402143021228
0.27203212589048587
0.2721878248049385
0.272312589823303
0.2725012746583757
0.2727395750013889
0.27288662815594367
0.27306701904251096
0.2731836886253898
0.27330717586572306
0.27346366068901007
0.2736133652159993
0.2738195219673174
0.2740325945877977
0.2742259612127297
0.2743361059406696
0.27451380897776756
0.2747489470624801
0.27494751038240983
0.27518994928585094
0.27534595818669527
0.27540985163130005
0.27554959966404713
0.2757178926745324
0.2758907506565974
0.2760440509795222
0.2761979946509001
0.2763643495581196
0.27655175678555644
0.276732791618986
0.2768598182886375
0.2770450059241645
0.27718639007515045
0.2773385739925033
0.27751492611058715
0.2777301317804267
0.2779433803537481
0.27806260632265367
0.27820697702337405
0.27845709010453934
0.2786661625284851
0.2788921373385891
0.27908442216907314
0.2792826591369931
0.279462187304664
0.2795916155600937
0.27976665643552034
0.27989518861649987
0.27997910467231324
0.280192419326173
0.2803203224631686
0.28052450620905167
0.2806518392787062
0.2808396641917821
0.2810092405653347
0.2811555428369219
0.281286503758134
0.2814179406901509
0.28156462266892357
0.2817468731792375
0.2819915877065753
0.2821152266245708
0.2822688881862001
0.28245936263147187
0.2825873165812943
0.2827242643865606
0.28294851146399347
0.2831206024322004
0.28311866376818684
0.2832697349193173
0.2833858867108924
0.28357597088979614
0.28368956655350375
0.28383238190679705
0.2839934289872108
0.2841368672581098
0.284327984123558
0.2844725203421782
0.2845748324576013
0.2847879868552009
0.2849472533451718
0.28515125637055294
0.2853008512880516
0.285504941053472
0.285678751795426
0.2858833599425765
0.2859626481918779
0.28611799657587766
0.28625890321690883
0.2864194498535214
0.2866329837646203
0.2868149105297544
0.2869711077115521
0.2870304913201255
0.28723794141286463
0.287368012045887
0.28755502270284417
0.287649402598372
0.2877464813610072
0.28767169338818066
0.2878088074620915
0.2878676659956503
0.28804511767747687
0.2881643697514732
0.2883252505443915
0.2885267882382556
0.28867421308930696
0.28887060438576595
0.28901944411206837
0.2891627904760836
0.2893770381078298
0.2895970867179599
0.2896718412682112
0.2898557382559991
0.289992153699577
0.2900922782213837
0.2901743571400617
0.2902998787569663
0.29040671569793375
0.2906361208389603
0.29080383620692163
0.29098933503554325
0.29112949935405374
0.29130077423896783
0.29130623971176617
0.2914285491326225
0.2915751439279377
0.2915794024199676
0.2915499224346385
0.2917153240721273
0.2918615103266746
0.29191565028972033
0.29206996325719436
0.2923229678085788
0.29245016823028147
0.2925524796638712
0.2927601749000873
0.2928617382014035
0.2930457690014865
0.29318493570424153
0.2933445441383745
0.29347255197203237
0.2935954290906675
0.2937410502108152
0.2938279849953327
0.2939522984409776
0.2941602398963924
0.29432493815058947
0.2943323538151331
0.29447701078099764
0.2946195800446638
0.29478138694248546
0.2949183905571152
0.29506138022410766
0.29520893934883086
0.2953289445336331
0.29557366444785804
0.2956971854284467
0.29593577045087816
0.2960873884872144
0.2962834212335197
0.29641931545543476
0.29652811363786047
0.2966675924957247
0.2967830005507788
0.29688020659971115
0.29704870141040973
0.29717732832871946
0.29730702754602767
0.2974571003969114
0.29764246449282017
0.2978532876047154
0.2979896567292539
0.2981525152904376
0.29825373277726364
0.29846196154639737
0.2985367165585091
0.2987461491118065
0.2989004539351182
0.2989702455599148
0.29913977377987255
0.2991953964520686
0.2993506058081624
0.29952994893938556
0.2996071003891666
0.2998138319164979
0.2999092779993585
0.29994144578954585
0.30012339641806984
0.30031450121337455
0.30045271705462884
0.30059653866291747
0.3007274696503319
0.3009218333390212
0.3010556078080856
0.3012273092103651
0.3014256551107938
0.30157897874224027
0.301715024617605
0.3019381566346042
0.3020664856798847
0.3020262307610849
0.3022012847992408
0.3023834264428852
0.30261877578235585
0.30273763750139415
0.30291011410392876
0.3030781090228607
0.30326087574754335
0.3034513004142939
0.30359871294118934
0.3036683837132266
0.3037794315722663
0.3039063177251483
0.3040930398273993
0.30421662275530126
0.3043533293785289
0.30446963603969024
0.3046442969769352
0.3047770625758861
0.3049392366408391
0.305103808065475
0.30530567399429853
0.30541977487069094
0.3056121476378121
0.30579105372245097
0.3059226317177348
0.3060402230076008
0.30618830895467664
0.3063400965003331
0.3065102067223813
0.3066835516037929
0.30684876857111887
0.3069659623397054
0.3070775003567542
0.3071451938101084
0.3073137266406748
0.3074238071078993
0.307602046067483
0.30771550798600433
0.3078824778515993
0.3079750850409607
0.3080730483386289
0.3081752501641668
0.3083225980980313
0.30840878073684186
0.30853622355049104
0.30870017000858896
0.3088288196835989
0.30891619668954495
0.309011295395747
0.30913804491496455
0.3092803709093864
0.3094241351068139
0.3095636318792635
0.3096831500825399
0.30975223335716306
0.3098805086084927
0.31005609370045917
0.3101495426249887
0.3102424130395862
0.310352809095893
0.31032180193799386
0.3104599091752641
0.31060785382037404
0.31074131318718745
0.310901484120769
0.31107019384598467
0.3111425428426601
0.31124875069296887
0.31135013813082946
0.3113664080606706
0.3114124658569457
0.31156522364145733
0.31165304841389885
0.3117840902268273
0.31198704702869196
0.3119856916142042
0.31202714795749786
0.3121025764745491
0.31224426185338683
0.31229932389622317
0.3124109109487313
0.31252931971699105
0.31258448265661065
0.31263498578483306
0.31275917428078104
0.3128498412672486
0.3129668911683522
0.31304240238383196
0.3130763942207174
0.31316105413722295
0.31326992955966493
0.31328837063615556
0.3133928362976306
0.31337508033006245
0.3133993117301762
0.3135171618656215
0.3135834887322022
0.31366687365942014
0.3137059555731778
0.31362635257590055
0.31368462754366355
0.31375843266393333
0.3138313682987036
0.3138682701260018
0.31394320422574773
0.31383457281323934
0.3138729468895848
0.313918027103127
0.3138872925018773
0.3139145732146178
0.313925614033464
0.3139787206991982
0.3140323418820856
0.31411328650790626
0.3141514997753435
0.3141738683168378
0.31416018059151185
0.31419140774638943
0.3142150720477921
0.3142387849790942
0.3142280715520305
0.31419080868097204
0.31428566206717656
0.314283758972592
0.3142974350665715
0.3143123581261429
0.31431723652144705
0.31435173840479835
0.3143852753478108
0.31438818903272636
0.31439631755313446
0.31445700928847586
0.31448359643905277
0.31448148640356255
0.3143475433097065
0.3143787024647834
0.31439562092395534
0.314461985561613
0.3144471247727574
0.3144917141883843
0.314526258808807
0.31449712372603433
0.31454129521197083
0.3144657395920909
0.31443174650490424
0.3144759677694847
0.31448840568425274
0.3145210388065153
0.3145028038437089
0.3144587440461579
0.3143752532017049
0.31438464876203853
0.31442712483399127
0.31439523697189165
0.31433691825254484
0.3143228284570614
0.3143440790705987
0.3143306938401874
0.3143351271153261
0.31444256678256066
0.3144219131041558
0.3143577700672695
0.3144207060673033
0.31437085095026773
0.3143740649245085
0.3143914841812858
0.3143872816095159
0.31438263973122416
0.3142770685254692
0.3142880082072167
0.3142834229245184
0.3142076989075313
0.3141566044349976
0.314120270874659
0.31408720939854007
0.3139950454547683
0.3139935654305285
0.3139325982445832
0.31388368452214277
0.31380559860995616
0.31382584922990764
0.3138066742761131
0.3138226406764979
0.3137536190318235
0.3137108173659847
0.3136832127955701
0.313639987358336
0.3136264868749902
0.31361731057385245
0.3136184063829316
0.3135748666792961
0.31354501461065953
0.31350150783446584
0.3134202962612964
0.3132068784428875
0.313147717981098
0.3130709127382656
0.31302424030833265
0.3128838874832869
0.31276803679687915
0.31274893691660965
0.31273669076684085
0.31268573132811794
0.31263148425045606
0.31259893281061824
0.31256963375554814
0.31252771422438785
0.31245543995543934
0.312347194021245
0.31233311939653075
0.31223000126755684
0.31216090228592075
0.3121824583382252
0.3121725615169355
0.3120564365577757
0.3119766534110179
0.3119386283869747
0.31188901695374527
0.31186841977610835
0.31185923243427394
0.3117431895739393
0.3116670069981754
0.3115862578235715
0.31155451727579664
0.311493324423772
0.311441288569439
0.31134035752394673
0.311317898889492
0.31127652575396136
0.3111659049258553
0.31110753780913125
0.3110931254567141
0.3110657796813686
0.3109902248661387
0.31076350483242987
0.31068672558236543
0.3105904455784715
0.3105748620657731
0.3104811375022849
0.3105006369583839
0.31039827196499614
0.31029556257749424
0.31017224539865995
0.31006175054024476
0.3098680993218277
0.3098184678544724
0.309771978716738
0.3098031667863582
0.30977223235146156
0.30967182357741085
0.3095886702232301
0.3094786026451348
0.30942646688284725
0.309381156917355
0.30929583935568883
0.3092244163513844
0.3092336088017922
0.3091924682501308
0.3091333977265265
0.30906422089317487
0.3090197767737479
0.3090528440508654
0.30898262674309374
0.3089047795492922
0.3087629742462339
0.30872111773301114
0.30865771921217156
0.30857305739466834
0.30852929731231404
0.30846678172674913
0.3082968789111049
0.3083517109877103
0.3083345238676932
0.30826879356032666
0.30816367375596565
0.3080513234877388
0.3079430864492563
0.3079092252548751
0.30783319338551274
0.3077784833564471
0.30771215056463697
0.30754425177190226
0.3075073873445825
0.30744081838688875
0.3074804576896336
0.30748508338204283
0.3074545893743177
0.3074054129827476
0.30732089832779685
0.30741000818593356
0.30731443629435107
0.30719848413907236
0.3071680941246788
0.30714220792152613
0.3070737410095178
0.3069458516014455
0.30685052002825086
0.3067537941338846
0.3066806099410988
0.3065953842919428
0.30647936872461967
0.3062937424678871
0.30624478863620963
0.30616176510456894
0.3061149285182564
0.30604593844734695
0.30592161986393784
0.30588134094015795
0.30580556224176747
0.30567499838757417
0.3055664460347468
0.30551246791720876
0.3054633107850381
0.30536016495504537
0.3053007916283301
0.30522524116014604
0.30520120470738465
0.3051184775426131
0.30492803359575404
0.30483479932500834
0.3048146700578699
0.3047165472449015
0.3045637048004367
0.3044643453930541
0.3043894688065535
0.30439189106171083
0.30433621813381406
0.30421098424492143
0.30412179081519075
0.30406592277013966
0.3040465795639824
0.30402067117697695
0.3039346551780161
0.30385943266630266
0.30384723857965223
0.3037167937415203
0.3036710055067665
0.3035678935352881
0.30347734599174736
0.30339837857403995
0.3033859982415542
0.30325957346499277
0.30319426408503247
0.30318510529479714
0.3031265425906359
0.3030520620937186
0.30299695060113074
0.3028778124226771
0.30274083536209995
0.3026508856596932
0.30260184301960336
0.30249390149589983
0.3024083605031681
0.3023759715475718
0.3023149271670845
0.30226656825055276
0.30228714572311555
0.3022245952517115
0.3021055239032021
0.30207718860440536
0.3020059187313414
0.3019380927276464
0.30181901135058165
0.30173252321225685
0.30169568805272207
0.30167229260043216
0.3016032424957732
0.30143829841417535
0.3013344398454817
0.30120688164194265
0.3010976524144243
0.3011581565523297
0.30115237383173943
0.30111232301112434
0.3009346851102124
0.3009260249339666
0.3008738626794817
0.3007672700483115
0.30067812124205284
0.3006180851210666
0.30056682862219875
0.3004730117658493
0.3004176029256683
0.3003547101643307
0.3003707623904661
0.3003508493594581
0.3002849106327232
0.3002478687838507
0.30022310791563955
0.3000481744587965
0.2999843711548602
0.29986455307938353
0.29975667151916896
0.29957099056596004
0.2995123575598746
0.2994579560974667
0.2994481150217527
0.29938511691609593
0.2993860590738794
0.2992966277068114
0.2992311831457247
0.2991920223886311
0.29919806365712964
0.299151907743216
0.2991502043472174
0.29904509903501963
0.2990447281856451
0.29903431538832603
0.29899549984524865
0.29890537381031346
0.2988427631850903
0.2988116114550732
0.2987493504333487
0.2987154194478344
0.2986742085344243
0.2986121499115162
0.29853312408664023
0.2984560659109642
0.29839886243891967
0.2982960008821348
0.2982875980381494
0.2981295803598555
0.2980889756303625
0.29803155079937194
0.29798573558542474
0.2978863236489325
0.29782998499363134
0.2977363361675067
0.29766464277987825
0.297587049456142
0.2977026733682333
0.2976243976239702
0.2975790417918398
0.29744756400475747
0.2973589288234312
0.29727961226328836
0.29722497305243145
0.2971987644426526
0.2971576994127445
0.29711083814415984
0.2970122051722921
0.29699201186486646
0.29691581806483036
0.29687704110103774
0.29681236419966117
0.2968180248367154
0.2967302563140216
0.29667933583913375
0.2966471901366654
0.2966857311446647
0.29657083287025965
0.2964646164716095
0.296377251901937
0.2962433575260198
0.29617436815289344
0.29612172620988353
0.2960872796776879
0.29598483077693283
0.2959735670233412
0.295894650946845
0.2958797412898515
0.2957944217143925
0.2957498877579545
0.29550917611700767
0.2954497144580226
0.29547391274202617
0.2954168635351405
0.29540637282355975
0.2953970412694412
0.29530862008500436
0.29531766536782267
0.2952736028020789
0.29524065472282957
0.2952112948113401
0.2950982894867208
0.294993792498621
0.29492206179882374
0.29484792463013
0.29482606338252393
0.2947354353418351
0.2945683596612201
0.2945410088345951
0.29449344323355764
0.29442099503248254
0.2943880576292499
0.29436721381012765
0.2943630929983211
0.29430771908009
0.2942627750833793
0.29417610522753335
0.29412062334852185
0.2939804195891058
0.29381646319618904
0.2937608465103113
0.293735223198763
0.293711623376958
0.29364276908940223
0.29347280216997096
0.29341526636521187
0.2934164003776747
0.2934146390541086
0.29332494691661526
0.29331395845167574
0.2932505338235353
0.2932796747611598
0.29321897728448865
0.2931892331397602
0.29313518486180534
0.29312862461703326
0.2931164622619463
0.2931834437688239
0.29315506629563304
0.29312484508250125
0.2931096704357221
0.29308559081198815
0.2930229925891974
0.29299257248135724
0.29298415867452066
0.2929499664694969
0.2930724621715465
0.2931199604011506
0.29296175830665194
0.2929645596452488
0.2929413416357666
0.2929214241085538
0.2928972839502717
0.2928839217150606
0.29283598482256057
0.2928398403808208
0.29278972225712385
0.292720131959995
0.2926775583056781
0.2926397737323685
0.2926555125432442
0.29263884572161947
0.29265517429591914
0.2926290265926367
0.2925744522905602
0.29256416982034616
0.29254019615755555
0.29237682808164533
0.2923569382892799
0.292434844447108
0.29239562492048843
0.2923755252704312
0.2924463740813582
0.2924505884942623
0.29241165135552805
0.29245052005913297
0.2923945978592972
0.2923555976844757
0.2923387828036994
0.2922767300584056
0.29222624485204196
0.292215008044063
0.29219915892633896
0.29221902913505327
0.29225484354091436
0.29218514315419764
0.2921124540493235
0.29204794228222375
0.29192903598806375
0.29195090874174334
0.29189525168039143
0.29192371949414997
0.2918649273636149
0.2918727247710693
0.29193096004798813
0.2919329557847058
0.2919040188725699
0.2919421575101967
0.29191685617084917
0.29192567035953476
0.29191347758155806
0.29190187663008227
0.29192910833793584
0.29189213838521366
0.29185060904291926
0.2918199632527191
0.29177559097310124
0.29177669730696576
0.29177706391213487
0.2918106381982579
0.2917944615698801
0.29176821973771006
0.29172566424096624
0.29171023966828946
0.29167306439822227
0.2916233065212034
0.29164983976915826
0.291683435636062
0.2915875601272978
0.2916313095201736
0.29162816373137346
0.2916409109148266
0.291674283479718
0.29166958643427177
0.2916799349227932
0.29168399436141546
0.2916851284927563
0.29170057682216566
0.2917502765697506
0.2916417455389205
0.29164830201199254
0.29168986983632017
0.291667810639861
0.2915510686046534
0.29148584284261225
0.29148538645963495
0.2914766533891847
0.2914488278368763
0.2914167590659551
0.2914234793959013
0.291395276638288
0.29135018877206886
0.29134362326817953
0.2913816540672256
0.2914061110365135
0.29146154544672553
0.29148153586962255
0.29151845716077585
0.2915573736250342
0.2915345727044102
0.2915261545284935
0.2915582273407685
0.29163885077617613
0.2917399657754385
0.2916808611978906
0.2917057677174819
0.29175742979433517
0.29171430918733865
0.2915886899940694
0.2916288648685176
0.2916332389541094
0.29166099083065455
0.291691252483676
0.29172511992978856
0.29174258505380934
0.29176783672487105
0.29179155035730997
0.2917977954507033
0.29181553713438657
0.29179792019327144
0.2917910371351632
0.29182388722596286
0.2918610759013682
0.291834791042906
0.2918130060761963
0.2918400482325042
0.29188350622002224
0.2919349044279693
0.29190277651529306
0.29189734487119057
0.29192897337324597
0.2919482346761648
0.2919211378732923
0.2919741788215421
0.2919838936979936
0.29196438045427053
0.2919993120409726
0.29198532800884736
0.2919487421789366
0.29198814429039877
0.29199861426240725
0.29212613083865424
0.2920602669753555
0.2920296312474121
0.29203184262591886
0.292097167929284
0.2920984023222368
0.2922190421089229
0.29227045276970987
0.29230450734470204
0.2923099195927359
0.29228742162725097
0.29235970632075425
0.29241142253594776
0.29236575141408605
0.29235082900705056
0.2923628933377588
0.29239847478223724
0.29238166350543815
0.292387146503611
0.2924325025101663
0.2924380031014765
0.29246033182629894
0.2925376075252595
0.29257086337539084
0.29258477938472793
0.29263120561737643
0.292693154442048
0.2926869558554618
0.2927228763205625
0.29274022103277186
0.292683329446917
0.2926560133971261
0.2926506642042608
0.29261948499450874
0.2926284070139914
0.2926667795505502
0.29263201964504937
0.2925655962363155
0.29256373407544234
0.2925596322378724
0.29265532332206534
0.29265298969443876
0.2927151771667813
0.2926988392103862
0.2926679451283041
0.292649583464912
0.29266950801291636
0.2926913772906474
0.29273943524096946
0.2928375005212216
0.2929184779023051
0.2929425874686955
0.29302698232645397
0.2930009928758266
0.2930062870463872
0.2930562189658946
0.2930609258424878
0.2930163855446215
0.2930031324838608
0.29310208041551
0.2931944547148999
0.29315047755325996
0.29315800120430313
0.29318470355931703
0.29324407495802873
0.29328667738255754
0.29336101025463424
0.29339019879773975
0.29338603650171435
0.29339777516185606
0.29344615343827396
0.29326288876384676
0.2933321831147374
0.29324470117567014
0.29329650618352265
0.29338869687629665
0.29344416923491945
0.29344301942190043
0.29343370900066934
0.29345586848453453
0.29348858182805826
0.29359060997281583
0.293614580055495
0.29365201716386646
0.29371972246083766
0.2937049086799488
0.29371220532660547
0.2937092822591537
0.2936977223175268
0.29365727219963966
0.2936444083356645
0.2936316874231343
0.29369318806101274
0.2937631072299225
0.2938677756994278
0.29386913933598513
0.2939027732429207
0.2939318628917662
0.29392528871016743
0.2938695271419475
0.29389371754732596
0.29393371106005706
0.2939661077768372
0.2940486383647659
0.2940638955341486
0.29411173416944814
0.294163751783889
0.29423272339743345
0.29426606757447826
0.29443172449622557
0.2945012319669963
0.2945533801290562
0.2946256973265159
0.2946755237377646
0.2946185601459056
0.29464753184474857
0.2947063154375563
0.294751869699759
0.29476076450467803
0.2947405559268812
0.2947598411659601
0.29477524087826434
0.29473438477599045
0.29476286864035994
0.29486952430218616
0.29485291496482613
0.2948691805564071
0.29493419525515097
0.2949985192210255
0.2950137715326716
0.29504587133668325
0.2951005830918929
0.29511596685306396
0.29519035908780633
0.2952332506361889
0.2952522564068858
0.29524644796119326
0.29525748922126827
0.2952829558500071
0.29525567915916207
0.295305696716756
0.29538657969078286
0.295483606402562
0.29547781288996156
0.2955825495026183
0.2955256884490469
0.29554496987224055
0.295597044613645
0.2957663146450127
0.29582149942066904
0.29588295665310715
0.29593046715657056
0.2959542529680397
0.2959730914106764
0.29607288403995
0.2961015761543365
0.29614423753825425
0.29627942380017014
0.29637386806477595
0.29648832694114935
0.29656844135209803
0.2966252783598744
0.29676364674378086
0.29681991530611074
0.2968767232303029
0.2969529458471193
0.2969886691928273
0.2970379974278786
0.29709956769591817
0.2971496418304569
0.29716511645745014
0.29713632659745226
0.2970672427064768
0.29712060080903757
0.2971378966041661
0.29720538639119065
0.29725496502514925
0.29727459531104905
0.2972126289903033
0.2972196209629332
0.29725616083094597
0.29727817234694476
0.29730936931086327
0.29721832316600194
0.29726952667812845
0.297343645834273
0.2974065751740722
0.29737273222567717
0.2973777588430715
0.29744297202728853
0.29749184690511676
0.2975703995116955
0.29760422187737556
0.29769031846287974
0.29776889759907055
0.2978795096167265
0.2979003722546777
0.2979131189141885
0.2979964755260244
0.29806320713856727
0.2981027821707878
0.2980697526203171
0.2981025620931148
0.2978877769667355
0.2979592114771349
0.2980270706619458
0.29807795793745195
0.29809902972665625
0.298182391975472
0.2980725041593225
0.2980897397059513
0.2981503022825791
0.29816157783497343
0.2982097824866554
0.29830101614990456
0.2983470335186219
0.2983499831317802
0.2983821975462311
0.2984491715493882
0.29851388496673203
0.298497404645616
0.2984742086588338
0.2985292388380254
0.29862087380407865
0.29872468290396836
0.298802758229997
0.29887206694081303
0.2989279338743315
0.29895834316807646
0.2989350136438512
0.2990528969277574
0.29915348254721874
0.29918608518874545
0.2992180564958138
0.2992732727232157
0.29929848534173453
0.29935356383396805
0.2994331023051855
0.29951504269271534
0.299611675709371
0.2997322580534446
0.2997633411863837
0.29975404197589195
0.29983772508983586
0.29980479080491673
0.2998753813853633
0.2998707882497307
0.2998455265773068
0.2998464834059953
0.29992284289786253
0.29986375142529653
0.29989908429549184
0.2999442431023721
0.3000004874452966
0.30010418417872875
0.30014268341282546
0.30018190010847734
0.300211037664193
0.30022750534852616
0.30025557982560536
0.3002701078130996
0.30035163617331717
0.30038179040767554
0.30038029632492935
0.30041104005869956
0.3004202285976767
0.3003886246245383
0.3003610074478843
0.3004315429154435
0.30042531517796
0.30047521612673955
0.3005233097174297
0.3005516741327273
0.3005234153972751
0.30057176281905307
0.3005972117634843
0.3005904450615381
0.30058167086317356
0.30051256110674407
0.30060292745527395
0.30074604850673703
0.30076594580707205
0.3008064031324036
0.3007853874327612
0.3008463974273976
0.30087836091568365
0.30090753064385267
0.3009876671299654
0.30100291468355045
0.30101396925693913
0.3010102540378804
0.30104209450200403
0.301087294243931
0.30113861918747764
0.3011926514121368
0.3012460526603238
0.30129366408496516
0.3012930003717774
0.30137368097440775
0.3013685563346189
0.30142318578696825
0.3014352230543438
0.30146410644083366
0.3015544151725523
0.3015826928027787
0.30167430907499027
0.3016148881134403
0.30175017588683406
0.30186240129508424
0.3019242079850033
0.3019418458576272
0.3018145953739141
0.30184868181073155
0.30197877258444394
0.30205046084261356
0.30203230988993157
0.30212680689367577
0.30225633528396767
0.3022865585259529
0.3022804788544532
0.30235011598233774
0.30238540434246874
0.30246341576233915
0.30253801229389055
0.30265824501030014
0.30276267140540325
0.3027754124451857
0.30282778257937093
0.3028726631722921
0.30292985063964517
0.30296264524793437
0.3030418444248745
0.3030777961259563
0.30309680902825653
0.30315653898310346
0.3031709980123507
0.30318809271544156
0.30325786995854154
0.30328444490638706
0.30333637652011136
0.30331057261839733
0.303372206810713
0.30339080863684487
0.30343748103959955
0.3035091822618926
0.30356506984034437
0.30358079035442653
0.303670700082863
0.3036867347737974
0.3037269163933698
0.3037740294535559
0.3037562169680992
0.3036197499352432
0.30367809892354447
0.3037617849612749
0.30372112214190283
0.30379968730971785
0.3038531860632293
0.3039286000802651
0.30401138801208905
0.30400967054498174
0.3040041457411665
0.30405739488174677
0.3041710911064438
0.30423027010360293
0.3042446765439053
0.30433049002423673
0.3043725501057417
0.30443062388666964
0.3044236644189855
0.30448062438589074
0.30456596683197523
0.30460459002777496
0.3045901343176407
0.3046354521006954
0.30465811482512495
0.3046625054880314
0.30470358384509966
0.3046320135557352
0.30464741804998663
0.3046989690973917
0.30472681325990814
0.30463574452982267
0.30456632407760553
0.304543475893716
0.30457544031285977
0.3046256426227807
0.30461237230484595
0.3046420671022585
0.30460822548579314
0.30456158553823887
0.30461011973250307
0.30469280857639947
0.3047021822005407
0.304719951218817
0.3046663400723162
0.3047515092983618
0.3047694291083155
0.30469092964668787
0.3047181529517856
0.3047413815192206
0.30482668639044264
0.3049034089697238
0.30496904880423215
0.304989445812484
0.30502455821660646
0.3050565266514008
0.30505018729903666
0.3050678143568907
0.30496425074168854
0.3050705192756932
0.30511592726429204
0.3051667643006314
0.3052018658615605
0.30526732018962577
0.3051691470385146
0.30524119856972065
0.30529457911812086
0.3053626514121258
0.30542198547192934
0.30541708169040416
0.3054805184750087
0.3055554791431384
0.30557725521611534
0.3056289590834974
0.3056608066024139
0.3057476374209397
0.3057842514096928
0.30582176430965813
0.30585699630689733
0.30588401941637733
0.305851407094348
0.3058372034260516
0.30586126392643176
0.3058006526637622
0.305865672319626
0.3058915834457795
0.3058925086372044
0.30596430304001243
0.30595074630451224
0.30596537505670485
0.3059884730257697
0.3060107727239384
0.3060386983522847
0.30609965666522054
0.306133545300028
0.30615901723253025
0.30621007546484547
0.30622928197715726
0.30613628070351884
0.30622568448773024
0.30625349125861545
0.3062769259449163
0.3063144568136116
0.30630590337047503
0.3063730497872499
0.30644143340034935
0.30653201554941145
0.3064966215765602
0.30652375067309356
0.30655026805175056
0.30650628461581053
0.3065145500012755
0.3065898649294332
0.30658523004070626
0.30659402963964044
0.30663479011210903
0.30662625197259274
0.30669914310186264
0.3066997807707964
0.3067777736467572
0.3067392397186035
0.30683520297492817
0.30686865804093977
0.3068237135121482
0.3068558958582931
0.30688192478345866
0.3069185543449954
0.3068573125946312
0.30693518731130964
0.306920338837148
0.3069223743802798
0.306973926360781
0.3069682636840675
0.3069592473363403
0.3069868324032231
0.3070151270775442
0.30703464171475137
0.30699391968023604
0.3070451922416578
0.30705697985373503
0.3069990855014555
0.30686820856238906
0.30685056154253876
0.30684147149229823
0.3068227943737212
0.30684963098962004
0.3068003045427167
0.30683295948465683
0.30689413799269516
0.3069023668221056
0.3069015324149451
0.3069096091137643
0.30686481351159134
0.3068741192677944
0.3068649087571045
0.3069125918646073
0.3067691671654007
0.30683915563572695
0.30683588644265813
0.30679654588602734
0.30682889552117387
0.3067965981907421
0.30690482807844877
0.30686829497747004
0.3069150151957306
0.30689919315880265
0.30692437147016005
0.30704600952360905
0.30704690794850176
0.3070756537226236
0.3070996244937023
0.30708981422471116
0.3070979474635107
0.3070899105255218
0.30710821534442456
0.3070759325045026
0.30714188303417356
0.30714252830066413
0.30704559864431946
0.3070526048031118
0.30699973218186105
0.3069810870793196
0.306881988459786
0.30686160027814957
0.3068742059769819
0.3068126004933641
0.30682875335149995
0.3068254209710597
0.30684070688009657
0.3068940956769317
0.30689941300322277
0.30696069508364077
0.3069348401293014
0.30697835566215037
0.30692791236540207
0.30700619748845515
0.3069881960498625
0.3070157431560928
0.30698212472669784
0.30701014963901996
0.30698716062554343
0.3069681934879859
0.3069648206348755
0.30693258269456236
0.3068980690922706
0.30689823639217384
0.306925258233371
0.30691100613138134
0.3069154560035483
0.30685751750243795
0.30688541767236377
0.3068721718552999
0.30689864565040226
0.3069673360954013
0.3069671820931644
0.3069956123200358
0.3070184103900794
0.3070652122199068
0.30702006909331103
0.3069510009527948
0.30699604058336105
0.3069378463046919
0.30697885457663554
0.3069515580073229
0.3069332065342485
0.30693280653458166
0.30688696142794003
0.3068828599937392
0.3069312714355432
0.30700561688736094
0.307017347318306
0.3070093924685683
0.30698414707655475
0.3069835272036189
0.30692888281176234
0.306875202380794
0.3068953309805865
0.30683388404771716
0.306842973591985
0.3067903412691073
0.3068104392416833
0.3068378649470139
0.30685750062383577
0.30680448052523257
0.30678247687603233
0.30679126255493716
0.30679231217616876
0.3068384496984655
0.30687266262940605
0.3068281004348663
0.30684724751894776
0.3068468904391737
0.3068441410287076
0.30683422563050833
0.30673573826315814
0.3066698013124619
0.30670049417025524
0.3066407829496971
0.3066424946686024
0.3066157113124912
0.3066080227963337
0.3066414844509826
0.30655647417686926
0.3065414055173665
0.3065822203708757
0.3066483625664127
0.3066366138259359
0.3066004502585349
0.3066195730912079
0.3065659794740698
0.3065487129753769
0.30649110335004903
0.306469351083668
0.30653786339210487
0.3065401431845064
0.30652490430949586
0.3064937223751305
0.30650042793309906
0.30649342533043644
0.30647859444064496
0.3065351455694889
0.3065228688261262
0.306540512900377
0.30649480192579037
0.3064804477327392
0.30637393670893187
0.30621815806326036
0.3062103682752405
0.30619378858981394
0.30620813809331826
0.30616750656924074
0.3061515009091911
0.3061875396498571
0.3062454828871549
0.30613996164569446
0.30602295129002555
0.3060306248450837
0.30602370299420567
0.30603954485170615
0.3060990821366666
0.30605649284041525
0.30607936859473606
0.3060788998273868
0.3060164435380388
0.30598892270646383
0.30596913817461224
0.30587547103784174
0.30586513292544426
0.30583395196256724
0.3058409279029093
0.3057987274018511
0.30586178074131887
0.3058276023500547
0.30586598851835844
0.3058416176022559
0.305817951625283
0.305866601371524
0.30583624901943474
0.30583636782710166
0.3058390594871435
0.3058166686818169
0.3058294685258828
0.30583226733381963
0.30580913487062045
0.30582962065360897
0.3058030859223245
0.30585730285817103
0.30587779182742136
0.30597501913320346
0.3059584139583489
0.3059534251753254
0.3059603968596446
0.3058888460276662
0.3058848762192474
0.30587685077221494
0.3058523412792127
0.30574276582584403
0.3057049611163476
0.305674166361834
0.30562065955994044
0.3055985964077028
0.30559335987846037
0.30561757874572204
0.30557219401021085
0.30558164109991093
0.30553557239543905
0.30557073607169116
0.30555917694405366
0.3054949032912848
0.3054896956623414
0.305537364498943
0.30552000761206266
0.3054670585806831
0.3054455290248539
0.3054397757276919
0.3054248199416788
0.3053285945288676
0.3052732457830284
0.30527280108394883
0.30525078989579724
0.30519381531994316
0.30515367069970434
0.3051115950727843
0.30510137773067436
0.3051115056418461
0.3050507003196832
0.3049616247846846
0.3048892814580758
0.30486298259411737
0.3048277264923416
0.30479155586714013
0.30477873790162
0.30472832103271685
0.3047202139902
0.3047221711487993
0.30469846114609067
0.3046536613490217
0.3047027963860576
0.3047412255617372
0.3046714261555561
0.30461589374144626
0.3045607976222815
0.3045472900336953
0.3045721638652994
0.3045397317336386
0.30448482544294586
0.30443348086840805
0.3043903168151648
0.3043688292041815
0.30432100797417505
0.30428835064135584
0.30437220623949035
0.3043843542192848
0.3044677115565434
0.3044350710896482
0.3044138234969348
0.3043900406488862
0.30432891805669104
0.3043407748075674
0.3043371251621967
0.30432324020816903
0.30434078559781863
0.30434272502551396
0.3043191315843068
0.3042821588068314
0.3042268019069415
0.30415345764824187
0.30413084827990566
0.30407885237442966
0.3040529188798655
0.3040205904646692
0.30407552073306476
0.3040353927335495
0.30400667360068034
0.3039707157238324
0.30398574502443176
0.3039845985660874
0.3039556299985968
0.3039961779286324
0.30401186028638605
0.30397058804139776
0.30391716506687416
0.30391347169401717
0.30386394228952307
0.30389630074357976
0.3038589583683594
0.3037970666105926
0.30378299545662657
0.30373390066167116
0.303713553961137
0.30370449861462856
0.3036626512006272
0.3035563956163462
0.3035295585983614
0.3034209896292578
0.30338496549257865
0.30338206120862365
0.30337299094632
0.30335165715106627
0.3033529718564624
0.30332170632433497
0.3033327324838362
0.30329300968496964
0.3032889632183269
0.30330182652475934
0.30327328780904805
0.3032475293410841
0.3032279081552903
0.30329215735812953
0.30330816382468195
0.303270719187804
0.3033044019458915
0.3032528806671124
0.3030669936126169
0.30315024124582535
0.3031328190259498
0.30317667957756056
0.303182215123048
0.3031394341788345
0.30313688555282914
0.3030904920675819
0.3030901281561764
0.303044524369117
0.30306814790823056
0.3030139366208442
0.3029486790481002
0.30292274340466196
0.3029130283187106
0.30288356369838165
0.3028837105073031
0.3029112236094772
0.3028887913667099
0.3029113466297124
0.30291851008112347
0.3028788745555856
0.3029312227870262
0.3029269515294105
0.302957499160302
0.3029374504347442
0.3029525121270389
0.3027831621257947
0.3026382178249162
0.3025806424948798
0.30256847196057923
0.30256598097951204
0.30252443494239023
0.3024761296711519
0.30243388378051084
0.3023947876699947
0.3022530550670589
0.30221042871592096
0.30216152055202294
0.3022027686099389
0.3021727767946534
0.3021828877001216
0.30220357180596347
0.3021624417658122
0.3021340950931104
0.3021560365880017
0.3021223029601423
0.30215217271197436
0.30202472026448557
0.3020155865307451
0.3020230221476631
0.3019963223940737
0.30198114973168677
0.3019775718686716
0.3019760074361153
0.3019301121055218
0.3018947095368444
0.301827068697884
0.30189404202719583
0.30178871546814046
0.3017130714046776
0.3017075032568285
0.30165108951491315
0.3016386205517372
0.3015933664309598
0.3016718646491765
0.3016742417016802
0.3015990864223961
0.30154328085132154
0.30152165326588287
0.30148094267481607
0.3015064112904837
0.30152137660457756
0.30153875597670876
0.30155312601842543
0.3015024209359336
0.301502720583568
0.3014944198717645
0.30151698568940355
0.30152211436762355
0.30149170468054576
0.30153180559950965
0.30146966410451026
0.3014530762996175
0.3014229525761565
0.30139452260121335
0.3013274576164826
0.3012100195235764
0.30114430044291907
0.3011138715380276
0.30107440874025915
0.3010865389363776
0.30110485492759076
0.3010552195688061
0.30101532405238995
0.30101465315281084
0.30101767173733684
0.3009845004176449
0.30094014654617596
0.3009125112940837
0.30087656896101544
0.300840891914568
0.30082336056621484
0.3008261743250388
0.30081648805000005
0.30079252885940755
0.3006809672795939
0.30061460787050753
0.30058574977108876
0.30054336710927143
0.30058498844965376
0.3005841780509765
0.3006379660568693
0.3006092544315415
0.30060184895015796
0.30061246851411527
0.30063661454063995
0.3006211816905383
0.30057560805237327
0.3005876485807294
0.3005226042067439
0.3006166757244896
0.3005821357696222
0.3005743640676901
0.300574571169835
0.3005471963611237
0.3005361840802252
0.30049291409530343
0.30051253718525284
0.30048551521425315
0.3004563928893098
0.300325827777718
0.3002721228948849
0.30026189533754344
0.30024691968130435
0.3002520583250696
0.3002451601161217
0.3001952770246493
0.30018718366255914
0.3001675314459218
0.3001071156190295
0.3000772041812808
0.30005411233146584
0.2999555022491174
0.3000099559048004
0.3000329242203601
0.3000794614671569
0.30006393001684517
0.3000661795503672
0.3000310079442339
0.3000330908996135
0.3000528005694002
0.3000075625597455
0.2999309608884987
0.29985948570360066
0.2997800980854807
0.29974963939988475
0.29973540155502676
0.2997162721699913
0.29965077158653863
0.29965503580630637
0.2996550626777682
0.29963423066270356
0.2995928140419307
0.29959955638565494
0.29954917799084657
0.2995543455073604
0.2995638561707519
0.29965824376502415
0.2996645494136718
0.2996667892118614
0.29966180231088535
0.29966983564069627
0.2996638512194232
0.2997281211140771
0.2996439968805711
0.299658224983108
0.2996518730892065
0.2996609313912838
0.29964775562626644
0.2995735827096525
0.299559801544921
0.2995559778610103
0.2996069112873353
0.2996470466897657
0.2996393423110998
0.2996387241784293
0.2996565853348043
0.29960069724095373
0.2996240169292972
0.2996178532073147
0.2995924035747257
0.29956621538796424
0.29954941631723364
0.29957446370958196
0.29946832168480797
0.29946004022871253
0.2994794393405362
0.29944662661274724
0.2994648033981576
0.29946363490329064
0.29946841499516186
0.29944421727326054
0.2994087133806339
0.2993833302871517
0.29938147561322226
0.2993518879256344
0.29935225121732056
0.2993373655048672
0.2993206569803545
0.29931035292684605
0.2992934380929235
0.2992164895653797
0.2992139470375451
0.2992073376643546
0.29923883786604044
0.2992368068279194
0.29917407656928574
0.2991307888788175
0.29911746467463063
0.29909518135916147
0.2991346205990877
0.2990780686987362
0.2990594964205493
0.29903289580836223
0.29901790576352916
0.2989744696459429
0.2989362401076364
0.2989179728476722
0.2989212711864797
0.2988959402948561
0.29889205058281976
0.2988787566441061
0.2988612888611427
0.2988407947096088
0.298837024549938
0.2988154744372098
0.29876138467301083
0.29872356723611204
0.2987672360971422
0.29867421690859186
0.2986692696032176
0.29869980137951857
0.29870978318535313
0.29872410597973864
0.2986891217650931
0.2986988232678123
0.29867810777891757
0.2987145140277052
0.2987203915491874
0.29861877364281064
0.29861681859031386
0.29864398066971964
0.2986086859069861
0.29863686357048835
0.2985961932795351
0.2985491330004446
0.29848344820880046
0.29849146755092737
0.2985441061281936
0.29853496126214407
0.29852097016726054
0.298545407906451
0.2986273980813823
0.2985274274098598
0.2984670419999458
0.29845649643435446
0.29839916259809485
0.29836753395907833
0.29830643176705696
0.2983059070199192
0.29825052062669877
0.29817069735397106
0.2981306440177548
0.29812192779817315
0.2981038934437481
0.29805345606009637
0.2980852942052621
0.29812458872506375
0.2981439674102029
0.29810910873035446
0.2981385266734823
0.29811286581482965
0.29813831633841026
0.2981914754664713
0.29821428123543503
0.2982661030933601
0.2982531732430955
0.29823275092662904
0.2982743846421968
0.29823949279696726
0.2982104404405793
0.2981686374947341
0.29818440767359444
0.298154801051687
0.29815368015444776
0.29812963193885345
0.2981412915391932
0.2982246895063647
0.29822031744398614
0.2981909901662303
0.2982046148643105
0.2981473086810569
0.2981835664212259
0.29815728498175553
0.2980727257535747
0.29808395321316494
0.29803695151139664
0.29796073909934184
0.29790504930557105
0.29786111757761413
0.2978816511096738
0.2978955507617249
0.2978225968192142
0.2977828862037871
0.29764699532106587
0.29762780034593095
0.29758180058463335
0.2975917895609458
0.2975759599319706
0.29754392152239784
0.29749793311061745
0.29747774687057815
0.29749159355980237
0.29752088527650167
0.29739798579960874
0.2973435708962334
0.29728113917072085
0.297283936683835
0.2972673071086327
0.2972883543387459
0.2972510585793974
0.29715384414362966
0.2971783049897758
0.29715389889978205
0.2971306277971115
0.2970249299771426
0.29702181223364144
0.29697973583476855
0.2970162787711702
0.29699234526623663
0.2968535370573381
0.296881179850492
0.2968798295513122
0.29688961695217
0.2968933362626457
0.2970091862973433
0.29695847819992316
0.2969759529619006
0.29679155914901756
0.2967667200917754
0.2967760611771614
0.2967134742637264
0.2966893542937542
0.29671610275474314
0.29668136476824414
0.2966560131343521
0.2966168737560779
0.2965885432997998
0.2965146490074062
0.2964603574079391
0.2964912906799254
0.2965013886515454
0.2964514597802127
0.2964132322356303
0.2964542314575146
0.296512856044266
0.29648024904580417
0.29648982651007905
0.2965033542124471
0.2964700910790147
0.29652888467256466
0.296504608369347
0.29642442399613234
0.29635810317465683
0.29639121099359544
0.296397105166199
0.29640709741981197
0.2964469602897585
0.2964473336255614
0.296464119341203
0.2964324538522045
0.29636699913677944
0.29638534875115063
0.2963908273202638
0.296379272943487
0.29628649984385624
0.2962673078150041
0.2962595446739391
0.29622698325225616
0.2962035543692373
0.2962024483966379
0.29619442728577783
0.29622096141982857
0.2962351365514172
0.29623875855308957
0.29623198961052155
0.2961714973819781
0.29614614184059906
0.29614801320230844
0.296089631658075
0.2960587174074333
0.29601745595433926
0.29602167942427215
0.29603051599022645
0.2959856026911626
0.29596731052744263
0.2959451486536062
0.29600850892310326
0.29603303346402
0.2960155281335448
0.2958162772857942
0.2958004294143075
0.29574541678913013
0.2957185733379102
0.29570370077062524
0.2956737285755985
0.29568804390634107
0.29568703376709427
0.29580313059090024
0.2958270001971598
0.2957680178463491
0.2957765179305678
0.2957603543922006
0.2957405604907496
0.2956981977699076
0.2956730514267413
0.2956394807714149
0.29563864115306104
0.2956241703599849
0.2956158549714145
0.29562916710917075
0.29561429373214687
0.29562622290861085
0.2956261964073671
0.29559632039857975
0.29560259329740957
0.29558833679642504
0.2955637777818817
0.2955797712564532
0.2955872116204026
0.29556486972095763
0.2956023119872845
0.29560195491199326
0.2956064437819116
0.29568507481801953
0.29566128034835193
0.29556027154066766
0.29555817156940933
0.2955493333416491
0.295517630795859
0.2955582440717721
0.2955481221190056
0.2955660102972414
0.29551182657509856
0.29551339275635613
0.295545662827134
0.2955659449759287
0.29553393786265714
0.2955325172698191
0.29553304178512607
0.2955538852428641
0.29556913147763764
0.29559973122508953
0.2955781448817326
0.2955772568830841
0.2954141055602758
0.2954063902324897
0.295347328269016
0.2951892787214746
0.2952165114301166
0.29520639846557073
0.2952951736905125
0.2952768472798242
0.2952883220318563
0.29527642335712656
0.29527798115329906
0.29529490329814767
0.2953369998541926
0.29536599346384973
0.2953501064717099
0.2953634609580651
0.2953655117923938
0.2954018430050266
0.2954677850626052
0.29552219902451293
0.29548070312974606
0.2954856040445295
0.295542441630254
0.29553113451247226
0.29557570938325894
0.2955928482310485
0.29551308503099216
0.2955187790206101
0.29550908388231745
0.295453416308911
0.29543394106027854
0.2955117352141545
0.29549294694729
0.2955023121430147
0.2955221737464375
0.2955712873927242
0.2955914674856448
0.29553432108880007
0.29553437480877076
0.2955324550917332
0.29554996085498886
0.2955396417567623
0.295551774745614
0.2954752860872679
0.295430875421809
0.29545510093081706
0.2952542986563317
0.29524291169870165
0.29525897339598794
0.2952911409643645
0.29525503314416257
0.2952582354202461
0.29528328634413925
0.29530472753894543
0.29533602860855757
0.2952953610468523
0.29529159740216293
0.2953265177925488
0.29531158761543275
0.29530196822152055
0.29535446015829026
0.29530961129835076
0.29529465513486464
0.29532277933222595
0.2953314844905657
0.2953541329970373
0.295374952266386
0.29534372438052847
0.29531873305839207
0.295301834001358
0.29523726235934944
0.2952598962241306
0.29526432566810135
0.2953053361966347
0.2953159021647608
0.2953598378747323
0.2953356425199033
0.2953332012166002
0.29531163461509424
0.29529835826319784
0.2952552063926035
0.29528241672339417
0.29530874492586623
0.2953599833064168
0.2953975608999089
0.29539452217119533
0.2954103378034495
0.2954530071783409
0.29551500729919333
0.29546908422553075
0.2955185687515054
0.29552194088008943
0.2955491096835261
0.29566825945186936
0.29569029199947405
0.2957221585940454
0.2957223276293113
0.29571722056980787
0.2957273425130318
0.2956941974199886
0.29567597824786973
0.2955985097270917
0.29552429334613284
0.2954826827183148
0.2954815285708806
0.29546613271759714
0.2953988526238811
0.29540179193227467
0.29546811996057465
0.29549329275193414
0.2954983712891601
0.29551844960549134
0.29557546749116526
0.2955519139450846
0.29556326282827106
0.29567534723136557
0.2955286931919905
0.29554188175620744
0.29556337249554787
0.29550484492103857
0.2955264994011171
0.29552113471415853
0.29560183227932724
0.2956036257760819
0.29557431634757336
0.29549061572001145
0.29549868917074673
0.29543661768385565
0.2954501446417619
0.295438758481394
0.2954216342173609
0.29549502704258745
0.2954690854224694
0.2954661722225881
0.29536531345817574
0.2953412565548953
0.2953705082367041
0.2953854970459825
0.2954010525012398
0.2954844175362562
0.29556120945423947
0.29558843285703074
0.2956012552673387
0.2956178224458227
0.2955971630220544
0.295611453175351
0.29563451639198113
0.295635858470644
0.2956506840336075
0.295684535105439
0.29571565983064496
0.2957107471589091
0.2957540390235076
0.2957388218388477
0.2957764710210976
0.2958214708544933
0.2958613642697343
0.29584974070045345
0.29587916667073144
0.2958618019188102
0.2958828121783873
0.29589303221853835
0.29598238636109286
0.296068884933367
0.2960917003913123
0.29607928900025215
0.2960538065642859
0.29610034627453896
0.29606994332139513
0.29609066372249937
0.29606459348972547
0.2960920457640063
0.2961180645794106
0.29607136482347163
0.29599645001956476
0.29602098359929496
0.2960090369809616
0.2959404555785857
0.29601348004063643
0.29600572985259843
0.29603889094755054
0.29604554583743947
0.2960696781324773
0.29612140995631164
0.29611903894332414
0.29608983699819147
0.29614940292818936
0.29621142636657927
0.29623787701242943
0.29620729631243614
0.2962732303634469
0.2963828706434236
0.2963856131821492
0.29639666970952716
0.2964450984876096
0.29644737714609515
0.296545326743494
0.29654745954826456
0.2965860041290381
0.29656325444993703
0.2965390496198014
0.29646730919677877
0.2964489631803363
0.296452671033973
0.2964428916196241
0.29638069565835523
0.29637732853476484
0.29638119694445086
0.2963213524434931
0.29633009028157076
0.29632889410080043
0.2963508423904718
0.2963701941873752
0.2963545449717695
0.2963717881556961
0.29636352841475455
0.29638232597508807
0.29641726898846
0.2964182352435547
0.29633634063240555
0.2963628612768978
0.29640205400427466
0.2964680531478907
0.29638796713315785
0.29637593232117965
0.2964125967593112
0.2964137659771736
0.29648360770882376
0.29650670235732113
0.29646743536801134
0.2964991308052263
0.29646948090944336
0.2964719102925546
0.2964782962335656
0.2965144328396492
0.29648808985385666
0.29645954045001865
0.29643093504044915
0.2964292613044698
0.29646247766863776
0.29647259892082567
0.2964548549603575
0.2964117970579938
0.2964003705409821
0.29639624316248825
0.296432912724247
0.29643958926107383
0.2964267276521454
0.2963513331583847
0.2963884239383948
0.29636651183276064
0.29644464007460725
0.29641463031537874
0.2964110217893474
0.2964735842805357
0.29650490786399464
0.29652878906104196
0.2965429985315666
0.29654439884888373
0.296560353208948
0.2966325976627989
0.2965942227722109
0.29659363188511634
0.2965632543384401
0.2966164465780037
0.29659647638232334
0.29663057156005845
0.29662887764103785
0.29668433258522886
0.29671516463076275
0.2967110074259126
0.29672979038565916
0.2967665055550045
0.29672118906999123
0.2967827071118452
0.2968020252292284
0.29679187304039745
0.29687669506005687
0.29686286191849665
0.29686454354759484
0.29688782701990646
0.29685835755704193
0.29675795568981644
0.29674833499217057
0.2967646671382438
0.29673922296729516
0.2967813956613541
0.2967317264058996
0.2967211848320843
0.2967249195989474
0.2967486988479088
0.29677964190734885
0.2967896099441808
0.2967368390007712
0.29672569126942305
0.296763508380533
0.296765553477619
0.29673864366908154
0.29674005925129965
0.29659620769692363
0.2966807528600649
0.29667407329136586
0.2966814767276882
0.29670409442476475
0.2967409182678403
0.2966077175599604
0.2966445491042754
0.29666096657847607
0.296695834883551
0.29665057357409774
0.2966459647350922
0.2966152559635912
0.29654121603321304
0.2964939718581763
0.2964826222545248
0.29651269565093363
0.29653285729191137
0.2965573218650267
0.2965723306230754
0.29651030302804793
0.2965717016706909
0.2966240174601713
0.296521389980017
0.2964672089656296
0.2964467374718661
0.29645992935038945
0.29644107942092757
0.2964715327205284
0.2964244063005551
0.2964342708412371
0.2964582462918911
0.2964489043096654
0.29645471972287507
0.2965452116277564
0.29651216534027613
0.29654450785651065
0.2966080085753142
0.29663117012131845
0.2966355240291251
0.2966441578351807
0.29654216557029534
0.296545768648542
0.2965287231310383
0.2965074243518383
0.2965693186352576
0.29654682245686514
0.2965811879574859
0.2965973595012037
0.29662529721011754
0.2966410074828161
0.29667932038220923
0.2967254251152247
0.2967515421945559
0.29671195560525887
0.29667517775353514
0.2966389730514153
0.2966030620404647
0.29670552853960874
0.29674718963097124
0.29677686460171326
0.29678234944927706
0.29681274647097367
0.296857133742672
0.2968383404939031
0.29682301967030955
0.2968100984277362
0.296833039713043
0.2968982298689653
0.2969174558470714
0.29695178109334186
0.2969403554509308
0.2969445538917791
0.29683347432968066
0.29684724996325085
0.2968555230681681
0.29680948830574805
0.2968445207491337
0.2969138293504029
0.2968880983570631
0.2969360245953193
0.2969318667052645
0.2968551278864269
0.2968900094010476
0.29688793350115283
0.29687369079832227
0.296919159854254
0.29693435320294637
0.29696436600422627
0.29695904377578286
0.29702859217678146
0.29702949231975584
0.2970717816482973
0.2970663904060763
0.2970723936888565
0.2970836024014799
0.29708497683254675
0.29709585876649613
0.297100452742887
0.2971380146255499
0.2971971393306412
0.29713552768978524
0.2970998828670043
0.2971051876932165
0.2971136364191216
0.2971389928238648
0.2970759961740247
0.2971195011777199
0.29712289065656783
0.2970985363436345
0.2971883123979916
0.29723196539272045
0.29723910897055306
0.29729735921708045
0.29724975852377844
0.29714306978622684
0.2971374413285597
0.2971060450529648
0.2971284931187377
0.29715654019539894
0.2972038632658017
0.2972073902646346
0.29719849651902974
0.29726971249681444
0.29714228468687987
0.2971835656711014
0.2972160761800161
0.2972621852780686
0.29730673452345535
0.29731842479864556
0.2973424420174945
0.29740104101938925
0.2974183599905583
0.2974089428119796
0.297463369283534
0.29751216997873053
0.29758531797279375
0.2975601108011048
0.2975240843496362
0.2975078561161685
0.2975698780196464
0.297551123881556
0.2975399910669789
0.2975510735437955
0.29746539152185925
0.2975221160879251
0.29753395765107293
0.2975287053586262
0.2975429892278011
0.29754530318704453
0.2975638238285945
0.2976045147223998
0.29764632629450316
0.2977063072756686
0.29775796886138683
0.2977909425394971
0.29779624314457964
0.29780784762628687
0.2978402627680842
0.2978659305871888
0.2979385427896889
0.2979930706140099
0.2980129464178405
0.2980434532662709
0.29803600473768843
0.29804208216530625
0.29808841255090623
0.2981349075448464
0.2981332081175726
0.29820616870715155
0.2982975432330883
0.29829169349281204
0.2982864152007012
0.2983058262043029
0.29830491227737876
0.2983149219435365
0.2982952113786691
0.29831434393835576
0.2982335974588789
0.2982315979436395
0.2982041467958021
0.2981601699643327
0.29818510549327504
0.29817756116625305
0.2981569012348686
0.29811667004032394
0.298095052399029
0.2980928831045665
0.29814635420515
0.29819452231422405
0.298185503851887
0.2982545112179237
0.2982110099374513
0.2981953481873719
0.2981608713605045
0.29816837936363816
0.2979717119723947
0.29803101911164964
0.29806078670727487
0.29810851509521363
0.2980729759616999
0.298092490810573
0.2981471999372066
0.2981223665565771
0.29818065546716876
0.29816899102330363
0.29821122669505107
0.2982868781336686
0.29833937686725565
0.298398616923762
0.2984108810338416
0.2984088005075861
0.2984578175463922
0.2983340695211202
0.29839418177289656
0.29843193337717056
0.29848423359016063
0.29851128825125717
0.29850920324983554
0.2985054148718561
0.2985306467689568
0.29852390811740726
0.29856857557633454
0.29855207723238586
0.29857626495254697
0.29857235132159343
0.2985803403156633
0.29867514171220266
0.298701883334756
0.29876510347612173
0.2988003587881154
0.29870031138950326
0.2987075419712074
0.29869022148298263
0.2987326151195855
0.29885145065123164
0.29889269852269595
0.29890877036582
0.2988784631984671
0.29892639109171015
0.2989037452946134
0.29893884498018075
0.298909017209922
0.2988608861092995
0.2988733264791935
0.2989431652589505
0.2989704974001426
0.2989677331075963
0.29895435822353444
0.29891469287061834
0.2989768060241125
0.29901517282828993
0.29904876476648
0.2990333941643364
0.29906330502643286
0.2990716797580576
0.2991237716898455
0.2991436356481537
0.2990515566076284
0.29904769958733546
0.29907670866178404
0.29914250007441145
0.2990859104941591
0.2990999077913137
0.29913392281088613
0.2991867740914067
0.29919531286714207
0.2991890457448838
0.29919072471270125
0.29916828794398664
0.29917472593179617
0.2992429919679941
0.29916065487494015
0.2991606071113564
0.2991956386576492
0.2992026566711766
0.2992074348000622
0.2991965896488261
0.2991951724079974
0.2991934031997243
0.299204357463567
0.29914684521120827
0.29913943010328503
0.2991361604249755
0.2990984404126038
0.29899236835569176
0.29899027406333345
0.2990261288726068
0.2990424801256717
0.29906029885593666
0.2990236690215359
0.2990154046095106
0.29900992801989545
0.2990314343279269
0.29905053009621485
0.2990632605147189
0.29905949268949283
0.29906980497716806
0.29915315056073544
0.2991781034135278
0.2991573055899429
0.2992079022451518
0.29920151339703194
0.29922165114305865
0.2992530827530784
0.29927914310043746
0.2993481351363866
0.2993671142886737
0.2993408824421191
0.2993491872835726
0.2994263026500996
0.2994159821110386
0.29946584836514556
0.2994278358382342
0.2994425275057515
0.29948836630770115
0.29949129584763934
0.2995001866868472
0.29958421678150815
0.2996745713947262
0.2997024852928929
0.29969496696398734
0.2997575999415564
0.299802826018719
0.29985819637342903
0.29987966774325003
0.2999156112836947
0.29992473158172384
0.29983082525621374
0.2997116182825058
0.2997091106795744
0.2996659177395027
0.2996513080821924
0.29969074505304627
0.2997335776039928
0.29976038771150515
0.2998266810848629
0.2998600437840001
0.2998429257791846
0.2998442655854182
0.2998318428348917
0.29982070234244085
0.29982968146954214
0.29984108105580787
0.299879278786816
0.2997823244257588
0.29979022598558125
0.2998314719127335
0.29985813643745174
0.2998746104939606
0.2999330417440461
0.29995047188320634
0.29996775773346707
0.2999612532612935
0.2999996485971925
0.29993590286540284
0.29996636167329715
0.30005123738101913
0.30012251872010487
0.3001111879103129
0.30016354949805923
0.3001886819566214
0.30019103338529995
0.3001919641153771
0.30014797830728057
0.3001682242066833
0.30017273260995714
0.300240659538601
0.30026408068873955
0.30021909060531726
0.30027957430273167
0.30024597885073456
0.30022288018656984
0.30023839034639666
0.30024003733262095
0.30024362490846945
0.3002435669320761
0.30025810004547826
0.3002961409332837
0.3002915514770159
0.30031631139289716
0.30028612916641517
0.30027946568952235
0.30035519121434917
0.3003655799338538
0.3002777203081043
0.3003267921747299
0.30030324979121903
0.3003598624476099
0.3002965960443871
0.30032918905114225
0.3003246072133925
0.30030567603053937
0.30029740705451624
0.30030533624301825
0.30032773067470864
0.3003078679585185
0.30032660288377866
0.300394660870011
0.30041349866037226
0.30032835580908157
0.30037285173418515
0.30039329693739936
0.3004409112208295
0.3004281003615382
0.30047253726696566
0.300522506916315
0.30055572587152346
0.30045304391886407
0.3004776447531401
0.30050818581130045
0.3004923384715581
0.3003922999157448
0.3004176701174991
0.30042678391013056
0.30045784649170115
0.30048238096419044
0.3005121591754172
0.3006083115496899
0.3005796257019837
0.3005964975242351
0.3006105645416115
0.30052860130843073
0.30055441118334525
0.300579073686987
0.30063364979297946
0.30064534932992626
0.30070703195007986
0.30077565373848336
0.30068561116977743
0.3006097800865125
0.3005068678010192
0.30053738467506586
0.30056217111325234
0.3005533145543179
0.30055534480068113
0.30051594584567765
0.30058758782111994
0.3004975520558878
0.30050741653916957
0.3005479389390314
0.30064262185852053
0.30064894820281374
0.30062688849136665
0.30064762113356747
0.3007577775392717
0.3007704807905335
0.3006959282479713
0.3007301188708327
0.3007486820494383
0.3007173341494319
0.30061804087238
0.3006091161110044
0.3006043441331532
0.30047200906788396
0.3004542933351747
0.3003657160257712
0.30041797641262347
0.30043779785150926
0.30044194212307185
0.3004220134095672
0.3004577933001179
0.3004622615091982
0.30049319595961343
0.30050355924653394
0.3004478435112594
0.3004301633124362
0.3004418183918476
0.3004516183020548
0.3004435491739592
0.3004858214464946
0.3004862776577686
0.3005283693528148
0.30056731769816014
0.30047674511931965
0.3004886610003842
0.3005324840488216
0.30053413196715983
0.30051719310487846
0.3004920425689691
