0.009999000000297964
0.7848051554359857
0.8689752637121883
0.9007454983585205
0.91751938196472
0.9275425224746661
0.9344199380691542
0.9395551119909626
0.9434478082523852
0.946107689340867
0.9485023245228706
0.9502975762968764
0.9520904854617007
0.9532559789817376
0.9543775830347593
0.9556398591133022
0.9561866408304861
0.957148648404623
0.9579238361603616
0.9585386059722711
0.9591458428291885
0.9597963270516396
0.9602564238183623
0.9607077469784047
0.961109327069667
0.9614337829214474
0.9618140298490268
0.9621305134207736
0.9624880374376376
0.96269807078881
0.9629828459528069
0.9631604568534907
0.9633465455712775
0.9634198783352366
0.9636532617525463
0.9638414357788199
0.9640962551306311
0.9642670521746889
0.9644296860534445
0.9646084715198058
0.9647502224699885
0.9648425920261123
0.9649370801449872
0.9650756245336507
0.9652303162370387
0.965348391728199
0.9654646612409519
0.9655665808867936
0.965641822362291
0.9657444049161318
0.9658610993151567
0.9659850113965331
0.9660708206325773
0.9661711043875283
0.9661873525548719
0.9662425952889794
0.9663363287429905
0.9664377001154283
0.9665209936573296
0.9665725027050514
0.9666312846463476
0.9666685502111441
0.9667736497845915
0.9668695198616158
0.9669121297435243
0.9669949944642462
0.9670367359781858
0.9670813153341984
0.9671607840149237
0.9671905411125957
0.967254366227849
0.9673259880359965
0.967371434136957
0.9674136057705638
0.967377407733099
0.9674251307210124
0.9673743590843902
0.9674345026878923
0.9674755356119913
0.9675281642306445
0.96755995862648
0.9675666456761538
0.9675959137173242
0.9676251719144471
0.9676604333169688
0.9676387441371036
0.96766938051459
0.9677205686121007
0.9677576759028486
0.9678011837927233
0.9678836388630773
0.9678905023271835
0.9679180312043459
0.9679503740071845
0.9679850843073758
0.968025065468929
0.9680687948476743
0.9681086358400165
0.9681595472241369
0.968189202860694
0.9681856838012135
0.967807659100612
0.9678544818515724
0.96788900507248
0.9678647595007123
0.9679597438476454
0.9679658460036213
0.9679952326817689
0.968009692010621
0.9680187807297456
0.9680431127642539
0.9680423638252589
0.9680496461209847
0.9680611314798074
0.967946990973959
0.9678560829918519
0.9678828386555501
0.9677035118047336
0.9677462659683994
0.9677759995416408
0.9678286082940512
0.9678577906388075
0.9678994641933363
0.9679362936301892
0.9679403007059882
0.9679864243855761
0.9680081999144392
0.9680335900452828
0.9680691485623031
0.9680736607372951
0.9681129807646696
0.9681641703592645
0.9681618887375575
0.9681575242992545
0.9681846096707193
0.968193941479495
0.9682066094666766
0.9682017695199812
0.9682235207097657
0.9682419437575355
0.9682740434690862
0.967886173139256
0.9676804575139284
0.9676963737219078
0.9677339067781581
0.9677301793124949
0.9677504463873914
0.9677712758073651
0.9677857099245816
0.9678303248529225
0.9678516566914621
0.967886912558342
0.9678517939869382
0.9678653885041649
0.9678883422019635
0.9679372711015152
0.9679484543421137
0.9679275090081557
0.9679588257814292
0.9679820316506913
0.9679801137740612
0.9680047723024188
0.9680641856788416
0.9680798836830833
0.9680277954955648
0.9680900587281283
0.9679030827749935
0.9678037071394756
0.967825618450452
0.9678394698286492
0.9678582059578581
0.9678621779696539
0.9678866277221851
0.9679308257110502
0.9679735187200158
0.9679742616584152
0.967987067192392
0.9679800911615333
0.967990559842953
0.9679937302938456
0.9680167710152912
0.9680235356487342
0.9680195480929228
0.968041018364244
0.968095722342714
0.9680840837953987
0.96805831365841
0.968050756749219
0.9680752766451532
0.9678848203119976
0.9678366237370557
0.9678429473625272
0.9678641784685516
0.9678314400547972
0.9677720481588904
0.9677827998085559
0.9678221932973394
0.9678384757366356
0.9678810414647652
0.9678846014381709
