0.19998000000029292
0.828683040000055
0.8960399343998238
0.9218468416359191
0.9354747298308411
0.9438824319638465
0.9497195595624862
0.9536358475124814
0.9567363159894411
0.9592074406327457
0.9610383405458066
0.9626758877738438
0.9640371594689142
0.9651404329678007
0.966108767601384
0.9670930534646756
0.9678630372042699
0.9685448955330666
0.9692075270243616
0.9697886131155313
0.9701903210068212
0.9705672967624077
0.9709564997592764
0.9712925651838878
0.9716474703796186
0.971982526787318
0.9722453299100766
0.9724544755674595
0.9725362928517723
0.9727287070208719
0.9729000061405939
0.9731439345112031
0.973277374666989
0.9734769916288543
0.9736917591831981
0.9738329081215955
0.973937791467268
0.9740409984708767
0.9742079765824992
0.9743640083180463
0.9745105466707694
0.9746504001228906
0.9747691541109237
0.974878830138697
0.9749847985608407
0.9750877138703489
0.9751852043334303
0.9752929094581421
0.9754320089095719
0.9755391918395412
0.9756516321472554
0.9757459892142378
0.9758315925778925
0.9758855954969715
0.9759470748946519
0.9759913219299018
0.976034253817314
0.9760974054362308
0.976168500994089
0.9762116395882927
0.9762370960328302
0.9762924357640288
0.976366153671972
0.9764072239526487
0.9764661788574212
0.9765163804787772
0.9765805362648308
0.9766111399070293
0.9766492219758762
0.9767145987817166
0.9767578770852825
0.9768029260371437
0.9768165954037205
0.9768278369010818
0.9768923992449389
0.9769376820254693
0.9769647714181836
0.9769946934987389
0.9770027054603714
0.977024108419035
0.9771076670853778
0.9771372384183408
0.9771723359232024
0.9772049445361325
0.9772545901790597
0.9772961889635098
0.9773279877510866
0.9773711401381241
0.9774082971106158
0.977441269836893
0.9774579262211679
0.9774978405821977
0.9775105423298147
0.9775775858929219
0.9776101807806727
0.9776281504657369
0.9776636795856906
0.9776857686552842
0.977706844494477
0.9777410990083077
0.9777539711664852
0.977771382263003
0.9778012780923776
0.9776684728225058
0.977686371699929
0.9776910812228762
0.9776948800000808
0.9777129067305268
0.9777580932470553
0.9777774075623461
0.9777970666326493
0.9778260221172108
0.9778712921125109
0.9778911164739319
0.9779197717672617
0.9779412141275295
0.9780251372147948
0.978037916635975
0.9780390602895912
0.9780659717510121
0.9780808202628278
0.9780994432468461
0.9781116098751206
0.9781535615582271
0.9781725450002713
0.9781839226659316
0.9782010687507421
0.9782233789444437
0.9782254605416986
0.9782693524584574
0.9782743631184972
0.978293410141889
0.978302933536593
0.978333011319696
0.9783318308880982
0.9783489359412019
0.9783737804007393
0.9784086375736346
0.9784378158586515
0.9784552036675124
0.9784522092379182
0.9783486211171094
0.9783050519250306
0.978335144841075
0.9783621518832836
0.9783759998438248
0.9783944581017153
0.9784092269694389
0.978436228869783
0.9784895594433676
0.9785314288532359
0.9785485182627037
0.9785487351866912
0.9785585248905919
0.9785719716026431
0.9785968710987334
0.9786112686283706
0.9786227515846373
0.978608647653054
0.9786379648780049
0.9786455417276871
0.9786745825004776
0.9786874285791547
0.9787095283781203
0.978699454629701
0.9786843886943678
0.978704432282846
0.9787277992672085
0.978732434690869
0.9787481477544338
0.9787775267338436
0.9787887629697807
0.9788021312188712
0.978824794118524
0.9788398379209703
0.9788464138801632
0.978851331354254
0.9788490476128361
0.9788615394784779
0.97887089364522
0.9788791893978542
0.9788749620843957
0.9789298685874926
0.9789511515871804
0.9789608458061694
0.9789624572010146
0.9789801239858903
0.9789836906524388
0.9789905910742964
0.9789581475521488
0.9789651649315979
0.9789701757512519
0.9789853020970716
0.978981965967448
0.9789781974585443
0.9789856465428726
0.9789592669692949
0.9789760636031329
0.978979712075134
0.9790275505738564
