0.3999600000001712
0.8721228668160901
0.9234025456887669
0.9427073601538624
0.9525818592473602
0.958947286820762
0.9633172254268021
0.9663937146190014
0.9688546359481871
0.9705401818734105
0.9720250021715873
0.9731270679542641
0.9741759412108429
0.974865504708602
0.9756650435395295
0.9763731479459637
0.9769902972284797
0.9775420320721849
0.9780042904658813
0.9784350489356135
0.9787569544723289
0.9790518061485998
0.9793972282409014
0.9796152438442122
0.9798796743666491
0.9801089526711079
0.9803502493011372
0.980523261272386
0.9806734410165727
0.9808712571712311
0.9810543203481175
0.9812215530825981
0.9813273819275167
0.9814410793291498
0.9815464602252318
0.9816748584691486
0.9818044435014235
0.981897712330153
0.9819745343850925
0.9820689630963443
0.982263576986661
0.9823459847329091
0.9824233499395003
0.9824780541734129
0.9825818980288578
0.9826645969347384
0.9827320717648832
0.9827858923720257
0.982837440613571
0.982922890114594
0.982991492800379
0.983058296157021
0.9831292126904471
0.9831747479283072
0.9832321435010508
0.983267120906683
0.9832393322186338
0.9832910498635454
0.9833844845154404
0.9834192273250039
0.9835098409816762
0.9835423124695467
0.9836090096078425
0.9836682228773227
0.9836956131143252
0.9837056505262471
0.9837350238082441
0.9837794395730269
0.9838031041285192
0.9838371114468716
0.9838781676210018
0.9839229582903972
0.9839538364886156
0.9839796183679365
0.9840277121021386
0.9841372271472487
0.9841809983750515
0.9841561707820989
0.984189863965507
0.9842382575956116
0.9842478772640927
0.9842581455291817
0.9842733224543342
0.9842942784788994
0.9843330493795784
0.9843512656698328
0.9843666087837126
0.9843829833009442
0.9844413149539035
0.9844660088054327
0.9844754509782976
0.9844989286604285
0.9844999264017268
0.9845112971641357
0.98453383682347
0.9845555205741063
0.9846202000933462
0.9846451016900777
0.9846860164203973
0.9847275367434997
0.9847458680051819
0.9847815849705199
0.9847617932146384
0.9847808881565573
0.984807907569812
0.9848335583942435
0.9848720786757744
0.9848820803845509
0.9848752026401519
0.984961875697171
0.9849750466500872
0.9849891800992358
0.9850046870805291
0.9850716687113641
0.985020299078529
0.9850233887233756
0.9850461976640328
0.9850657902024743
0.9850789487582751
0.9850677834574761
0.985087485563526
0.985094090825167
0.9851098516775877
0.9851147606722997
0.9851199687531997
0.9851294291465409
0.9851354327597042
0.9851525374211052
0.9851827454828777
0.9852133899655897
0.9852358473777153
0.9852366391597869
0.9852391059012011
0.9852410397684976
0.9852521396104037
0.9852544278451693
0.9852814653115212
0.9852894616717884
0.985288168101273
0.9852941042088778
0.9853021387494634
0.9853135596476651
0.9853191292892362
0.9853273560955053
0.9853249960451662
0.9853403756353893
0.9853466699634904
0.9853788265113289
0.9853913607893132
0.9854143571175605
0.9854347559784806
0.9854356803937172
0.9854425699512592
0.9854446687833761
0.985443892268086
0.9854572574001779
0.9854739656112126
0.9854842071780071
0.9854975283006914
0.9855030485493889
0.9855203872674192
0.9855742031950535
0.9855933249865839
0.9855973852661883
0.985623441144604
0.9855921963573967
0.9855982375984879
0.985591868888171
0.9761793269200498
0.976064856658124
0.9760711508308519
0.9761165819086789
0.976213368447615
0.9762444914205802
0.9762055865186826
0.9762153004495424
0.976281941029526
0.9762608209750856
0.976278740808077
0.9762825070792918
0.9762525580214393
0.9762612615402178
0.9762907185699692
0.9763255622296927
0.976336267411521
0.9763792432309133
0.9764091046738516
0.9764258900239421
0.9764464458533716
0.976455880007278
0.9764705374885954
0.9764878223761562
0.9765072991739007
0.9765101021837297
0.9765303393030714
0.976411056904494
0.9763930293372227
0.9764012682035811
0.976413187359571
0.9764746597204328
