0.5999400000001319
0.9167270400000256
0.9512752089502383
0.9645668653906787
0.97148440245974
0.9757486876000616
0.9787465239056683
0.9808680982757287
0.9825354461886286
0.983786088745911
0.984792697978631
0.9855430115903341
0.9862328815828802
0.9868428704861573
0.9873558590188701
0.9878107081238761
0.9882289408152894
0.9885993590543563
0.988920975265371
0.989154656220344
0.9894238277848205
0.9896637649852587
0.9898807763301106
0.990075886588439
0.9902901777200483
0.9904483942904636
0.9905964265027012
0.990704901664839
0.9908439661563343
0.9909630388553733
0.9910418998910211
0.991164748564685
0.9912621194747311
0.9913476211937727
0.9914575560897742
0.9915178525493681
0.9916018399807354
0.9916764054180757
0.9917631158662165
0.9918363876167665
0.9918993759584922
0.9919529419053178
0.9920074369627611
0.9920616590527852
0.992113241463686
0.9921667878955923
0.9922689099655999
0.9923232509536706
0.9923805025583531
0.9924370692735871
0.9924605785088007
0.9925205936223447
0.9925524116763507
0.9925860848470037
0.9926311654563514
0.9927059383543491
0.9927310486835942
0.9927593066146604
0.9927803544765981
0.9928129847102676
0.9928466719129255
0.9928759316029426
0.992901489186074
0.9928949949907633
0.9929119421603455
0.9929447525232825
0.9929716858231616
0.9930034567414606
0.9930375230081203
0.9930846766019547
0.9931173278671743
0.9931381830658129
0.9931588768965305
0.993180301003683
0.9932203935022921
0.9932432195375311
0.9932650778981303
0.9932836467304716
0.9932998679847453
0.9933109597336897
0.9933359512418173
0.9933508677361842
0.9933684417524026
0.9933903157282384
0.9933852070122194
0.9933982458099665
0.9934153282024757
0.9934276428492492
0.9934428549111909
0.9934555673070973
0.9934684026901155
0.9934822113053298
0.9935014639133598
0.9935117338539675
0.9935385400655419
0.9935490383595178
0.9935629331271452
0.9935765562549528
0.9935839512684473
0.993602879008858
0.9936130387092119
0.9936242881486878
0.9936328233225814
0.9936419373093069
0.993650317674112
0.9936607611421073
0.9936829840501903
0.9936951494065654
0.9937018157336298
0.993713421666156
0.9937259727629734
0.9937269501831367
0.9937335053962554
0.9937400147192633
0.9937449960128034
0.9937526010034712
0.993755693875515
0.9937561703724843
0.9937962957304749
0.993800767554243
0.9938044313621076
0.9938084112735375
0.9938183483306526
0.9938266179601859
0.9938422749085442
0.9938542331454844
0.9938669490183875
0.9938322041935679
0.9938468645077263
0.9938362751625117
0.9938631376864872
0.99387027794139
0.993879053068954
0.993886457196154
0.9939198419734354
0.9939328700053318
0.9939403846891275
0.9939573130885846
0.9939706254943153
0.9939753387659248
0.9939818287174121
0.9940074776391403
0.9940180948355919
0.9940162211859928
0.9940315298013651
0.994045119204926
0.9940562183898416
0.9940617376761031
0.9940750546079141
0.9940866272980855
0.9940917860994595
0.9940980576937382
0.9941032641098012
0.9941106553779715
0.9941111466929632
0.9941139741703379
0.9941176316277038
0.9941208950957434
0.994104456162348
0.9941080872818858
0.9941093741304988
0.9941217153650191
0.9941238811147631
0.9941316668563568
0.9941320704886996
0.9941323551671435
0.9941408878157546
0.9941392430491487
0.9941452984015698
0.994145080277304
0.9941512086606163
0.9941498358535473
0.9941506949915594
0.9941614228892404
0.9941673408450861
0.9941698077585523
0.9941746274262475
0.994178464446838
0.9941850631136511
0.9941882431250136
0.9941903066358122
0.9941996550084582
0.9941763691838724
0.9941786006141463
0.9941784780799969
0.9941845703960454
0.9941910135240088
0.9941931958144137
0.9941964202712751
0.994200463580012
0.9942028390420512
0.9942084200450144
0.9942112455187969
0.9942077041729147
0.9942094982611238
0.9942131336930978
0.9942224353152093
0.9942232436874117
0.9942261791954898
0.9942307586547641
