0.7999200000000587
0.9590834113117755
0.9767455403734376
0.9834661604119006
0.986996963527797
0.9891354133907676
0.990677220432805
0.9917399930144191
0.992561822803074
0.9932237089723014
0.9937536577054629
0.9941672474861557
0.9945352565865325
0.9948354440149609
0.9950963013310239
0.9953120851569767
0.9955169555399365
0.9956945097050274
0.9958491839306852
0.9959723313755289
0.9960934261342635
0.9961986182693338
0.9963040615516164
0.9963935092494676
0.9964821603762749
0.9965606231389229
0.996625117678628
0.99669478503295
0.9967510618983131
0.9968100989699096
0.9968673506655742
0.9969229120329783
0.996966458261207
0.9970155874843055
0.9970353412471215
0.9970688174309865
0.9971122015162494
0.9971502458868698
0.997185940499521
0.9972180980781994
0.997249529780691
0.9972768772338154
0.9973064249979157
0.9973375028754607
0.9973641052129228
0.9973913680678607
0.9974124987923565
0.997438787794247
0.997466882637714
0.9974864400835893
0.9975059254853313
0.997526803115619
0.9975455170287219
0.9975686055373048
0.9975890017206265
0.9976043350080209
0.997609873540005
0.997637145803031
0.9976486765035714
0.9976661903022686
0.9976581621616811
0.9976689812091969
0.9976835948200506
0.9976992071230634
0.9977095335729197
0.9977212849222706
0.9977409383814477
0.9977594902441191
0.9977701902737606
0.9977794034527533
0.9977904821042096
0.9978019137749876
0.9978195809456437
0.9978291267311832
0.9978413390631065
0.9978508079831867
0.9978549213668098
0.9978713567035822
0.9978617519447116
0.9978717572822703
0.9978820411485476
0.9978899614797765
0.997901221149063
0.9894708149078538
0.989651119466934
0.9898531756182748
0.9899948426969716
0.9901134115766741
0.9901253570422678
0.990260011055787
0.9903591327705327
0.9904592479099855
0.9905631651513607
0.9906179579962584
0.9907010702535906
0.9907674557949386
0.9908339002723282
0.9909213330078531
0.9909793358598082
0.9910546419943249
0.9911118709060666
0.9911440272335669
0.9911911196261202
0.9912510957910653
0.9911259396534486
0.991093455712703
0.9911569943745485
0.9911852404718351
0.9912326241093982
0.9912880025213493
0.9913169087726281
0.9913524145454393
0.9913658719293776
0.9914116793678666
0.9914248180236014
0.9914528308464863
0.9915013902653819
0.9913021296801359
0.9913909721089866
0.9914189766554232
0.9914361272525587
0.9914513612201259
0.9914742613405693
0.9914883246521989
0.991550295906622
0.9915770113422069
0.9915897716302251
0.9916065733980367
0.9916206204913097
0.9916323158902314
0.9916171013405036
0.9916217598954075
0.9916400224646198
0.9916525977096557
0.9916563304875964
0.9916769726871871
0.9915952629111421
0.9916134357870393
0.9916313960433629
0.9916333256401582
0.9916481269409765
0.9916605135817648
0.9916849970263015
0.9917030680794573
0.991720989100767
0.9917240835274337
0.9917365098091605
0.9917415366040565
0.9917464381673087
0.9917557505852973
0.9917572328334178
0.9917755324779152
0.9917868604102535
0.9917947905759931
0.9918020996420696
0.9918174296447817
0.9918200939808199
0.9918239472772328
0.9918438414672158
0.991844043457145
0.991853678070258
0.9918232172346849
0.991854942754125
0.9918212143713923
0.9918717273041675
0.9919001494380417
0.9919190851223988
0.9919279828551889
0.991937940449048
0.9919392567535156
0.991945040605899
0.9919534897524184
0.991968739774965
0.9919889650682788
0.9920040078103295
0.9920194994859519
0.9920256311272134
0.9920238387192636
0.9920297025508379
0.992028515314819
0.9920292578813884
0.9920323663381891
0.9920332218548968
0.9920618479360901
0.992008510453662
0.9920098591748563
0.9920215777584013
0.9920425869323894
0.9920450477694986
0.9920485526082224
0.9918370145581921
0.9916472367608753
0.9916984569476528
0.9917169312494086
0.9917270794753906
0.9917359954852026
0.9917486330015391
0.9917569034593531
0.9917723919268181
0.9917946251432542
