0.009999000000297964
0.16302761473515914
0.2620591734289305
0.33113029232525226
0.3762478488140186
0.40611974876896395
0.4257968092760861
0.4365193615445423
0.4445497343365542
0.44906074714012734
0.4523297202827987
0.4549151559715733
0.4547132811470891
0.4542766107181817
0.45282287666377263
0.45029556695323925
0.4492449955259107
0.4459530721146082
0.44237186634536785
0.43930608150304484
0.43746048732569964
0.4337295628040022
0.4298923906643948
0.42805229518233434
0.4251018837643722
0.42215066028265835
0.41970758428023014
0.4166850329775491
0.4130881243302138
0.41045874996118825
0.4082117837562398
0.4054900804711541
0.40327700844145176
0.40095096292122534
0.398352179577526
0.39584848245410764
0.393915042785844
0.39116998547248694
0.38962757503672596
0.3871906540292711
0.3853317266149622
0.38334696815810765
0.38055407839640054
0.3786581638836588
0.3766646716280374
0.3746258875352725
0.3723863082068539
0.3707770764170515
0.3683888084077003
0.36643152639051124
0.36517786380057715
0.3632334557435023
0.3618457785618955
0.3596604943319992
0.35819588869130414
0.3566191714989616
0.35492337058461954
0.3532551124075781
0.35131619677912296
0.3494540479474476
0.34747991235962616
0.3460287129610422
0.34442470860857266
0.3428424300338846
0.3409832114985505
0.3393774345068361
0.3379582924421952
0.33658505720156773
0.33504229349757364
0.3334333974934124
0.33194115945502656
0.3304478778126847
0.32883467659059307
0.32747643411850913
0.3263879464662989
0.32486040604499666
0.3235989326585549
0.32265262125373706
0.3210753975574685
0.31954052265260247
0.31821577117026156
0.31706126301045157
0.3158407198551155
0.31453882216101303
0.313537889365066
0.31226613877782416
0.31101359395500894
0.309887883240736
0.30873368109712507
0.30764004290496316
0.3064249165884022
0.30500124761187275
0.30419933890901896
0.3031928069409383
0.3018587236576512
0.3009068818310985
0.30020793695913717
0.2999935015810852
0.29999373329019663
0.3000659760298052
0.30004189876268605
0.3001274724205495
0.3001806316605573
0.3001087482847158
0.29987712282382795
0.300010617971174
0.30021878572176597
0.29989236688661136
0.29998415303443426
0.3000399815312702
0.3000854597286382
0.29992479562652974
0.3000682179344727
0.2999982297529057
0.30005505245098185
0.2999376256181264
0.3001356569921575
0.3001036391003322
0.2999493824452034
0.30000689158044425
0.30023768492041114
0.3000032495864977
0.29989435588615954
0.30054161568619375
0.3003259632097105
0.2999776628441223
0.300039560081929
0.3000364572770441
0.30004428363836133
0.300082643078028
0.30004302297957663
0.3000571365712612
0.29993660876074624
0.2999203139057558
0.30003775058717075
0.30002068203144683
0.3001546656133064
0.30000034068470616
0.2999764265070185
0.3000332367408073
0.29998389699190753
0.2999376019584912
0.30015797638063757
0.29987905105749213
0.3002651534472114
0.2998917981060757
0.3000478901853789
0.3000070317893353
0.3000330488354951
0.2998542768136213
0.3001012483249097
0.29991625561899526
0.30006785561328897
0.2999329640468875
0.3002794680271966
0.299847614105322
0.3000789244074563
0.29996835937522726
0.3001477296384938
0.3000589063181701
0.3000030526782249
0.29994149832495276
0.30009009836798817
0.2999112302821819
0.30012970115875637
0.29996869582378527
0.30001499419064515
0.3000854314002742
0.30001041737527157
0.2999535741892825
0.2999901565397305
0.3002123207249129
0.29984266669301696
0.3000256093310322
0.3000030314626646
0.30001781096782854
0.3000163519057307
0.3000270502963954
0.29996849597724917
0.30001207785520023
0.30002851361136285
0.3000525655390327
0.2999912731829403
0.3000159872631314
0.3000505242417829
0.30003739993718537
0.30003552969837977
0.2999147237719796
0.30018777427110344
0.29996041996400347
0.30008268528280724
0.2999721499716843
0.2999939015408898
0.3001376335901105
0.3000300547095818
0.2999835081319778
0.3000612041918199
0.30001476393066706
0.30005984731564606
0.3000891885129504
0.2999387424073563
0.299963833222086
0.300079623793047
0.2999640212026903
0.2999894122087515
0.2999961515862549
0.300138313802897
0.29996133428441474
0.3000622316384821
0.3000306820078691
0.2999520343490666
0.3000438652142029
0.3000692953613734
0.2999368582178026
0.3001639172921978
0.29987105416473836
0.300101015449211
0.2999920168004441
0.29997931900557084
0.30011874137627426
0.29998019094318884
0.29998729559939474
0.3000380807892833
0.29992777994396735
0.3000253872789166
0.3000041015986775
0.3000700346237082
0.2999650875148584
0.29999543300455
0.2998728817215165
0.3002128120326293
0.2999717074892557
0.3000063704210031
0.29997841655383406
0.3000670298071616
0.29992748687323645
0.30003802195421714
0.2999563505005709
0.30001885132954986
0.2999971670803787
0.3000264430228945
0.3000443629764268
0.2999989002966297
0.300039008422365
0.29996990130500056
0.3000205017617762
0.30000629752094765
0.30002420432061505
0.2999656335006914
0.3000594586095401
0.30000479761049903
0.2999277725334156
0.30010444251745494
0.2999122088778883
0.29999912613941937
0.30006394970745276
0.299965816276452
0.3000508276888043
0.29993840653525283
0.3000696450211011
0.29995264097398566
0.2999758734896536
0.3001045161125294
0.2998687490160371
0.3000106662308394
0.29986236970821
0.3000982555695004
0.29993546719243847
0.30001341883432264
0.3000550665576448
0.2999946435760116
0.30003872134568244
0.3000516869962875
0.2999714422586497
0.300094496532999
0.2999397768055303
0.30000045920113316
0.3000567572399515
0.3000225149095034
0.3000011734976493
0.3000924534384535
0.2999970408584649
0.3000302953677497
0.30002535877842595
0.3000416115947926
0.29979376327156515
0.29999272145066236
0.3000685319796178
0.2999360742378854
0.3000583986804647
0.3000321374661029
0.2999498686819987
0.2999947864849237
0.3000559273644169
0.29995938835669844
0.3000530590500451
0.29993968752195244
0.3000635456577141
0.29993745185057896
0.3001270749695095
0.30013215915850666
0.2999472924440557
0.29998953410050744
0.2999068370801946
0.3000467026444582
0.30002744719824503
0.29998438960283536
0.2999744532257944
0.2999845331228568
0.30000985629443766
0.29999474721035646
0.3000700047271876
0.2999906933548161
0.30004409433792756
0.29997154677431526
0.29998384644219933
0.29994348470896315
0.30006134114309735
0.299984095628686
0.3000008161107973
0.30003234296097536
0.29997751350072976
0.3000427147990794
0.29995916813358803
0.29999454273576087
0.3000093352110691
0.3000113786267179
0.29998328903953453
0.2999800217836296
0.30003126258621116
0.2999619790996384
0.2999678901822471
0.3000400941817406
0.30000025236342265
0.2999089301613258
0.30001996749821813
0.2999902106193756
0.29998459191149895
0.299994799341882
0.29996098848369945
0.3000281240671543
0.3000119490210249
0.3000065179392791
0.2999884582174335
0.3000147789138289
0.2999364518248604
0.2999777377841515
0.2999987380776734
0.3000843167060333
0.2999575000916943
0.30002372590617365
0.29993306613075965
0.3000344867618432
0.30007626383184616
0.2999023468822888
0.3000506860337717
0.29998555248877246
0.299971581659214
0.3000793971546877
0.299916261186022
0.3000845239131762
0.29994839721383815
0.3000078314136222
0.299975184661986
0.30000509644064666
0.3000214884109932
0.3000204966975204
0.29993116855092505
0.3000768717883172
0.29991952099372665
0.3000245249785537
0.299985474608911
0.29998844978005834
0.300008783751491
0.29996909095214697
0.3000069198079095
0.300044771617759
0.2999998313636042
0.3000550885357013
0.2999786296313678
0.3000056673407937
0.3000003665029217
0.2999880322113794
0.2999887598335399
0.3000441207247061
0.2999876695172977
0.29996424399917676
0.3000799982559226
0.2999665559246436
0.3000500073540592
0.2999952751998566
0.29998206100785374
0.30003186150790395
0.2999886942748856
0.3000444221571398
0.2999494920245902
0.30003219690570804
0.3000171429531122
0.2999651613195242
0.30004699833512993
0.29999389239836005
0.3000078134092039
0.29995915376863636
0.3000453074700601
0.3000753853738862
0.29991668332430876
0.3000457860314468
0.3000296785005908
0.29992628139966215
0.29998341649723514
0.30001573838790985
0.3000225462428112
0.29999484735921056
0.3000485408073025
0.29991390769757253
0.300075158830711
0.29995852052175664
0.2999983544811661
0.30000896664416254
0.2999863200401781
0.2999987124396498
0.30001360525320864
0.2999408494412483
0.30001530237312124
0.29999640754029355
0.30006627291911625
0.2999612947531751
0.3000444163013396
0.2999737264414811
0.30001582541187977
0.3000197204474838
0.3000061745939788
0.30003085801427876
0.30001118008558736
0.3000014872411253
0.3000193558671097
0.2999688545909863
0.2999729476653392
0.29997738327236534
0.29999117770331596
0.3000382087773191
0.3000066646971322
0.29999882914565024
0.30001686611550815
0.299951236276103
0.3000725875386412
0.30002566292267396
0.2999366434067454
0.3000312471197317
0.2999389655901301
0.30007341556159717
0.30002317750338836
0.2999539489711506
0.30005159081714683
0.299988015078239
0.29997461583197216
0.30000532380356026
0.2999941106313627
0.3000193100038522
0.300002343983125
0.3000389499020236
0.29994901028519483
0.3000138239318729
0.3000426740362072
0.2999440501522339
0.2999616887129216
0.30006169056412224
0.2999893488008538
0.29996036215018307
0.2999951536238228
0.3000272834118326
0.3000339838950715
0.30000353155443427
0.2999751695374242
0.3000368644788983
0.29997867527304534
0.3000336523421717
0.29992618040531593
0.30000591742629645
0.29996504416289504
0.30002740656069804
0.2999720415101441
0.3000331968678317
0.29990180200932026
0.30004200716814844
0.2999363860889219
0.3000084118358346
0.29999025896710885
0.2999708206510039
0.30005121296213033
0.2999333636026912
0.3000005199124611
0.30004511569634373
0.29993078442142196
0.30003870862235715
0.2999190164106712
0.2999748116648765
0.30003047407353656
0.29996844094755726
0.2999920021292073
0.30000963887000087
0.2999842977352464
0.3000032626709269
0.29999580980814666
0.30000727901752766
0.2999553986203528
0.3000496183070088
0.29995963949125914
0.30001112377822114
0.2999662226373997
0.300043242023153
0.29995205529357316
0.3000649051450369
0.299995741367188
0.3000439745567993
0.3000226098830763
0.2999404034013142
0.300055194535203
0.29996660604127134
0.30003445212646096
0.3000110140799406
0.3000019749164221
0.29999932394508844
0.2999821063575149
0.30003980946182063
0.2999492820813833
0.30000731730673513
0.2999737025887268
0.300036269787753
0.30001876458721155
0.30000964540544917
0.299996971473079
0.2999935193643902
0.2999947390011728
0.29998780718419793
0.3000027122528298
0.299881040869467
0.3000214343321086
0.2999948249211779
0.2999937376286139
0.2999938287435814
0.3000021833908233
0.3000186858928575
0.2999652789045556
0.3000186374856292
0.2999599567927539
0.3000111504603551
0.3000083341913451
0.3000150030088521
0.2999845302011036
0.2999794261027181
0.30004348423752003
0.29996876535942374
0.3000268381696003
0.2999106010057834
0.29991170630109953
0.3000978645987481
0.3000613514383589
0.2999303719014643
0.3000229495256034
0.3000374379667995
0.3000127100386536
0.2999779533229723
0.3000534561764454
0.29997060191512803
0.30000597454420364
0.29992734406397614
0.3000363080605518
0.2999811792093524
0.3000367993196965
0.29999736313234426
0.29997090602837295
0.30000999968678266
0.2999328055878905
0.29999794753086606
0.29998939648121414
0.29992668601345407
0.300055950552907
0.30006095129282284
0.29993681465918987
0.29998844187371787
0.29998963114121524
0.30007430456903283
0.300057781079894
0.29992330453138627
0.3000372780212237
0.300058756965939
0.29993597446494225
0.30000697747931115
0.3000301976548374
0.2999900162139022
0.2999932376198966
0.3000125559741863
0.2999276380744461
0.3000277792794519
0.2999944782396018
0.2999839075391857
0.30001402705773794
0.29999825920658807
0.29992630824474553
0.3000277143962047
0.2999977649984483
0.3000081206794918
0.30000114496964414
0.30000871972485676
0.3000099458774814
0.299968723875116
0.29997293103783185
0.3000625168971781
0.29998801872513614
0.30003063899045745
0.299996806969148
0.29999073865587333
0.2999970324598301
0.2999974290937768
0.3000105445498201
0.3000032109122869
0.2999944498242987
0.3000193578790956
0.30000889282876064
0.29995558481542217
0.30006547026990626
0.29998967005992294
0.29996238360082905
0.3000512137818798
0.2999949710716683
0.29997193869406347
0.30001800750262575
0.2999909841798327
0.3000163301618659
0.2999638903656442
0.30002006381775803
0.2999421246581129
0.2999807811840174
0.2999864941364526
0.29997153229943496
0.30005347069109056
0.299988145080859
0.3000251519746113
0.299985185513864
0.2999977834079124
0.3000067590470077
0.2999429494089749
0.3000358665379852
0.29999563515285965
0.30000560696523937
0.3000124503635566
0.30000058477550096
0.29997433400311413
0.30002596556923233
0.2999754877213866
0.29999104159674395
0.2999961564812038
0.2999942210264396
0.3000320780844775
0.3000105643779005
0.29996663170805493
0.3000266869347654
0.29998593283453123
0.2999732944264786
0.3000739900655144
0.29992324899175193
0.3000132088403257
0.3000010013234016
0.3000157754542283
0.2999761609282513
0.30000623079806255
0.30002440666302677
0.2999807521803579
0.30001329326033455
0.2999692713656934
0.3000126266411032
0.3000086014720371
0.29999376841313385
0.3000220257945262
0.2999794837485684
0.30000085539829424
0.29998321150958773
0.2999908563530551
0.30002201903035497
0.2999340567447851
0.30000751560842154
0.30000624385480135
0.2999429843153447
0.30002797687593186
0.29998256740744245
0.30001819442188227
0.30001072841323684
0.29999059241534987
0.30000005041892797
0.3000057643597208
0.30001090663892793
0.2999504645882227
0.30001835320348724
0.29995302036300464
0.30000668169994427
0.29998527448341805
0.3000024271135291
0.3000249258404204
0.2999860125706416
0.30001094974926934
0.3000081330748603
0.2999472652072047
0.3000408629717829
0.30001710048591623
0.2999922927408958
0.2999881067289746
0.3000688108314893
0.2999681681379538
0.2999815041102961
0.2999890872472242
0.300059156761716
0.29996659114142166
0.3000289817729196
0.2999920593251929
0.2999810498939095
0.3000093390056776
0.30002118866549365
0.29997569335022867
0.3000152709313779
0.2999589065800823
0.3000163431167807
0.30002283098090676
0.2999841019386531
0.30000192612601206
0.29996989984902656
0.3000153021863895
0.2999394886720882
0.2999797397783476
0.3000152011623105
0.29993624865714086
0.29997705659865304
0.3000118311811336
0.2999947295843979
0.3000066322494943
0.3000081782850563
0.29998515778630785
0.29996691518078444
0.2999047149240809
0.300018299340978
0.3000009269681333
0.2999787320025069
0.29999408756151225
0.3000233765004412
0.29997616312736364
0.29999319701394567
0.30001627419473487
0.3000266116754232
0.29998782377415534
0.2999987344502867
0.3000138066886102
0.3000054600802693
0.3000178245886316
0.3000048411791929
0.3000048914561766
0.2999924640136201
0.2999894684825358
0.2999813938582323
0.3000132389736616
0.2999976107356155
0.3000028813197767
0.2999668048521138
0.29995526648205906
0.30003543985337155
0.3000144599583714
0.30001452794383754
0.29998415246495147
0.3000458148021161
0.2999496991262376
0.2999120229428579
0.3000729877536793
0.3000142057719819
0.2999859520598789
0.3000134511964363
0.29999571800027935
0.300008616609175
0.30001920676595784
0.29999212012709153
0.29999660118314475
0.29996481292653143
0.30005147579120595
0.2999938186461566
0.29999981682195687
0.30000148520014835
0.2999427016174201
0.30001544570110983
0.300021979821944
0.3000082600115127
0.2999907675338138
0.3000000880052264
0.2999930692627848
0.3000042785506938
0.30000579561734975
0.29995132304949457
0.3000182958740031
0.2999993697226121
0.3000249846092875
0.299963294838707
0.3000156797312109
0.30002914190715346
