0.29999841947604344
0.3000052056790512
0.3000029432813327
0.30000621713931186
0.3000041254541902
0.300006610395937
0.30000630513380855
0.30000452063286775
0.30000269648568045
0.30000570284287675
0.30000923581794603
0.3000122509655332
0.30000681547007024
0.3000115933413079
0.30001295911478054
0.3000136418645417
0.3000077570801162
0.3000043897173461
0.3000098326952467
0.30001124544365476
0.3000126207580618
0.3000057813310745
0.30000715751732787
0.3000047894679465
0.3000021466495886
0.29999732942022406
0.29999770870278875
0.29999575286993985
0.30000033243899116
0.2999984937192145
0.2999963250431461
0.3000013658377948
0.30000360674037496
0.3000084658231541
0.3000142601346627
0.30001150924292774
0.3000086477698367
0.30001135851474303
0.3000084442281157
0.3000083661114925
0.3000026362946915
0.29999771492906624
0.29998955032545704
0.2999827617575006
0.2999859525521935
0.29998167036707757
0.29997744183392216
0.29997979346968584
0.29997255967055514
0.29997966372002116
0.299989278447919
0.2999931237011574
0.29999465653072566
0.29999648608713647
0.29999318142743203
0.2999928219143315
0.2999866605741083
0.29998781365219196
0.29998335054445135
0.29997877852266086
0.2999620532817694
0.29995415472500386
0.2999500783027399
0.2999410882331559
0.29993394394492434
0.299931299115181
0.2999348982650619
0.2999364520913955
0.2999422927519618
0.29994811912811514
0.2999535705782451
0.29995375811394875
0.2999575688840781
0.299959358087893
0.2999627712593532
0.29995990189912025
0.2999630485076993
0.2999637792125338
0.29996960921102545
0.29997903059448083
0.2999697706415003
0.2999763042279898
0.2999792954320878
0.29997695695605164
0.29998497535527624
0.29998848297705016
0.2999883774456156
0.2999926819911617
0.29999012776251555
0.29999287914458594
0.29999331583531197
0.2999956683537811
0.2999980204516187
0.30000238596677453
0.30000507800708676
0.300008019440978
0.3000045001139736
0.3000075678629124
0.30000469248039296
0.3000088131000451
0.3000126516872854
0.30001239616144315
0.3000163641365623
0.30002225644336156
0.30002496635282516
0.30002880295493217
0.3000312057089597
0.3000318843719203
0.30002675829874315
0.3000288733156623
0.30002812731136363
0.30002944419916977
0.30001810560687014
0.30001815731741255
0.3000246043733328
0.3000186088327026
0.30002557655526463
0.30002259243521257
0.30001135217209796
0.30001515070896434
0.3000141013827391
0.3000167898896199
0.30001746186409206
0.3000182759988401
0.30001443840078024
0.30001184979471995
0.3000109354843533
0.3000049149409353
0.30000629755101726
0.30001044601598137
0.30001487918333847
0.3000136999266534
0.30001711282794685
0.3000222009311575
0.3000188344401441
0.30001654244987874
0.29999633044514007
0.29999769176012603
0.29999904327655313
0.2999937936828182
0.2999991513882446
0.30000201509969304
0.30000676912072954
0.30000493229747227
0.30000507943530264
0.3000072634016897
0.29999669857768696
0.3000008025043057
0.29999707412431187
0.30000261643367754
0.3000052230569066
0.30000748726159343
0.3000033217559236
0.30000144729612177
0.29999894369377034
0.3000043503605677
0.30001143378031336
0.3000146770093314
0.3000109421271864
0.30001278450711566
0.30000769239238456
0.30000839249178524
0.30000412182501934
0.3000065002539902
0.300026411651385
0.30002281613609205
0.30002480859970915
0.300020589971119
0.30001698488224593
0.30001274601916217
0.30002307107591186
0.300019462571811
0.3000157402342525
0.3000071564285143
0.30000049369666715
0.29999355252589444
0.29999659419954816
0.29998969538369
0.29999275052676255
0.2999788063354707
0.29998374157218755
0.29998050055305225
0.29998165675156185
0.2999646023999011
0.2999573494767265
0.2999541699136251
0.29995843905258657
0.29995714482394
0.29995331966633254
0.29994981291573974
0.29995266338785365
0.2999574127407809
0.29995756910513016
0.299958370131445
0.29995791281334094
0.29996295389425265
0.2999399367012492
0.29993633772842687
0.2999346822823602
0.29993792785056683
0.2999410818728576
0.29994317760357336
0.2999428751933316
0.29993807093489644
0.2999408254626068
0.2999479118034849
0.29994675391216985
0.299950127712979
0.2999556424854841
0.29996333268178355
0.2999671536106103
0.29996720532801946
0.2999678749666407
0.29996502933185487
0.2999667595927267
0.2999636605344951
0.2999674340448003
0.2999671244253185
0.29996498587939513
0.2999667077608901
0.29996386379911966
0.2999705889488251
0.29996845299095865
0.2999733790309689
0.29997514218910815
0.2999741950813387
0.29998064520160717
0.29998103223933237
0.29998513555459405
0.2999863016711003
0.2999839608239011
0.2999838340203802
0.2999882290673399
0.29998702629137064
0.2999915838871766
0.2999914236270853
0.2999916923226136
0.29998827792846416
0.29999126503399176
0.29999259681117185
0.29999731962221665
0.3000043761065493
0.3000021897259255
0.3000058257333883
0.3000063868754864
0.30001390141287476
0.300009672046605
0.3000089475594536
0.30000954134105606
0.30000395911565536
0.30000364829872106
0.3000073562596338
0.30000950751907096
0.3000031780784784
0.3000044012796562
0.3000114169623205
0.3000093646155746
0.30000622110915853
0.30000589928951893
0.3000010578313097
0.29999193005933544
0.2999999056438518
0.3000005887188093
0.29999619993283944
0.29999660254203286
0.29999614350868364
0.3000006045992426
0.30000352938398
0.3000039172729343
0.3000064875575901
0.30000621348155976
0.30001103358768855
0.3000071782719387
0.3000092239064104
0.30000763644135686
0.30001072039457644
0.3000147831661919
0.300006241197335
0.3000027548365083
0.2999990082497146
0.29999538653626556
0.29999339934383784
0.2999876355352883
0.29999117396789876
0.2999931893540234
0.29999552170904553
0.2999889701401449
0.2999884612998056
0.2999912229848397
0.29999522168042747
0.2999971309413971
0.3000012461181629
0.30000264981387526
0.2999976150963738
0.3000016375724789
0.30000068533302604
0.30000457367748135
0.300008321566
0.30001570368489816
0.3000158807672223
0.30001698710405555
0.3000159704372155
0.3000168952638791
0.3000172976655502
0.30001904173945637
0.3000249814445872
0.3000268905778034
0.3000209235109177
0.3000197226267325
0.3000215231152771
0.3000179503137155
0.30001711247558116
0.30000668847733425
0.3000085739619881
0.3000103650359982
0.3000062807937809
0.30000168119136483
0.2999760867301774
0.29997388408155734
0.2999636268329916
0.29996235482944056
0.2999610075683853
0.2999631960694581
0.29996526902934284
0.2999692068922697
0.2999675966773927
0.2999621277547647
0.29996301852286256
0.2999599039874279
0.2999596068601329
0.2999541942456263
0.2999505270384657
0.2999490227212971
0.29995062173656273
0.29995034398291653
0.29994355281740126
0.29994160637532596
0.2999446570022072
0.29994366920304205
0.29994366075583623
0.2999496759589042
0.2999468885531602
0.2999438624262851
0.29994837123189133
0.29994902001661483
0.2999530034818627
0.29995096903216145
0.29994945780715465
0.2999459896853026
0.2999438671153015
0.299943873932206
0.2999413792566318
0.29993265837837824
0.2999397576360968
0.2999404819001178
0.2999462525314177
0.29994419938781103
0.2999454805542283
0.29994413848435875
0.29994768442177167
0.2999499422335611
0.29993175748338663
0.2999307568736712
0.2999372207205684
0.29993703669397564
0.29993888694376303
0.2999442933071452
0.29995341804570297
0.29995388335439954
0.2999533803536716
0.2999552009753489
0.2999573023282641
0.2999609887214566
0.2999653281733411
0.29997001918591604
0.29997842497975746
0.2999811866849813
0.2999800420024059
0.29998125241998264
0.29998067896788305
0.2999851968370353
0.2999861558271617
0.2999852004586838
0.2999824104993706
0.29998754807003936
0.2999925099276287
0.2999766969911428
0.2999797467755909
0.2999799013982415
0.2999812644242287
0.29998133292493956
0.2999784753137389
0.2999825117484961
0.29998285285237947
0.2999820141585996
0.29999209909833635
0.2999942901018662
0.2999978828409311
0.2999966833754971
0.2999969900159115
0.2999953127938073
