0.3000394528117266
0.3002482134674441
0.30003207425770984
0.29988790369345275
0.29991138158613817
0.3001716769529472
0.3001917954995633
0.3000760279606921
0.29995695969611935
0.2999166723593999
0.3000796413991943
0.30004199822527455
0.2999696580116631
0.30000894784069143
0.29999266501362776
0.3000096017400067
0.3001369445380798
0.2999542118084795
0.30002781097537246
0.3000663494938892
0.2999845935742925
0.2999465568454779
0.3000583932629385
0.3000260116263257
0.300013318308761
0.2999257779462374
0.3000607752357687
0.3001111243172119
0.3000904089423454
0.2999450092590983
0.29993999059466503
0.3000653510626411
0.2999651023583062
0.29998294926971714
0.30007924952358633
0.2999985994149076
0.29996342158798084
0.300012115820805
0.29998667398256285
0.300005402230347
0.2999937692215221
0.3000048174050113
0.3001356952947486
0.30005264410152876
0.29995949765203633
0.2998837074055205
0.3000609520512072
0.300104434884338
0.3000308450521665
0.2999954748262462
0.2999511680162341
0.30007309508815916
0.30004328441189965
0.29995485392991506
0.3000670000755685
0.3000487239803533
0.2999340372897301
0.30004571866959295
0.3001693213436064
0.3000366759370967
0.29986997602743803
0.30002652863042056
0.3000978890846727
0.29991746059821256
0.29999160193354246
0.30003741470848466
0.2999780032138156
0.300032791036942
0.3001176222495666
0.2999978201734893
0.29997802094529624
0.2999749620363019
0.29999104535771015
0.29998677107672145
0.3000398670654777
0.30000755731468887
0.29992499293167474
0.3000234240962093
0.3000265708904788
0.2999332744530653
0.3000047019428632
0.30014371416532837
0.30006861853612
0.2999735005140103
0.2999622811841526
0.3001164657972998
0.2999924492435849
0.2998686820480674
0.2998757240759157
0.3000641535353017
0.3002132451780378
0.3000765678504702
0.29997273329170093
0.29988392723970736
0.30001174858669
0.3000993253637372
0.29997666654759836
0.2999192171504129
0.30006666438582785
0.3000530107422925
0.29992861553258465
0.2999831734908601
0.30003890113458165
0.30002501468715714
0.2999601138087461
0.3000131766152123
0.3000228446409875
0.30000072459643623
0.2999955677651154
0.29995208412771024
0.30002455253726323
0.29997869749423167
0.3000418069767955
0.300011628697359
0.29999615065016116
0.29992185425202766
0.30003668559134455
0.3001041652558122
0.2999712195150841
0.299934940494631
0.3000218386307538
0.30003208046084606
0.300004118646919
0.2999020775675909
0.3000243588963657
0.3000075711793938
0.29996435455645665
0.30007747149563
0.30005808881505536
0.29992097532104667
0.30000501816004244
0.300037976058964
0.2999263260906233
0.29997246366452635
0.3001059031632023
0.3000565301996675
0.2999110312054445
0.2999562064564162
0.2999968667275603
0.29995662920447563
0.3000633778479369
0.30008066361691554
0.2999701087418726
0.29999137424099476
0.30005260969265135
0.29988870383181965
0.2999367268903381
0.3000671840167951
0.30006700682647003
0.3000400727295943
0.29995327762139024
0.30000588797444105
0.29997365569873213
0.3000488067085557
0.30010263719411945
0.3000281161169961
0.29986655780009563
0.2999145836915199
0.30001012432246643
0.30003119633285136
0.29985984659778053
0.30000021041696434
0.3000967231958792
0.30005820740284783
0.29993582667403207
0.29998313497820983
0.30001184720747875
0.2999486350966818
0.30005546556869256
0.30003284882654513
0.29999546403805144
0.29996873015016645
0.3000372089871147
0.3000033654918761
0.300052742926314
0.2999490575751155
0.2999705677483311
0.30006211675669936
0.30009204310692705
0.2999539639724361
0.2999419655055846
0.3000433970865364
0.3000004427332996
0.2999890056070331
0.30005470248066035
0.3000098939777107
0.3000213992691556
0.29999406965821296
0.30000298560325345
0.30007189029292636
0.3000908796551983
0.2999465812667075
0.2999980498343302
0.30003698218594543
0.3000279074019465
0.29993876975484157
0.3000261896276951
0.2999846868747841
0.3000394837316708
0.3000093838526222
0.29979624241856917
0.29985777115617707
0.2999925634055204
0.30012382637049884
0.3000668200183936
0.29995464994279764
0.2999344277250767
0.3000625972804678
0.30006069531164126
0.2999820266674621
0.30003052312899336
0.29990592372205394
0.2999485477185988
0.30005609019663915
0.2999928249232334
0.29998534126249465
0.30005498145268095
0.29994126970056567
0.2999585468677829
0.30005752791389784
0.30005072475170713
0.29994209273971295
0.2999383637211036
0.3000678724063155
0.30006703521325473
0.30000182769999817
0.2999409378437534
0.29996936001726127
0.30012530966632567
0.30019256146849815
0.30013208631401456
0.29995167471392514
0.2999450098709445
0.30003100734610866
0.29999300053517075
0.300026983152479
0.29990813038408193
0.2999632843792275
0.3000456502090184
0.300005186712598
0.300025884487215
0.29999164986641114
0.29998794982031174
0.3000738251274886
0.299974775460898
0.29997798071016546
0.2999850318110374
0.30000825143231036
0.30000830297817727
0.2999647185730394
0.2999948425731941
0.3000523399112819
0.3000698903480076
0.29996821080300684
0.29999174984614563
0.3000331056998371
0.30004351664727824
0.29994690715838834
0.2999708917973166
0.3000310179702843
0.2999828652143204
0.30008625679821466
0.29994184724203143
0.299959793967585
0.3000591747326541
0.3000742065753308
0.2999822714395195
0.30001967029133003
0.29999956992690024
0.3000327698468144
0.30003286021226117
0.29996993147113193
0.29997537226699333
0.2999958005171768
0.30004418719148573
0.2999858071110544
0.2999588372077059
0.30003361734993295
0.29999456575632577
0.299978291718645
0.30001066531779963
0.29999710694961723
0.30001287896165396
0.29996470277533727
0.2999821472433781
0.30004643316425483
0.29997954811046523
0.2999823762687297
0.3000307041027065
0.29994242241092106
0.299960364621755
0.30005748932280885
0.2999660064942622
0.2999871679713628
0.3000382443167793
0.30003977135868
0.30000308985845536
0.29999188533123455
0.2999087420448632
0.30002268199261484
0.3000192435982547
0.299947064779002
0.2999891761474043
0.30003393925504984
0.29998453740001163
0.2999651845226209
0.2999928115836561
0.3000698044640875
0.2999594710827359
0.2999427843829763
0.30002647424881324
0.3000285717426323
0.3000110257010967
0.30001599911844334
0.30000631165274594
0.2999993200660709
0.29998817659108756
0.29996817934984366
0.3000169763448003
0.29993173758933145
0.2999354565223048
0.3000336402727485
0.29997591718822225
0.2999579489375256
0.29999727189101943
0.3000331770706266
0.30008463810254915
0.3001051476682475
0.29995672301832843
0.29993718934709357
0.3000247117276694
0.3000414693548593
0.2999316046776819
0.30000532376970235
0.300032833114497
0.2999650924603514
0.30007690315898006
0.3000427567385163
0.29990100573685463
0.2998977825276937
0.3000495885443951
0.3000544044687057
0.29998384161978375
0.3000040542141156
0.29997313422926686
0.30006562010114757
0.30008057175181113
0.2999703840640966
0.29991708167723274
0.299991803016492
0.3000864945848388
0.3000506034451056
0.29994863336643385
0.2999919545688524
0.3000064601539246
0.3000154227664188
0.2999772920518279
0.2999767128112558
0.3000036910832047
0.3000447618493648
0.3000235960576325
0.29998147042308776
0.30002020210810854
0.2999759563296127
0.29993034237485816
0.3000051382542581
0.3000765984261663
0.2999526005484022
0.29992042875873026
0.29995666686249367
0.3000232305888373
0.3000830515020917
0.2999837965382942
0.2999729397532084
0.29998697053175327
0.30005702483913477
0.30000848520963475
0.29998988925136927
0.2999673685568057
0.3000201181226634
0.300006229471506
0.2999972269689807
0.30004466112472883
0.30001097452014636
0.3000027768699761
0.2999486788072102
0.3000534407629085
0.3000161962904213
0.2999794009269372
0.30002526753185865
0.3000087939563355
0.29992561520072913
0.29999885598326315
0.3000181552941188
0.29998782881585273
0.2999944262161819
0.2999887212349771
0.29999550593998003
0.30004321212504237
0.2999820605061355
0.29998660260915666
0.30001943912578244
0.29996637479912425
0.3000372667592377
0.3000792507085501
0.29998756175584895
0.2999684777884287
0.29999862165715985
0.30005084944555316
0.29999963369036053
0.29999388427807205
0.30000786154798365
0.2999837732780357
0.2999966902881359
0.3000305802863068
0.3000363292810534
0.2999916856349112
0.29996059817209586
0.30004478777125665
0.299988368508027
0.29995077439636164
0.2999755555152771
0.3000310391653578
0.2999902131306704
0.30001571513188996
0.3000244190100906
0.2999636077276695
0.2999609900970347
0.3000456511335967
0.30008281293772954
0.29999689938760943
0.2999744476650955
0.3000093279042514
0.30006167905037373
0.299960570275117
0.29992259434205304
0.30004521509697657
0.3001562496172644
0.30007691598433806
0.29999228654454724
0.2999191505484978
0.29999115362431783
0.30004845812132497
0.30009690107660014
0.30002922086392825
0.29995130622498367
0.29992733423327456
0.3000185425427022
0.29998183764869246
0.3000292129059471
0.3000161442459057
0.30000362070185316
0.3000212225317903
0.2999932477547459
0.2999936947809353
0.3000292828214203
0.30004731763325054
0.2999865275217215
0.2999162033797115
0.29999868517301975
0.3000777286918077
0.3000132128813169
0.2999581311967824
0.3000222046141503
0.2999988194952905
0.30000071380258586
0.3000086721264945
0.300013241972205
0.2999865272505091
0.3000215235273568
0.29999841947604344
0.299989278447919
0.3000126516872854
0.3000052230569066
0.2999410818728576
0.30000364829872106
0.30001698710405555
0.299943873932206
0.2999953127938073
0.3000731669426663
0.3000647092631169
0.2999910378154951
0.2999621750753596
0.2999989152686635
0.3000453858643909
0.29998856655172523
0.29997533222888806
0.3000272560618207
0.3000155377298055
0.29999512589106336
0.30001846103774643
0.29995705684736595
0.30000554609190233
0.2999991551694665
0.3000304346849415
0.299975170342781
0.3000115850902363
0.3000509001744447
0.2999998915448626
0.29996221487726327
0.30001843184485777
0.30002661786842877
0.2999711733719659
0.2999988229850097
0.29997260716352425
0.30002025671271837
0.2999786577582686
0.30000895432552177
0.29999130342062663
0.30003809542374615
0.3000375256995397
0.2999481323285137
0.3000056646595731
0.3000025544800424
0.2999973171398813
0.29996728921006155
0.3000154523253393
0.29998574944750245
0.29995025701807965
0.29998089121331495
0.3000715075987793
0.3000773434808066
0.30002755209292875
0.29993862271957294
0.2999380426299624
0.30004031882438076
0.30002977427329725
0.2999902493184017
0.2999402839068338
0.29997512784583547
0.300072061865138
0.30009590775851247
0.300021976794157
0.2999999759171049
0.2999536706316063
0.29997960308486005
0.30005381666706077
0.2999710624491768
0.2999867733190553
0.3000169138704799
0.29997451592070035
0.2999672273159262
0.30000533443491173
0.3000333593858655
0.2999960044447354
0.3000109364211314
0.3000191189628886
0.29998638085370577
0.3000036987162519
0.2999854744284196
0.30004142384928845
0.2999950044562083
0.2999485887945018
0.3000345809149886
0.30001584686987004
0.2999590666526393
0.30004149162955196
0.30002186039914336
0.2999453330465708
0.2999384781695379
0.2999617846430941
0.30005111468752355
0.30006166322623373
0.29998399777101825
0.29998831360955613
0.2999972525647596
0.2999593742404131
0.30000108442675877
0.2999941725983517
0.30003540129208195
0.30002888440406184
0.2999821777978061
0.30003472620690175
0.2999728049432384
0.3000042491571734
0.3000416570457194
0.29997539083633895
0.3000118206140031
0.3000364908242138
0.2999857681465906
0.2999790581475338
0.3000357997694034
0.3000348235027597
0.29992875712682854
0.2999252801602603
0.29998456029889287
0.30000539301842033
0.30000494169094216
0.29996371595529703
0.299997053442547
0.3000261098503807
0.3000188755198757
0.29997211752098574
0.3000321275788379
0.30003369009956515
0.29998398664107995
0.29990172220085065
0.29998503961273804
0.3000436893860232
0.2999475461247817
0.2999371730653392
0.3000290448686347
0.3000074844942592
0.299981170792609
0.29998945591854953
0.300023492604763
0.2999718187017332
0.29999264328821573
0.30005051028368135
0.3000252057492786
0.29993217021538277
0.29997512448350727
0.29999968992815795
0.3000496548487689
0.30004710326615824
0.2999151442044813
0.2999301830294058
0.3000202546770133
0.3000388121748334
0.30001784745838767
0.29992154321549036
0.2999112568151595
0.2999766250003295
0.30006378520886245
0.3000311858908288
0.2999619383967531
0.29996901968848444
0.3000075981035156
0.29999153612089136
0.30001332318498186
0.30000846838894324
