0.19998000000029292
0.3275233074209162
0.40842908556364843
0.4590124019755396
0.4910622818668977
0.5116697463060671
0.5223924571616625
0.5294908360541793
0.5332078265465123
0.5345349442702283
0.5335447514396477
0.5343269328966626
0.5321050674668915
0.5297289850032182
0.5270869968575362
0.5250574995605073
0.5214798961549747
0.5188916891403625
0.5143666601688464
0.5116673547474306
0.5073497288927786
0.5026998440004937
0.49989470708617045
0.49651059066306114
0.4926874149707494
0.48904222033222267
0.4847467276573628
0.4809849121963664
0.4780473524849649
0.47495902488161945
0.4717393455799832
0.4674038007825141
0.46406001061102686
0.4611698093102692
0.4578764523236748
0.45447800446493825
0.4510966174100136
0.44773735912790613
0.4442168912537937
0.44070323855553395
0.436863536195896
0.43388764813442005
0.4318459879106158
0.4297784101776877
0.42677034559086446
0.4246944385520347
0.42262508045516356
0.420392611097117
0.41862614495065753
0.41595161210830767
0.4137729169206432
0.41200252839481233
0.41026542477380945
0.4080517830786866
0.40626295316265815
0.4042162474111237
0.4016072547318672
0.3996800865343445
0.3981485057288735
0.39617792008129815
0.39462781827778315
0.3928780112001701
0.3913367041161083
0.3894859424053899
0.3873561048127543
0.38544691556828947
0.3838875608825312
0.38178792965288455
0.38012548442718497
0.3782162457178163
0.3769729735736209
0.37553184197606726
0.3735246281596637
0.3716840675119727
0.3703238027826413
0.36887447003879337
0.3673093650503275
0.3658095398133605
0.3642080822484878
0.3624997708930773
0.360770866264447
0.3596130241587224
0.3579274845951559
0.35682410419183164
0.35535266759120243
0.3536264029512399
0.3521100713007862
0.3508868007192819
0.3495274636897623
0.3484075808581626
0.3472026661877661
0.34644869567754943
0.3452990150814854
0.34398718019481034
0.34264416699133604
0.34156806844678367
0.340464338349723
0.3395535020393988
0.3382065495860713
0.3372368932470037
0.33617159599565016
0.3351180950497087
0.3340396196693809
0.33290037647412263
0.33189404729378436
0.33062515423946237
0.32952692545671813
0.3281676915444064
0.3275680052596621
0.3265660015277648
0.3257338888579904
0.3247516530647272
0.32370758933314336
0.3227062129212541
0.3215971757321954
0.3206390137698294
0.3197014051274262
0.3188835927403394
0.3178567894508483
0.3170485874072012
0.31628597840205763
0.3153906483878489
0.31450983400741583
0.31371451899744696
0.3130367095035861
0.3122250608355094
0.3114488667325179
0.3105199384472429
0.309469631787596
0.3083899398350771
0.3077130833965126
0.30681736070976495
0.3060456979838736
0.3053781953094842
0.3045188517257036
0.30369192427056735
0.30286415349528895
0.3020832528560945
0.30134279254328566
0.3003219099104364
0.2998678669586221
0.3001752792174963
0.29994335611188916
0.30007620928697154
0.30003469247255043
0.2999832124535481
0.3001121624820059
0.2999717745242908
0.3000893005755384
0.30003173619028745
0.3000106780547481
0.3002043532430182
0.3002955210720797
0.2998954195249012
0.300240221498706
0.3000990003409828
0.3000271028142777
0.30002339857539695
0.30008070399098663
0.3002228300582268
0.2998864675936934
0.3000381952825667
0.30002346440212424
0.2999921443586063
0.3000293166911715
0.29997912089995404
0.3001854324579024
0.2999304768918708
0.300053894528313
0.2999959759229722
0.30000187383685595
0.3000105260210558
0.29999037733664846
0.3000366073696048
0.29986477411168133
0.3001850505139806
0.3000742974200389
0.2999606440512683
0.30017508960424266
0.30004397600916866
0.2998499338931576
0.30016708252159996
0.3001691839685403
0.3000456451342458
0.3000613858512521
0.30007405030582657
0.30002244563062275
0.3000007498557864
0.30015103708860014
0.2998615331389124
0.30009225783574967
0.30000545724536276
0.29995069494412807
0.3001410651811588
0.299958999258365
0.3000900157002441
0.3000573365371424
0.30000784727736407
0.300103378482634
0.299874913393426
0.3000005138648826
0.3000055354288469
0.29990039563974946
0.3001745207126405
0.29997043683051583
0.29996021865393463
0.3000369100704722
0.30005863148300105
0.30002125572260363
0.2999744579048431
0.2999877195769821
0.300060540501102
0.30002684943761304
0.29998809436934837
0.299942146835533
0.3000677730230149
0.2999086668447194
0.3000533649233169
0.299987460382669
0.30003865710716693
0.299992887111874
0.300042347725185
0.29999865347339394
0.30004405592318495
0.2999266766745211
0.29999604959041215
0.3000042206151813
0.300028973383786
0.3000499567802106
0.30004073966037437
0.30000609358090913
0.3000052413910662
0.2999633976977999
0.29999420602731
0.29999735747061873
0.2999852005413798
0.30003273734003655
0.300058796366083
0.30013885647232885
0.29991792661715666
0.300069239266907
0.3000574908718924
0.29996374031219786
0.300014966030848
0.30005284023741885
0.2999572975794248
0.30008740916959165
0.29999589615401046
0.29997172729241695
0.30008200364512216
0.2999447433388365
0.30002354213435745
0.29999085624535826
0.29999557539009547
0.3000029855643793
0.30010098182425204
0.2999800791745202
0.3000059787712641
0.300030924025931
0.30000313295824677
0.2999575575363007
0.3000386386336563
0.29996549594270494
0.3000642213249176
0.29994092522336013
0.30005225417217085
0.29988804957763404
0.30008302797336694
0.3000175962868117
0.2999782734657599
0.30001112554042275
0.30001653800073913
0.30002512820344995
0.299958589647085
0.30005184651486005
0.2999709892179443
0.2999976306304811
0.300032036349564
0.30007266044742087
0.29999831218499207
0.30003727201678754
0.29999845680346926
0.2999996652066105
0.2999806677159099
0.29999771242823736
0.30013630569062877
0.30000173995471724
0.29997717545117475
0.300042399414284
0.3000056359076624
0.2999452298693197
0.30003025096999236
0.30000445654773744
0.300030587418358
0.3000265614267793
0.30004356922124464
0.30000783107038964
0.2999578141354773
0.30004527351831056
0.3000182301616622
0.29999079025815834
0.2999418986509125
0.29999595237076293
0.30005290259608264
0.29992929025563364
0.3000880061660638
0.29997378671373387
0.30005060696411645
0.29992182165305414
0.30001106017062984
0.30010049999431465
0.3000251609056721
0.2999353859785526
0.30002414938813393
0.30002551317427495
0.29991212837143655
0.30003482436156825
0.30003518438996424
0.2999410700639238
0.30008719288304264
0.3000226535082152
0.29999798540764055
0.3000176182754245
0.29997241391483087
0.30002097729541033
0.3000055638796585
0.3000189205408934
0.29997465840664295
0.30002275137993994
0.3000016334136063
0.2999816591541723
0.3000304860680427
0.3000476391660515
0.29993205028286063
0.3000577978845277
0.2999446344575014
0.300066220014259
0.2999703073417793
0.3000304167775133
0.29992076596488704
0.3000549834052706
0.30000626581636114
0.29997575656017583
0.30013338805536827
0.2998916600780268
0.3000102537535241
0.3000253055097275
0.29990661492286574
0.29999465111474855
0.2999746089508032
0.30003457908651243
0.2999722235890022
0.30000150247190815
0.3000555952487721
0.2999647699118053
0.3000085742844769
0.30006799235541304
0.29992566361347817
0.3000154543609852
0.30006025949367565
0.2999553109603632
0.30003633971650434
0.30000178337940053
0.30003718135083357
0.2999933447070854
0.3000058884827176
0.3000592773234021
0.2999734240026387
0.2999492567225731
0.3000235446945948
0.3000288873632453
0.29992762214146007
0.30000590957282225
0.30000470752125585
0.3000099728720961
0.3000079654919481
0.3000592660767246
0.2999453383580474
0.29996360578311854
0.3000762791873235
0.29996384697090506
0.3000180408688101
0.299985364784526
0.3000229124567686
0.3000287588925161
0.2999558649979064
0.300048019109882
0.30009321634087216
0.299919465953577
0.3000587890224444
0.2999878555580905
0.30004976367104885
0.30000890382524636
0.29999458847145655
0.29996236616537364
0.30001960724012733
0.29997325579822853
0.3000569744374382
0.30006110385469975
0.29997890546597816
0.2999704406900682
0.3000087773668394
0.30000059662808043
0.2999675721192365
0.2999972310765675
0.30000919094353284
0.2999903625712438
0.30000467617965976
0.30002512282743177
0.30000259562709175
0.29996133455939034
0.30003902585692177
0.29995298621966027
0.29997462037541345
0.3000660270640686
0.3000029574662726
0.2999923289115588
0.2999459021335511
0.3000031812944439
0.2999767380399122
0.3000550519099482
0.29990649072526987
0.3000258909869935
0.29994835271340703
0.3000227330377885
0.30003748497780725
0.2999620591998239
0.3000138609948836
0.30000580841769253
0.3000108909728577
0.3000125734858221
0.29999602381640744
0.29998902697548124
0.3000383598694155
0.3000261044637099
0.30001710395959236
0.3000078814188939
0.2999716610750497
0.3001237455136667
0.3000066037564121
0.29992644480575514
0.30003147282673204
0.2999901994165075
0.30003917608231434
0.29997514074647924
0.299985430460053
0.29996817341443716
0.3000656735635565
0.2999418605331228
0.30002049881673054
0.30001195466828745
0.2999963003158367
0.30000269672521673
0.2999931349905207
0.2999992934989084
0.29999753205323554
0.3000458519998067
0.29998888610490726
0.3000053764047975
0.2999818543992504
0.29999181937108044
0.3000072056051436
0.2999670447226054
0.29998999673165927
0.3000179490383946
0.29996455954461243
0.30001095891303897
0.30001609333524604
0.2999682273347569
0.30005434155299826
0.2999836543997212
0.2999444057151758
0.30007201778424375
0.29992723537678734
0.30005134923373455
0.2999972945500512
0.299969127895079
0.30005098455814394
0.30001854475921497
0.29993181489466325
0.30007610391267303
0.2999991693441413
0.2999014599920867
0.3000855744335378
0.3000235942650896
0.29993630819614925
0.2999990117216852
0.29998338682470216
0.2999774062256956
0.3000495415093447
0.2999791250453566
0.2999809381568286
0.3000617608899704
0.29998781516998607
0.3000177205950467
0.29999050923130655
0.30003566448679353
0.2999656804631332
0.30000363965381405
0.3000710526947401
0.29996173173667595
0.30001924886104814
0.29995614228365
0.3000409538486719
0.29997182453491145
0.30003255123472417
0.29998649038801084
0.3000265022005938
0.29990149670658894
0.30002091208030757
0.300046180809573
0.29997196026198525
0.2999974639647788
0.3000237720912705
0.3000055114685568
0.300053666275089
0.29995898069994786
0.30001243151782353
0.29998756769975454
0.2999989504187658
0.30001272290962333
0.30000761444831703
0.30000777072541973
0.2999643924809845
0.3000442462925127
0.29999259924865185
0.3000099077733438
0.3000725115337374
0.3000179184773346
0.2999568908539082
0.300020196908271
0.2999437986551301
0.30000910378296786
0.29998346768533957
0.29997787696724687
0.300053041967577
0.2999847845150183
0.29996222177410103
0.3000817743192984
0.30005119663377455
0.2999690822604466
0.30003055394084366
0.2999708227551483
0.300065854068548
0.29998119378401167
0.3000325319717585
0.2999976633616259
0.300023582024773
0.2999612707956143
0.2999716198965303
0.3000744944926703
0.2999981183313428
0.3000418845926518
0.30003419709824675
0.2999836567660489
0.2999968579133915
0.2999983807447302
0.3000253340835092
0.3000070214035202
0.29992762086071023
0.30003639076319766
0.29998723037501185
0.30003832350436077
0.29998556524117737
0.2999947572767231
0.2999820721366443
0.2999973913341456
0.3000164514064412
0.2999419815427138
0.30004704993637654
0.2999832184980987
0.3000618134741675
0.29993627416360147
0.30002802635319414
0.3000227813579487
0.2999736936860782
0.2999947876776792
0.29999760808527975
0.3000365169694952
0.2999360663178249
0.29999460138393197
0.30006844991224035
0.2999482732987929
0.30006832403707995
0.2999678392185895
0.2999865576711489
0.300041603339571
0.2999865712602521
0.30000191371847307
0.3000026215926551
0.2999662143868361
0.30001025061007747
0.29994527508117574
0.3000029427383578
0.29998287888734276
0.29997630417491417
0.3000150832082852
0.299927505817948
0.3000284762301374
0.2999362207446292
0.3000028498729087
0.3000084953502856
0.3000111556270306
0.2999969453144987
0.29996730899366586
0.299978608282472
0.2999829507887415
0.29999047568807535
0.30000416014745546
0.299979389200858
0.2999860972976618
0.2999927067575925
0.3000133811670781
0.29997858595510907
0.3000545355853137
0.29998462767454204
0.2999873483447921
0.299983648832017
0.299962336811175
0.3000292300413617
0.2999423282143783
0.30000224237982
0.3000001309817334
0.300021263386136
0.2999349468489724
0.3000755852387642
0.300023592496243
0.2999902624832178
0.30001078200834974
0.2999984484720285
0.2999933186688116
0.3000037776626805
0.30001196001999997
0.30000744323920037
0.2999905115243351
0.3000409369292931
0.2999650485371935
0.3000023195248298
0.3000161310632331
0.30002216853160524
0.2999967409896168
0.3000181617069927
0.3000117215043292
0.29997986169586077
0.2999737708030805
0.3000011697465146
0.2999970141556664
0.3000334082520828
0.3000021784390119
0.30002165066786624
0.2999894283829292
0.29999538994822705
0.29997849353056416
0.30004087745810437
0.299972666129939
0.30000379544352906
0.3000495200638468
0.29991084529954515
0.2999961975067159
0.3000058029259993
0.3000115528805105
0.29996234989318327
0.3000174024059594
0.2999656670043914
0.30001214838645074
0.30000568205798095
0.2999836873441979
0.3000115045336069
0.299974083302297
0.300025617959926
0.3000325383335629
0.3000069289145174
0.29997798429230726
0.29999444915129525
0.3000151191024458
0.30004066096734316
0.2999774579376775
0.30001577732261275
0.2999891603222343
0.3000213644772549
0.2999842797208341
0.3000284955857363
0.30001982990369414
0.2999921539792446
0.30000297133709986
0.30001623790025866
0.2999674443336573
0.299996193462962
0.30000379318222037
0.2999886873674711
0.30001952279348787
0.2999856059152477
0.30000266262392694
0.299979308518032
0.30002472530288904
0.2999557270005233
0.30004133441972336
0.29998797204724026
0.29997844919215244
0.30003885638385386
0.29997654598665857
0.29999022453147883
0.3000248890191548
0.2999702527879563
0.30002883673028524
0.29998820873997056
0.2999710771471412
0.2999937164422556
0.29996844252265387
0.3000245998782265
0.299957124121656
0.29996844719809124
0.3000183730780088
0.2999650664963326
0.30000251700572156
0.30000097763719424
0.29997917276931263
0.30002008197489494
0.29994488012067977
0.30000468479225173
0.2999993794748068
0.29999096282030513
0.29999645540090414
0.2999726133911791
0.3000344345762791
0.29998073106120227
0.30004549719953666
0.29992971473022256
0.2999998872938806
0.2999979196610876
0.3000160581960134
0.2999842582679605
0.3000453921266103
0.2999744601132762
0.29996218568175825
0.30002794966191493
0.30004378981314794
0.29996906121658085
0.30005848158531523
0.29993167077174165
0.29997749070425606
0.3000582676642951
0.2999871506946443
0.30002392700976166
0.2999917361334886
0.29999992879299486
0.3000043737223106
0.3000143499636301
0.29999913058886063
0.30000386238385457
0.29998520286632646
0.3000061089400765
0.29999098961316384
0.30000399248622145
0.299996022356689
0.3000308109164467
0.29999075979924694
0.29998103642676277
0.30001751673717525
0.29996615726043685
0.2999347271209488
0.30005196155468616
0.29997840065092385
0.30001295771809844
0.30000457562322835
0.3000071123259711
0.2999436645792466
0.30004621097452
0.2999960126317658
0.2999422008413989
0.29998639822906226
0.29998078624894364
0.300001500589993
0.30000441515894216
0.2999932160164245
0.29997925669438397
0.30005566288181384
0.29999795011402486
0.30000773441149753
0.30000624349562044
0.29999374636304854
0.3000062140330212
0.2999915067632458
0.29999212263591024
0.3000106804239516
0.3000285912400156
0.299994260509597
0.3000068773141943
0.3000031502245365
0.2999893345529473
0.3000042929891078
0.29996900478046695
0.3000468305179579
0.299964238602789
0.3000087334646647
0.3000582098250334
0.2999934895189921
0.2999426671346225
0.3000266348500593
0.29995877422834893
