0.3999600000001712
0.49083811713098513
0.5437206000458875
0.5751757482485617
0.5933349065999374
0.6040148247973023
0.6111875093656307
0.613091576187641
0.6128488134925975
0.611320128697988
0.6068959080290965
0.6031867285499499
0.5996744710686506
0.5959270095415774
0.5909881838481108
0.5857045146586751
0.5812091407721914
0.5760275321109232
0.5706459489143882
0.5654198001288617
0.5602820140663526
0.5559948342898189
0.5512642910631808
0.5477414735204531
0.5430127218848444
0.5389877672347096
0.5345515949603515
0.5302049667617572
0.525462175778869
0.5216612288747853
0.5178917854457561
0.5135601042615794
0.5093603264536146
0.5051760638329854
0.5014766654765417
0.4974436959239268
0.49330990335777203
0.48945074159492785
0.48649265273804754
0.48336612525687317
0.48075497516960897
0.47770209629100635
0.4745362248108105
0.4714181502839192
0.46808173226451166
0.46497540242380886
0.4619251794550191
0.4591956147840075
0.45644960838787263
0.4538642763865103
0.45131479080644166
0.44848851355991803
0.445500288999347
0.4429880837803768
0.4406943847197825
0.4386355296497404
0.4364494502551737
0.4340028259103207
0.4318414518776048
0.4292983944075922
0.4270948484509446
0.4251044655405585
0.4230711984729102
0.4212575099184246
0.41951756731846834
0.41750839625465974
0.41555836533231993
0.41343540241018306
0.41130354771890587
0.4091709425174015
0.4068236758535301
0.40469999826073066
0.4028729917066254
0.4009548137073561
0.39929782498458266
0.39787149047140435
0.3964108723724128
0.3947063816481281
0.39306470962027373
0.39098168462145566
0.38956964693924945
0.38789722350328204
0.3864049176284048
0.38449987301212685
0.3831910417847372
0.3818127640192551
0.37990079581186176
0.37821125080358675
0.37660623626585865
0.3751190303945354
0.37379514617306453
0.37242106844427547
0.37096003153233714
0.36947325156563215
0.3685027081197344
0.36753846729882345
0.3663654210825803
0.36488921540535635
0.36370981280217596
0.3626011558368607
0.36143658995884387
0.3601883403505869
0.3593283352438824
0.358035994322339
0.3570700828358242
0.3559799334965885
0.35500470959923514
0.35399869260171735
0.3526550602264178
0.3514816566202563
0.3506222329876584
0.34961417234656966
0.34848129503125014
0.34752194093621613
0.34642294309178834
0.3456486892683541
0.34448158848749566
0.34370901972815915
0.3426618808299583
0.34136768898569225
0.3403126858251686
0.3392938315631686
0.33820969566906467
0.3373808349609929
0.3365508522107532
0.33571179754466807
0.3347942891921135
0.333782170461427
0.3328675842502943
0.3319337592012652
0.3310308438315436
0.3299797379734416
0.3290638816179562
0.32810011293192776
0.3272301142011955
0.3263512039300551
0.3256972532104294
0.32498713899782716
0.32396161231000276
0.3230593840129332
0.32222545904856126
0.3214405026682656
0.32071550680206085
0.3197264224053903
0.3189530615046524
0.3180807708354616
0.3173586010342363
0.31641749024155963
0.3156389038962042
0.3148126599742208
0.31403419469369287
0.3132449247515636
0.3124865202095308
0.31176408829218183
0.3109505316965989
0.310183699928277
0.30938652472170025
0.30842414456930656
0.30767140628562395
0.3069068447858112
0.30613703557206107
0.3054146890095175
0.3047569851912243
0.3042148418790007
0.30357534049264534
0.30290413454541376
0.30218354647579615
0.3013962347855569
0.30066236324930906
0.2999076817022901
0.3000292913009467
0.30008491015030947
0.2999383477729588
0.2999361069209987
0.3001659294689172
0.3000453213156171
0.29995110519257395
0.29998523489687645
0.3001857132470608
0.29990310151360344
0.3001807015670884
0.30010676150778526
0.2999611272841344
0.29995263051123
0.3000809262137265
0.29995239782012106
0.3000382913335963
0.30017437829995697
0.29986055809651113
0.3000031551992629
0.30000098710246825
0.3000475499852864
0.30011734324618444
0.29991755281739085
0.3003765220558928
0.3000771761550136
0.29992824935887574
0.30019537742614466
0.2999513959585125
0.3000785954299021
0.3000696492844296
0.29977847038564165
0.30011170393392317
0.3000159436784364
0.3000140996986064
0.3000355385841469
0.2999976172785328
0.30003377159059597
0.3000031971190812
0.2999764128525719
0.2999645944048863
0.300019296858706
0.299961446387612
0.3000531763407306
0.3000416247440497
0.29998720583670546
0.3000724506658219
0.29999738228212536
0.3000978705233295
0.29997721282637946
0.30001803822477535
0.3000892697215034
0.2999042743943897
0.3000282910088885
0.30015594399361545
0.29986695477586767
0.3000838483272269
0.2999918262357968
0.2999607797198822
0.30007407801237473
0.3000130001786324
0.299959129350024
0.300069976580131
0.29992222876198227
0.3000635762715662
0.29993863033156076
0.300077936099434
0.29999443505983503
0.3000569733622086
0.30003799528714514
0.2999934553070889
0.30002516736531193
0.29994702789300187
0.3000814498112143
0.29993039894158957
0.30005039360819596
0.3000811047541624
0.2999405257272718
0.29999539253716856
0.30008110351116624
0.2999129134633799
0.3000932244416752
0.2999882219630259
0.29998248747434997
0.3001274191780329
0.3000266541794103
0.3000080863536201
0.3000097187050169
0.3000399625516449
0.2999855692364458
0.3000527830721399
0.30000535664696315
0.2999877537320448
0.30001209640869775
0.3000836104038438
0.30000302752133956
0.30005236400164026
0.3000080374074625
0.29999105718095875
0.29995067099866934
0.2999898438771461
0.29997101354224687
0.30000680067269037
0.30000553754171133
0.2999932185600144
0.29991018470909403
0.3000656615406989
0.29993230805377946
0.30006683407233103
0.29998598963363454
0.29998401129802743
0.2999541932558837
0.30004754822931967
0.2999298558475114
0.30004779849623076
0.2999132637677647
0.30007495147273
0.30002827974512447
0.2999835076367521
0.30013877394555966
0.2999209190864205
0.3000069622715298
0.30000118136153764
0.29995246068749115
0.30003122112828406
0.3000115321459971
0.3000108880769685
0.3001147472166579
0.30000958402745825
0.2999983437752406
0.29999025691705006
0.3000084541431941
0.29999039941326167
0.299985375047251
0.30004179512004714
0.30008763319998444
0.2999317426146364
0.30000089925664475
0.2999704575215142
0.29999546218094364
0.3000350798240822
0.2999887706463208
0.29995976093349475
0.3000641059421062
0.2999256764767383
0.30003095455327244
0.2998902013305217
0.30007767729991575
0.29994122976991033
0.3000877470691097
0.2999483399592163
0.29999646372501276
0.2999810346602133
0.2999206639974441
0.3000879279403792
0.30005334022919583
0.2999584963913411
0.30009017374123015
0.2999570433312879
0.3000260585744239
0.3000152740404888
0.2999890831412355
0.3000712880270505
0.2999909329126069
0.30003354536649984
0.29999998394524763
0.29995820385882
0.30004264742424924
0.2999950947764265
0.2999655244019035
0.30001101066872904
0.2999889367724664
0.30000516719928405
0.2999891997475297
0.30002081851479745
0.29998310258602956
0.3000335768826491
0.30001193675791304
0.2999743284434452
0.29997125325154606
0.3001015548573924
0.29994840546771495
0.2999657157871386
0.30004945555878315
0.29997362476259604
0.30000082188725574
0.30003158839321664
0.29997028631583733
0.30008496838774834
0.29999899955869214
0.29999387897765173
0.30000441426563385
0.3000314885163645
0.3000458894337359
0.29998150055939277
0.3000767536893172
0.3000137550031794
0.2999300679049638
0.3000328372734993
0.3000097198223919
0.299960015639928
0.30003767156375927
0.2999676018705656
0.30003569932228225
0.2999084016992336
0.30000068005574343
0.29999324284732
0.3000962956656055
0.2999118395797621
0.2999673566736707
0.3000044045654121
0.3000153811427555
0.300018268161681
0.3000046912995471
0.29999368389812153
0.3000721550565375
0.2999847307793404
0.29998983642265853
0.3001246858055193
0.2999659667929062
0.3000107380390361
0.3000610487911082
0.29997031332622026
0.3000660653851659
0.2999810730070662
0.2999736091662053
0.30003863875277126
0.2999500087061917
0.3000257334498062
0.29995290953134557
0.30006966966305204
0.2999583910815855
0.2999478218491083
0.30006248019078696
0.299906221562966
0.3000245905394734
0.3000661304641806
0.29993883421634737
0.30001294176465043
0.2999803998952122
0.3000117133712912
0.29996352449690233
0.3000308061988852
0.29998288297494435
0.29997633386175526
0.30001950390612686
0.3000281534903909
0.2999907130854602
0.3000109831001182
0.29998959927557556
0.29996777055341173
0.30005174451276073
0.2999898148127712
0.29996008551376063
0.29999395701560927
0.2999714747337271
0.30006690736933483
0.29996530441321057
0.30001427171179396
0.2999662629055295
0.300035008374104
0.30002013787078274
0.29998726840939827
0.3000036568842951
0.2999679917838006
0.29998771127059864
0.2999888637503093
0.2999799727293816
0.299975931267742
0.29996958605369883
0.30001471497811194
0.2999822404835234
0.29999162101066223
0.2999861172943823
0.2999860158137566
0.3000404537566709
0.29998245869576357
0.30002555919501284
0.30002347910180305
0.30000588272059825
0.30003901031405444
0.29997371440130705
0.3000615321320631
0.29996629464888
0.3000035757096755
0.3000203922560484
0.299987923209838
0.2999823997284172
0.299992468443511
0.2999779275041716
0.3000408665633738
0.299960567864374
0.3000364622990662
0.2999978353146445
0.2999959480904191
0.29997749724308564
0.30011505741820443
0.3000214886208683
0.2999674963046415
0.299972941505702
0.2999830736406167
0.30006410637885383
0.2999959555813687
0.30003909118249694
0.30001380065846006
0.3000169029972277
0.3000207095293316
0.2999807092065382
0.3000065263278584
0.2999716394632126
0.3000072598494371
0.299984697883528
0.3000277784115044
0.3000420009803374
0.29992041665400937
0.3000437052731889
0.2999804623857848
0.3000036307124724
0.2999415308006955
0.3000035881924278
0.3000505883320693
0.29995660697753346
0.30001914227625326
0.29997511307714386
0.3000718154760251
0.2999373150108615
0.30001996192240465
0.29998068862942395
0.2999917499505861
0.30002075347393276
0.3000059377586657
0.29996685941117973
0.30009572753384106
0.30004667635611737
0.29998742047212434
0.30002966279624343
0.3000014803947346
0.299990630607596
0.29998629688388967
0.29995950761959167
0.2999770723772136
0.3000111524882073
0.29997593680287704
0.3000048359215034
0.30001182125974557
0.2999954043901275
0.3000468059175906
0.29998400891145194
0.3000202782987278
0.2999338002176304
0.30000289673696
0.3000093671029457
0.29999258584989086
0.3000152448973683
0.300119731538088
0.29994259978767157
0.300032587152948
0.30000188245618287
0.29996788805183405
0.30003089873306954
0.3000072928386406
0.3000466181379974
0.29992981715227884
0.2999987338790997
0.3000197608648302
0.3000300437743314
0.30001662819671127
0.30002230326198676
0.29994063635146284
0.3000175220807172
0.2999681471942309
0.30005767466274014
0.2999742463202776
0.30003714163329476
0.29992536552179205
0.3000406716033903
0.30000136142359635
0.2999407414331766
0.3000265481638156
0.2999499039658373
0.30003100885860023
0.3000004467425995
0.2999868276492632
0.30002792640703413
0.300001366379823
0.3000427324784297
0.30001013223087136
0.29996448062782965
0.30000554535260093
0.300022749466225
0.3000070978062258
0.3000031975777787
0.30000456686935706
0.30003275944447916
0.300003596430096
0.30004426495787306
0.3000694488476261
0.2999483414069505
0.2999860206461269
0.3000104808560251
0.29998795366394193
0.2999949986635805
0.29997895814092623
0.30001343248894974
0.2999496659675269
0.300007028195147
0.30000605627954224
0.29999287295293786
0.3000123818396886
0.2999641063582319
0.30000526023688756
0.3000297452374616
0.2999691478677051
0.3000149958035213
0.29991333316235824
0.30001825529228177
0.3000300393791897
0.29998429280317507
0.3000452502077411
0.2999725039841936
0.3000260540174966
0.29996435586376136
0.30006504443121196
0.30000879606454434
0.2999823518122493
0.3000200618534069
0.3000233131707192
0.2999744338535346
0.29999790928718495
0.3000087154352775
0.3000256756631968
0.300004117792112
0.2999749339068538
0.3000169178984651
0.3000090868490224
0.2999797648922934
0.30000722842063743
0.29996510032850776
0.3000627028394285
0.29995086628501166
0.3000273595500559
0.3000132658661131
0.29997952360199365
0.2999985493454619
0.30003406969375146
0.29995172590620733
0.3000345122461322
0.299992910261362
0.2999956286295321
0.29996119874858596
0.30000874325864346
0.29998356044740104
0.29998097209384267
0.2999866200085135
0.30001049551638204
0.3000240485966562
0.2999747082035321
0.2999383933301748
0.3000261984751882
0.2999985714910588
0.29996204433835083
0.30003636664506184
0.29997962336097916
0.3000122017498631
0.30000115227237145
0.29999033036584544
0.29998017043712477
0.3000262035065322
0.2999968862850253
0.3000307122906837
0.29999754923763056
0.3000096772939721
0.2999902829150578
0.3000107654073283
0.29999043777521983
0.2999882969920895
0.29999792943446923
0.2999987917599932
0.2999481473948984
0.3000500619950487
0.29996600124875783
0.3000306684463244
0.3000019943497949
0.3000038500970006
0.30002545665080516
0.3000042799829833
0.2999909370312913
0.30004626032748705
0.299947614320069
0.29998885104680095
0.2999907068730491
0.3000042341334883
0.3000298147310597
0.2999838657268574
0.29999710123073886
0.29998628884335976
0.3000249364372679
0.30003227708546165
0.29991229137170095
0.3000141664482977
0.3000232517482597
0.2999561173047284
0.2999924507035463
0.30002701071966253
0.2999638104282347
0.30003999747556165
0.29998432686163956
0.3000312360943679
0.29998814387384864
0.2999524452182717
0.299992329693091
0.3000307167813069
0.29998988001447346
0.2999968797722119
0.30002790672123314
0.2999399391523887
0.3000260933942548
0.3000461553603362
0.2999722523591214
0.300042704338745
0.30004859057673894
0.299952437052014
0.30002528686508345
0.2999962769136193
0.30003012172542487
0.2999916695868119
0.30003779140437414
0.29993509558709075
0.3000248008590989
0.2999392687409468
0.3000154012317108
0.29999435912101446
0.2999309656128146
0.3000348543304303
0.30001501360034577
0.30001090936533603
0.299961738533008
0.3000550089184648
0.299980413699783
0.30003464687185233
0.29988026032166826
0.2998981445765725
0.3000105568897249
0.30004527292929306
0.29994853477352623
0.3000313585886425
0.29998616722549076
0.30001686105220393
0.29994629995482047
0.29997602415947444
0.300023334010985
0.299977360643532
0.2999790045322688
0.3000443196258984
0.29994422989263325
0.29996479619989147
0.30002501720394636
0.2999901874553217
0.2999560125587998
0.3000446389228095
0.2999921312460787
0.3000600814367014
0.300003652585622
0.2999596267946587
0.3000497845700859
0.30000564017318565
0.29990973553379985
0.2999996656244892
0.30001932578330226
0.29996878121982806
0.2999510997892474
0.300004917415469
0.29999252291938483
0.30001209534304063
0.2999674487175161
0.3000057562565962
0.29997134500583666
0.29998185640591324
0.3000818643419916
0.29998538487749715
0.30001274372804076
0.30000968580212717
0.299981937770998
0.3000022714748857
0.29999357672663496
0.30002063364402476
0.2999660655096762
0.30002591424536584
0.29999029282925405
0.3000068415156588
0.300005427416388
0.3000263496923212
0.2999866646117375
0.3000223031387056
0.2999622871830837
0.2999830508527669
0.30001786157857613
0.2999644346910302
0.30004977325597426
0.29998960142962816
0.30002569194705186
0.30000197418003893
0.29996754472257636
0.30000613693117306
0.3000184357597001
0.3000493330326518
0.2999668217725223
0.29997131172037705
0.30005745700695474
0.299973916157274
0.3000333217567289
0.29999357451915276
0.3000117363831316
0.29991388164366484
0.29995946346350855
0.30004540712790284
0.3000029048298952
0.2999955169331827
0.2999738860004808
0.29998455257360757
0.299982327748032
0.30002369033443044
0.30001128028332646
0.29998139083285624
0.30003074137633534
0.29998812763944116
0.299964518075446
0.30004799332169585
0.2999312168039425
0.29989860030296434
