0.5999400000001319
0.6586991459483935
0.6912779132111351
0.7082561547190314
0.7170744863717398
0.7192844502118738
0.7187290473446069
0.7158887529984894
0.7113435148312782
0.7063457407483853
0.6995358788031489
0.6926076055115526
0.6862423909873594
0.6781594464053584
0.6711027834450408
0.6640643826189228
0.6578171258807701
0.6512918819727078
0.6445185447499886
0.6386584576788898
0.6323837019041277
0.6259859850764646
0.6198473992456217
0.6145777193536485
0.6085867601207537
0.6025635414192012
0.5970744596205315
0.5918051231763167
0.5868759177733902
0.5818762329604905
0.57701028633715
0.5715652460376159
0.5660147523012886
0.5613298646636123
0.5572356866843896
0.552561983504829
0.5488230337805577
0.5446048624195544
0.5409249626058282
0.536944340943422
0.5334669878773357
0.5296188063243641
0.5252093371304061
0.5214111663169567
0.5180645924152383
0.5146082941846191
0.5109179965949069
0.507347424164104
0.5038156295782336
0.5004593802526127
0.49799711841654803
0.49493206198117723
0.49164488204494194
0.4884693273561743
0.4853717156616152
0.48309093779974777
0.4802604447753923
0.4777635580960171
0.4753329038374283
0.4725616443572337
0.46995350134512515
0.46760469487161604
0.46535954599476337
0.46278557801549536
0.46076101106241096
0.45815633946018797
0.45604481361909244
0.45371158265244627
0.451347081790167
0.4491562418206284
0.4469934370035852
0.44498039722534755
0.44284397263317543
0.44069588202593635
0.4382724648297841
0.4356788458697406
0.433514436793054
0.4315392692860247
0.42975736806862763
0.42823040870270757
0.4267238717754831
0.4250454829596111
0.42317403381096397
0.4212196542174903
0.4192780580824045
0.41722022476605736
0.4158887198572314
0.4144081333928229
0.41308377511318994
0.4113644778794182
0.4098532073991046
0.4081622830318853
0.40686653606864887
0.4052605663222515
0.40407146343819866
0.4026621324584445
0.4013666989219362
0.3995226595757846
0.39824017363121256
0.39703810619000734
0.39577809113881846
0.39418553577851834
0.3929002856014503
0.3913938454512934
0.39008832016841866
0.38855293431785654
0.38709468797629487
0.3861513646546637
0.38501176652482205
0.3838391700173741
0.382492078853362
0.3813929317973489
0.38006104019986786
0.37878513309423256
0.37758395691039015
0.3763202458420323
0.3749721516212654
0.3738137746908581
0.37287289126351175
0.3719043277074471
0.37086628328689886
0.3698070092687318
0.36902413554365465
0.36815322304399567
0.3671819072314033
0.36592039231102613
0.36481044922664874
0.36347911841142
0.36244909497252786
0.3617228852426113
0.3607885585890742
0.35987947944344867
0.35873716803326094
0.3576610518204917
0.35696836508992746
0.35619235213017497
0.3554144436291059
0.35436218537828645
0.3535427469465888
0.352581880029044
0.35173638380340955
0.3507830686332173
0.3496694502550177
0.3486831010905834
0.34801493861272303
0.34724766987093714
0.3462142944682175
0.34549973160838066
0.3447243600767691
0.343867049112343
0.34321295394047757
0.3423662669492441
0.34157330898964855
0.34078400212533555
0.3398888165754682
0.3390660882566334
0.33828089047721277
0.3376505371298173
0.3370485099711312
0.3360254888982891
0.3351161953997488
0.3343250111465397
0.3338177546779074
0.3330754350824946
0.33230679271081565
0.3315923670663511
0.33072814129802464
0.32989131214314715
0.3290648837308787
0.3282417308521801
0.32746200516270585
0.3267156241118939
0.32603631280700696
0.32525537289794526
0.3246688422876268
0.32395442778495487
0.3233727343125681
0.3229540229436403
0.3223038929855647
0.32153869569904114
0.32094183586915837
0.3203264811097216
0.31981155123598404
0.3192802830122482
0.31872296759735796
0.3180988805068311
0.31731772208358344
0.3165984324944924
0.3158406949492436
0.3152709478945347
0.31442215884836855
0.3139637476520756
0.3133151798300825
0.3126840180417657
0.31203273909251383
0.3114893074549119
0.31096895963493165
0.3104670742096367
0.30997927773765166
0.30907590842192934
0.3086162505565626
0.3081572008355228
0.30765297913348966
0.30735884818592973
0.30678581088359136
0.3060744587881947
0.30552460924468905
0.3050351712883501
0.30440225810572363
0.30367299724882435
0.30309529395621815
0.3026820421877423
0.30215328181719625
0.3016178353346196
0.30102904120280727
0.3005705295552187
0.30004509512309596
0.29998912909171416
0.3000805633129604
0.2999872702609201
0.29996783066278776
0.30007051190712897
0.30001429282262004
0.3000511495433068
0.3000241523667637
0.2999562998174924
0.3000351892077415
0.30003718635111976
0.3000538990445103
0.30005983005606407
0.2999641533206837
0.30007879621059874
0.30003340251499344
0.29991495041007865
0.3000922664856718
0.30002201529644257
0.30009312525958265
0.3000150206063297
0.2999751011323464
0.30010025688234376
0.2999403894400515
0.3000904245455879
0.29997241950858944
0.3000109636934073
0.3000214726575041
0.2999918759853095
0.3000471831892696
0.29983899879290266
0.3001259774455669
0.2999571520583445
0.3000071234531214
0.30007922201825443
0.2999482827006432
0.30011746754061996
0.29995427584467127
0.30002024200150823
0.2999722388593491
0.3000933312587065
0.2999466461319934
0.2999783877490122
0.3000483665273297
0.30004226091852293
0.2999544243983552
0.2999924596914998
0.3000202990051841
0.30004335265535953
0.3000200490930218
0.29996394741334376
0.3000551785005209
0.2999407173818711
0.3000593727831308
0.2999903695226025
0.29990863995293326
0.3001064080298622
0.29996246516008107
0.3000123760265583
0.30005650389684235
0.29989262592779253
0.30004112373953895
0.30007537476368695
0.29996850187057844
0.2999976215227146
0.30001001897714985
0.29993043164125266
0.3000690909620065
0.2999774675750251
0.3000010693492964
0.30001788082459724
0.2999905612276167
0.30000699425485666
0.2999525910946065
0.30001810900303416
0.3000364069618132
0.2999883691027557
0.3001025632752494
0.3000339666163393
0.29999162834175097
0.30001025523814406
0.29998622123981256
0.3000222528321511
0.30003954236245634
0.29998847628443237
0.30001203210903815
0.29995857418068106
0.3000887959800945
0.2999934683890928
0.2999744382091599
0.2999969288598159
0.2999493665089029
0.30003711231947305
0.3000262890448996
0.30000711964568383
0.3000128870795382
0.29999839883140533
0.29993965665004474
0.30003157730987084
0.29999801082181476
0.3000250633413567
0.30000179775409996
0.300039252196739
0.29995888940168014
0.3000056918396028
0.29996503176086364
0.2999897567385996
0.30006282777871907
0.3000425101215298
0.29998147114321727
0.3000632405485608
0.29999521965414466
0.2999636288196489
0.3000853013777882
0.299931415668546
0.3000044610922903
0.3001399246289017
0.29996046636340856
0.299957216268404
0.3001063286330983
0.29999985546185837
0.3000131168391681
0.2999874786115865
0.3000393201738698
0.30001372005513294
0.3000225276963153
0.3000679082497535
0.29999893964781366
0.2999959060397851
0.3000430417139992
0.3000260737597994
0.3000268534450351
0.29996766313574086
0.30009853220057847
0.30002911902800056
0.2999605489067374
0.3000829387576456
0.2999519925698425
0.3000776170849283
0.2999417322723218
0.3000825513875468
0.29997367843733813
0.30003225371173536
0.29998337502748873
0.3000155687872498
0.30003560610813296
0.2999565466358466
0.30007464872055567
0.29998015387196086
0.30000242049422676
0.2999580991477855
0.30002380699551157
0.29998230693892636
0.3000640534170166
0.299946920986517
0.3000684472726549
0.2999475470743296
0.30001651953046526
0.2999794232386346
0.3000187585795505
0.30000455151665717
0.3000146927995282
0.2999716415382503
0.3000693283294805
0.29996799394638973
0.2999694562379305
0.2999494150320363
0.30003885144117814
0.2999951856560711
0.30001064515014797
0.2999625372735807
0.30008506532068224
0.2999534488554513
0.30004073188317737
0.29997860256385955
0.30000927281248035
0.2999964274478282
0.29998265839045113
0.3000147114767413
0.29995512441445327
0.3000447292964954
0.29999901420535
0.30004348705004324
0.29994476726255936
0.3000260970123483
0.30000376773082593
0.2999809517832803
0.3000022790759841
0.3000763046945242
0.29999357898876966
0.29999101809764983
0.3000096955601368
0.29992613397395684
0.3000832367963704
0.30002324612873266
0.2999857343335728
0.29998251757237127
0.30000619154043306
0.2999836127236971
0.3000804746229081
0.29999744899630476
0.3000035260426621
0.2999699477777208
0.30001966303917593
0.30001873851293204
0.2999591791509969
0.3000530699835785
0.2999292626046083
0.3000392618985728
0.30000136431935265
0.3000132438339238
0.3000228566335672
0.30003373386149046
0.29999215256554024
0.30002321904739304
0.3000149193831272
0.3000041862630797
0.29998032721369405
0.2999990126138282
0.29995273896491204
0.3000942056678163
0.29999327210595006
0.30002354195607417
0.3000533290316997
0.30000184590567025
0.3000590378195007
0.29998668018589625
0.3000469885215201
0.2999372358177904
0.3000489739759109
0.2999953453741405
0.299996536114982
0.29996026340697546
0.29995245120855185
0.3000920228625096
0.29998733771682906
0.29999218826362384
0.30006862037843784
0.2999993068661143
0.3000343379654694
0.29994801897972334
0.3000509811838572
0.29999407020754465
0.29998091704479024
0.3000586157395001
0.2999640423293073
0.30003423189643474
0.29997340023576735
0.3000228219315082
0.3000318906491022
0.29997559835170284
0.30001788361647275
0.2999919826380796
0.2999941002815584
0.30005072709143354
0.29996307145047474
0.3000173514162632
0.30001621810110934
0.2999630711624375
0.30004313264306814
0.2999791228091282
0.2999826232700936
0.3000005879341515
0.30000564852751255
0.299984867625287
0.3000097282900942
0.29999759857671293
0.29999373050665545
0.29999904616613693
0.3000192004298985
0.2999481315094359
0.3000046856309403
0.29999786375540516
0.29999995928889656
0.29999925580515774
0.30002784386302794
0.30002245340966116
0.29998208886638156
0.30000458582241774
0.30000617261675555
0.30002670889518857
0.3000775936171475
0.29996544077939136
0.30002767517826057
0.30000780979332653
0.3000016076091985
0.3000264041577091
0.2999431854086081
0.3000708659047323
0.299963105117658
0.2999704903394562
0.30003668974551545
0.29997827222167983
0.30003103559700184
0.30002225954893424
0.29997491598026815
0.30005468153448656
0.2999705691415461
0.3000634199427845
0.29999281562869895
0.29998673371813855
0.30004045122865886
0.29995623474834
0.30003830992283986
0.2999718525400127
0.2999990222890979
0.30003427605903543
0.29999969676401683
0.2999951808024014
0.30000520593789703
0.30003499845496895
0.2999819694860245
0.30005084638578916
0.29999132253195737
0.3000054911415323
0.30006883312497035
0.2999938453818065
0.3000676884591511
0.30003870739528027
0.2999391772809673
0.30003552348947815
0.2999434370221248
0.3000220639060118
0.30007585728236275
0.29993179900126943
0.3000519611038224
0.29997721816160494
0.29998600846587997
0.3000490153320928
0.2999927395381268
0.29997936893529475
0.2999765402971988
0.2999971838406914
0.2999932148649965
0.30001249380428585
0.29998263018427174
0.3000361801156328
0.2999671830296241
0.29999763188134254
0.3000553091627276
0.29994592033209766
0.3000578032324187
0.3000047639979391
0.3000265987275271
0.29993556151812306
0.3000342571384288
0.2999096427882839
0.30006152325912905
0.29996706886286373
0.29998521482323537
0.30002759312862515
0.3000382587561159
0.2999864225727771
0.3000410251714196
0.2999724028159412
0.3000396617006643
0.29998761553662856
0.30001422804823286
0.2999426418134784
0.2999803026052337
0.30002132450015717
0.29995616134453074
0.30002921354931467
0.29999437011916186
0.3000103698818386
0.3000035504840729
0.30001045453035435
0.2999845391654308
0.3000335222760331
0.30000622624556794
0.29997756359561256
0.30000226688395215
0.30000996256644397
0.2999606449602148
0.3000110955090449
0.29999661247525977
0.29999987594995037
0.2999947737647778
0.3000204351927914
0.29998270851567577
0.29995731249210755
0.2999884461812594
0.2999900177901317
0.29999281684270707
0.29997922903795204
0.30002455617220314
0.29996314297800053
0.30006334463686424
0.29996905471646984
0.30001259531102353
0.2999761770045035
0.30002180970535186
0.30001631269191165
0.3000145750520544
0.3000250213003174
0.29997946666371145
0.3000269638486177
0.30000092890971686
0.3000197108383259
0.30005857288055415
0.29998798135665483
0.30001855288763823
0.30000142440355015
0.3000004872396306
0.29999763326223283
0.29997959811590214
0.3000488603930319
0.2999539198785366
0.30004765398455424
0.2999970990870269
0.2999973329351445
0.29999541330520507
0.30004092586648967
0.2999660321667684
0.3000299535353339
0.300009701512701
0.3000253313030271
0.30000553662955853
0.2999913236125711
0.30001881400329466
0.2999832503560482
0.3000076662597755
0.299997677336722
0.3000163345293133
0.29994836770603994
0.3000175683749976
0.30004951904996346
0.2999899872229579
0.3000112498769807
0.29995572128597836
0.2999996644602613
0.29998716187035857
0.30000574152006365
0.2999480096040562
0.30001328067176314
0.2999742301488263
0.30002070974682005
0.30000608820701236
0.3000221577894169
0.29999930488122395
0.30000544646336635
0.3000042406993152
0.29998550920673284
0.2999445400744071
0.3000502457043396
0.30000652323427124
0.30000026672739866
0.3000050178792212
0.30000198085985963
0.3000243697894954
0.3000371336825439
0.299993352767137
0.3000192104066838
0.29998098352688385
0.3000133989679734
0.29997930007486895
0.3000302258063976
0.30001519228275075
0.2999884825107656
0.3000292514745112
0.30000295711748315
0.29999062011955113
0.29998662360049677
0.3000244370971058
0.30000940472511617
0.2999954357154073
0.30000089164404187
0.29999656267203667
0.3000498791370185
0.3000081183167447
0.2999838685490669
0.3000059894330305
0.2999961108719583
0.29999188853468883
0.300011258686678
0.2999856825269148
0.30000354262231466
0.30001689439918744
0.2999772426007862
0.30000270303860765
0.30002390577707194
0.29995201721792697
0.30002578496479626
0.299966850784361
0.29997140264584765
0.30004282448661257
0.29990406713132345
0.300016391695488
0.3000112976740281
0.29999894509670233
0.2999997739394741
0.300016711499311
0.29999506701621625
0.30001834010951334
0.2999843855975789
0.2999706351803887
0.30002747627749626
0.29999033244900863
0.299986628191414
0.3000101314791356
0.29998589146010746
0.30004595622253094
0.29996788251023965
0.2999956270683479
0.30001374412906556
0.29996064668139055
0.3000003757113079
0.29999289642750526
0.2999982069572521
0.3000225400395997
0.299965449646156
0.30001868512460506
0.299947005258964
0.29994840390757094
0.3000580582432667
0.29997772939072276
0.30002344537343817
0.3000066436680182
0.29998564275239037
0.3000180162539574
0.29998214378079513
0.30002899696519136
0.3000009893536162
0.2999852322320049
0.3000207598691188
0.29998755330160143
0.30002018590177837
0.2999818550416029
0.29995488828369177
0.30005691892581055
0.29998715787639807
0.2999975576086916
0.30000714037716913
0.30002339830772695
0.30002771558709884
0.2999710540772612
0.3000230681241488
0.2999932330757439
0.29998115553354787
0.30002273999875106
0.2999641515200424
0.3000290889977507
0.29993924745012435
0.300016942921711
0.2999628129658559
0.2999951383007896
0.3000095330454998
0.30002135191981205
0.300011424157566
0.2999301145133645
0.2999850241600306
0.30000228804195106
0.29998512956748213
0.30006148289826773
0.30003262048677093
0.29996682310436174
0.30000202019413025
0.299987758812564
0.300027382769964
0.29997195528279885
0.3000321762995459
0.29994730249373736
0.29998050135458587
0.30004162059087014
0.2999925502358213
0.30000894231886954
0.2999924162363329
0.2999940175068565
0.2999822078726859
0.3000571087496403
0.2999880530025779
0.29993345909088454
0.30003232958603676
0.30004441794308445
0.3000012905336127
0.2999994126657586
0.29999048221803193
0.30001598172727184
0.3000231279342107
0.300001263510438
0.29996186845230743
0.3000055923817929
0.2999480347419934
