0.7999200000000587
0.8277145797510574
0.8391940373895355
0.8428302226181629
0.8404630173024152
0.8348999650924035
0.8268658669946874
0.818693535789968
0.8094284029222224
0.8007766158906497
0.7906260143919919
0.7808604609118888
0.7721013079613968
0.7636482509260658
0.7536416528863651
0.7436108393750224
0.734719632104001
0.7258046947743517
0.7173260752503188
0.7088782998751424
0.7012147624335554
0.6931363259331653
0.6866065194608892
0.6787537876042242
0.6722432313560416
0.6651681188580352
0.658082281639517
0.6526037870725426
0.6455030922027389
0.6388617034464141
0.6333749995024865
0.6274668408431341
0.6216063878738787
0.6167140258106725
0.6112626893225053
0.606358250031102
0.6024465062565451
0.5978117589391923
0.593540342355448
0.589387428885232
0.5846497777719353
0.5804553673261044
0.5756952577513985
0.5709802639476538
0.5676927364352979
0.5634789721685785
0.5596465789344355
0.5554717089142577
0.552048004775112
0.5487012792003055
0.5453812405716154
0.542155921775016
0.5386849121826307
0.5353448457782868
0.5321063107221979
0.5292777414200833
0.5260966856166643
0.5230625985948754
0.5205277189936657
0.51740971397927
0.5147732056790237
0.5113666123596954
0.5086790519206179
0.5059953750227765
0.5036835488933603
0.5011776925420929
0.49875925190596193
0.49615578292253826
0.4937678374106288
0.49137335067620513
0.4893743446106167
0.4870388447205215
0.4849944309707702
0.4830258311991531
0.480618359337196
0.4784138144181611
0.4761663747221031
0.4736335865682868
0.47174648149864395
0.469522388141973
0.467432864114658
0.46537833604276
0.46347411722619036
0.46133066167572767
0.4596809835599178
0.4576811339968547
0.45570314505582876
0.4541063124655116
0.4525758933323051
0.4507265314525164
0.4492930246258452
0.447490567755653
0.44544154884798226
0.44372058838641615
0.4419524791546158
0.44029624213373997
0.43873148491943903
0.4371202011325245
0.4354443899219461
0.43364933843775844
0.4319234897160463
0.4304873727527916
0.42899055450023227
0.42732838561965136
0.4256776450176919
0.42385028336105546
0.4222098099895253
0.42084375811044616
0.4193198715118551
0.41782029037276036
0.41670393722068844
0.4152883350072295
0.41391887284768547
0.4124001913908827
0.41120283823653714
0.4099409882884778
0.40865348032948456
0.4076802899697066
0.40661616501698106
0.40536680080736553
0.4043272745794837
0.402955757429478
0.4016590676479891
0.4004986649740404
0.39931661147017294
0.398123154986492
0.39686358064952587
0.3955387172035837
0.39440766224308965
0.39323178186633645
0.39188959654695177
0.3907898959517103
0.3895921320245289
0.38831330493938065
0.38722340236322716
0.38605406031731115
0.3849408457566582
0.38358677962624677
0.38251005184844256
0.3816693829460702
0.3804888509349159
0.37925260980518316
0.37817982002495376
0.37720252865399884
0.37629930462597283
0.3752840582897501
0.37456364447011836
0.373585180152868
0.37252282765296185
0.3715908436664648
0.3706815978121437
0.3696739439869453
0.36877471460110667
0.36788302496643666
0.36694128988993513
0.366108285000625
0.36534666470890953
0.3644614727905534
0.3636561116740048
0.3628045445082796
0.3619532535777711
0.36135562715955727
0.3605179328145037
0.3596915097645782
0.3588924509345063
0.35817594188428015
0.3574419678718386
0.3566748517772341
0.35568715107691995
0.35506817634947463
0.354245188057252
0.35349907825179383
0.35274721544972376
0.3520837770332703
0.35147354191765956
0.3505204581548592
0.34976800422599874
0.3489977440052924
0.3483781176583328
0.3476125312822438
0.34662514683826706
0.34585997317363804
0.34508702471638963
0.34449595088394913
0.34364792437577285
0.34309457180735203
0.3423116399332151
0.34143291795091957
0.340672384993864
0.33998510991248376
0.33934078435747717
0.3386673405922762
0.33783657187787985
0.33706285292096183
0.33644156591609464
0.33589954030846136
0.3353456724719823
0.3347608575133284
0.3341635788618249
0.33352432017170575
0.332959623169377
0.33212564490542396
0.3315386246144536
0.33097559127409437
0.3301809664169991
0.3295193143412599
0.328991878966319
0.32830123137198186
0.3276787974195935
0.3270672334776219
0.32648179033250546
0.3259686014227742
0.32545953553176454
0.32493328518797193
0.324374626414098
0.3239112711515696
0.3234272463166308
0.3227708165512507
0.32212972689140607
0.32146976121280557
0.3209717518430113
0.32035425765035497
0.3198973866958672
0.319456420500256
0.31885302128208515
0.31828774019799255
0.31769160141772734
0.3170705619066998
0.31658458788956
0.31588574784132806
0.315386530323007
0.3147632518227126
0.314254537377739
0.3137359890728698
0.3132000011096824
0.31274363122653126
0.3121049706550306
0.311590385410763
0.3110387405811581
0.31073084990750144
0.31031360327286517
0.30985262420675097
0.3093199983721767
0.3088731549188716
0.30825674690240934
0.30762875088348407
0.3070886709980736
0.3066162232236548
0.30608616839772873
0.3055612052003063
0.305063008503768
0.3046532730682745
0.304284268601528
0.30378476224795414
0.30334101905190614
0.30288033167624917
0.30244935629114567
0.30213760278725543
0.3017448214612447
0.30134093924889527
0.3007704613725921
0.30025684194648694
0.29989008878209955
0.3000344341868306
0.29996487935408134
0.2999971420063706
0.29997290835570023
0.3000658702481004
0.3000368826898665
0.2999358619773578
0.3000498089899023
0.2999366964480059
0.29999554052412813
0.2999852768997353
0.30006071296141756
0.29993790588959834
0.29999551900204
0.29991839153942157
0.3001209061948281
0.29993533089110525
0.3001285896533006
0.3000843377357273
0.29992407295729484
0.2999916645794398
0.300018656772858
0.300052800857763
0.2999531594020871
0.30007601942162976
0.3000335974413635
0.29996988888039067
0.29991972964732094
0.3000142833201437
0.30005863347998696
0.3000437295008199
0.29995077099905276
0.3000530256226893
0.299986949043353
0.3000283081474874
0.2998906339912002
0.3001099457357962
0.3000213396907351
0.29988377674121836
0.30008043327656175
0.30005820861966714
0.300002265126312
0.2999694871253853
0.3000078678518029
0.3000564096543217
0.2999170954783539
0.30012609012384484
0.3000050812263443
0.3000079951315755
0.30001227579776724
0.29997539519517946
0.3000555183116197
0.2999099925524008
0.3000365326744361
0.29999969293165396
0.3000236558030722
0.2999975627291174
0.3000924011317415
0.2999116874717549
0.30001747595194983
0.2999414606431563
0.3000376946972193
0.2999609657335096
0.30016331416344155
0.3000128201304836
0.29993398155885254
0.3000414826590986
0.30001262639103043
0.30009026229893276
0.29997774304072233
0.30001725014229164
0.3000147233873437
0.30002149889892493
0.30003347571257655
0.29992351827581054
0.3001135848639923
0.30000847162235766
0.3000528107335777
0.2999656784450717
0.29996303471733987
0.3000449526722502
0.2999556685394398
0.2999859282860523
0.2999941633770219
0.29993979029937956
0.3000822542517029
0.2999592030215137
0.30002978736852093
0.2999929737993099
0.300023974659661
0.2999934399044193
0.30002008407648784
0.29998216162479074
0.30002689203225263
0.30000228788885785
0.3000815262860671
0.29998253418841014
0.30003269291524925
0.29991332513421165
0.30003242134413
0.29993733528669453
0.30005548437901086
0.2999569495809059
0.3000275417142837
0.2999657803264707
0.29998621952266336
0.3000012258688619
0.3000123411823279
0.29999031145558075
0.29998178709595225
0.3000032636489115
0.3000246009664339
0.29999183960606846
0.29999311649413674
0.30000446751785226
0.2999838547338187
0.2999982571762655
0.3000657576491589
0.30001377356750525
0.2999895609503782
0.29999310189707973
0.2999406701720311
0.3000610007983482
0.30000861245809785
0.2999949267751535
0.3000214525697472
0.30000032776596997
0.29992149869959606
0.3000370083954714
0.2999711242190748
0.30003186648677116
0.2999336874190942
0.3000817100297455
0.3000822168198376
0.2999483546252617
0.30005353550187597
0.300016712227117
0.30003050503348105
0.30001042530802324
0.3000498059776232
0.3000191262403872
0.2999835269497706
0.30004818697840885
0.2999755467648878
0.30005251827990265
0.2999579663685601
0.30006025157282634
0.299983927454197
0.3000900162704502
0.29994230366673136
0.29999318300136935
0.3000264354462321
0.2999971552941554
0.29993910938180135
0.300120892709549
0.2999404233261541
0.300056715985927
0.29996819587550916
0.30005464340756394
0.2999579508828032
0.3000096031980788
0.30006832560349006
0.29992648336837147
0.30003239466721643
0.3000772443160633
0.2999698170931526
0.30007851303681154
0.299972512051082
0.3000119055247019
0.2999926179767485
0.29999780250654207
0.29999504176918823
0.30000453459035203
0.3000300771820039
0.2999782680913261
0.3000571948031089
0.3000065814234776
0.2999956226773899
0.3000633810554374
0.29999583959833453
0.3000210560769625
0.299992158801351
0.3000412376767517
0.30004265691445353
0.29999605013560804
0.30004613406216296
0.3000161509514635
0.3000030368701554
0.3000314236940651
0.299984025002634
0.299941444083606
0.30001518790571446
0.29999739314367546
0.2999584000574158
0.3000922470631122
0.3000560320310802
0.29996553529341796
0.30003152764861674
0.29997249855141406
0.30001043986303
0.2999952199123076
0.29999757169206853
0.30001448947572706
0.2999853439021124
0.2999762420288463
0.300035101954357
0.30002619834915445
0.29998926140812976
0.3000194047294359
0.30000035612754794
0.3000373356437799
0.2999839953583272
0.30006813758352413
0.3000016655558546
0.29994933043690974
0.30000598935086586
0.3000287802850461
0.2999843960945888
0.30002709103384073
0.29999473812771216
0.3000025262027324
0.3000025402124933
0.3000395132955992
0.30002061060713214
0.29994384411837505
0.30005398045998155
0.2999467095107744
0.30008044975867554
0.29998995625280866
0.3000080759777971
0.2999642113346732
0.3000330256002114
0.3000071053732437
0.30000707021519557
0.2999916916980023
0.29999643977819057
0.3000149331866071
0.30003589746185466
0.29992579584431744
0.29999279255570754
0.3000268173727493
0.29992781887473174
0.3000351226340128
0.2999891701912709
0.3000076308516936
0.30002292855781365
0.3000030882329213
0.29997473205185743
0.3000317643518544
0.3000045826110592
0.300013407079304
0.29999949037285467
0.3000169818640991
0.2999537732269766
0.30000896237646024
0.2999942967194288
0.2999929360850473
0.29999287085148874
0.30000205959797654
0.30002392919508214
0.300015676981202
0.300003904828993
0.30001708501026036
0.2999744639320524
0.3000504326036467
0.3000131365930394
0.30000138284257094
0.29996643578834037
0.3000683528931366
0.2999969838843489
0.299980638884376
0.30000026639313593
0.29996957830775417
0.30001575337547526
0.3000000655452453
0.2999908719665698
0.30001703584782
0.2999537871162816
0.30001051088490394
0.2999961700018332
0.29998440608670884
0.30002242001037105
0.29998416330784106
0.3000548965861115
0.2999917460733613
0.3000043584900809
0.3000073184414743
0.29996960374420134
0.3000626687364375
0.29999626850258754
0.30000286223043926
0.2999930581318261
0.30000066641869105
0.3000079822533982
0.2999659936020981
0.29998339163004684
0.30003539363496523
0.2999702807270963
0.30003302171687096
0.30002206732712233
0.29996315130849527
0.3000501067636139
0.2999850948861934
0.2999813439315423
0.3000029093885661
0.3000207980647078
0.29995303027753817
0.3000469275267116
0.29999703007680145
0.30003408704046275
0.29996253405812645
0.2999880781898425
0.29997528863425027
0.30001073734905337
0.29997910548109663
0.30002306593649275
0.3000065691222239
0.30000443453855297
0.29998899908565746
0.30001882070667385
0.29999852690022444
0.30002004301705376
0.3000048309099028
0.30000927390100884
0.3000457722098513
0.29999598219265355
0.30000237786079975
0.29998057529660715
0.3000108376376409
0.2999601514082103
0.3000799789883276
0.30008132045681246
0.29994412691196115
0.30005750420210875
0.299975598072204
0.30004532283670027
0.2999552492121266
0.3000498180106709
0.2999657061555562
0.30003548624887966
0.299947913352697
0.3000654723455981
0.29993033164174987
0.29999313499897584
0.30001509626112144
0.2999929204154469
0.2999600667706366
0.29997686907345844
0.3000469516488785
0.29995278478698006
0.2999301402641763
0.3000303340060858
0.2999826968790891
0.2999614533947653
0.300035073828797
0.2999562760410278
0.300032490748503
0.3000790508555783
0.29997330501925856
0.2999972283525848
0.29999744283548224
0.2999934044624787
0.3000356081084624
0.29998578309716095
0.29998448302176906
0.3000217432361161
0.29998922577603593
0.29992563941316464
0.30004133742590333
0.30003242493104276
0.29994219562916313
0.30005337204612836
0.29995607175126093
0.29999769344387806
0.2999904125766091
0.3000269033649896
0.2999678299431201
0.3000072285490033
0.29997195307965363
0.2999890769838973
0.2999859993704671
0.2999948264527239
0.2999547623704597
0.3000056338256193
0.30005766070709317
0.2999712772119989
0.3000206505650691
0.29998410346751414
0.2999956391287413
0.3000216720635812
0.2999928384258409
0.30005367471208955
0.29997691589345943
0.3000265845136808
0.2999617231095011
0.3000306048102902
0.29998764505891806
0.29999730473479136
0.2999861983701483
0.30001705742823304
0.30000903546274016
0.29999380804782294
0.2999937213579549
0.30000530147570903
0.2999809927055057
0.3000332121712751
0.29993741175485333
0.29999772165659966
0.3000176070375631
0.2999629901445299
0.2999550024397377
0.30006715008215856
0.299991815216497
0.29999156610294064
0.30006218884800784
0.29996328694734087
0.2999835082187413
0.2999909884383455
0.30001038772390565
0.3000337676146274
0.2999390884972314
0.3000304337989379
0.29994827951076264
0.3000154722844698
0.29998689672604384
0.30000901762169585
0.3000228990141257
0.2999829811287388
0.29999458998646367
0.2999725109915413
0.30001117513691433
0.29998829026922
0.29994044248481555
0.29999579434601464
0.3000072974353847
0.29998505799300157
0.2999833513403939
0.2999878165442027
0.29998757941508924
0.3000372926627519
0.29997249452189134
0.3000120618786365
0.2999826169416323
0.30005052712458413
0.2999458164018697
0.3000264191807669
0.29996232924431454
0.29999974534178886
0.30001380559279767
0.30001555706685934
0.30000080757336856
0.3000035809103838
0.2999908680383966
0.2999898117217984
0.30005378423416473
0.2999607585469035
0.3000282371735442
0.3000091031368576
0.3000196966983939
0.2999694565992457
0.30002406563321726
0.2999262607282862
0.3000428764412282
0.29999039128906835
0.2999908154981529
0.300004663696939
0.3000071455281189
0.3000016316006213
0.2999778683933231
0.3000101981387654
0.3000123735427521
0.2999485575762987
0.3000219463957171
0.3000177939352565
0.3000146789708813
0.29997441116763135
0.30002606652754227
0.3000193210822403
0.30001567840099896
0.2999820926781841
0.30001679503995415
0.2999511567746945
0.2999876347057324
0.30004031117508256
0.2999940157275893
0.2999770131724473
0.299958204443454
0.3000452300718791
0.2999768281992844
0.2999976129009134
0.3000104426468563
0.29999506462648984
0.3000220399052781
0.29995026854523343
0.30004710331814166
0.2999799373939891
0.30002568439381794
0.3000282492223353
0.29997207949519866
0.300008417238366
0.3000028645505388
0.3000046180721265
0.2999958821424127
0.2999810708464876
0.30005161916056766
0.29995470566812543
0.2999952559893264
0.29999189810926086
0.29999430460162513
0.30000465525500375
0.2999943284594888
0.2999784409670264
0.3000345950697345
0.29997919846013477
0.29998429832739504
0.29999869905262255
0.2999846858362506
0.29994862160508795
0.30000942022846433
0.3000099617672378
0.30000900609387404
0.300022717456079
0.29994289442682787
0.3000391631629987
0.2999954354800879
0.29998497454276374
0.300049432770108
0.2999543652073514
0.2999929708414283
0.2999861925527345
0.29999838273755275
0.30000227641410226
0.299997033080012
0.2999927300309415
0.29999275763316346
0.29998110415760626
0.3000318822833302
