0.3999600000001712
0.6753908000000755
0.7431008666667112
0.76496735000003
0.7677934000000217
0.7646956000000164
0.7580357714285844
0.7479821500000103
0.7382274444444529
0.7286066200000071
0.7174016909090968
0.708244200000005
0.6960701538461582
0.6873468285714324
0.67731346666667
0.6685381375000028
0.6587958823529438
0.6497852555555579
0.6403607157894757
0.6333516300000018
0.6271409428571445
0.6196864636363651
0.6131213217391318
0.6051561500000013
0.5973011520000011
0.5901366230769243
0.5834653481481493
0.5767947571428581
0.5706027862068975
0.5650887800000008
0.5592766129032265
0.5539760062500008
0.5483026787878795
0.5440747647058832
0.5390010514285721
0.5338945722222228
0.5290976486486493
0.524188136842106
0.520187502564103
0.5166335800000006
0.51189672195122
0.5078428571428576
0.5038950372093027
0.499855504545455
0.4963006933333338
0.4924476130434786
0.48893670638297904
0.48553365000000037
0.48197048163265344
0.4786714640000004
0.47561530588235323
0.4721353115384618
0.46932515094339655
0.4665240740740745
0.4637019672727275
0.4605090392857145
0.45765408070175473
0.454639006896552
0.45177648813559335
0.44939474000000024
0.44644586557377075
0.44401566774193557
0.4413815333333335
0.43925163437500025
0.4365126553846157
0.4337866454545457
0.43146768358208976
0.4292512970588236
0.4270130927536234
0.4249293485714287
0.42286684225352134
0.42080491944444465
0.41889992602739745
0.4166737756756759
0.41452964000000025
0.41242034736842115
0.41069255324675347
0.40882260000000015
0.4066931544303799
0.4050097475000002
0.4032630320987656
0.4016912268292684
0.40013407951807245
0.3984182904761906
0.39654385411764714
0.3949197837209304
0.3935995724137933
0.3918396500000002
0.39060229438202254
0.3893657244444445
0.38802834065934066
0.38659165000000006
0.3849339655913978
0.38329957659574476
0.38171760842105273
0.38009111666666684
0.37856011340206197
0.377062836734694
0.37562977777777784
0.3739312320000002
0.3723549702970298
0.3710864254901961
0.36971449126213607
0.368537328846154
0.3671752857142858
0.36576889622641506
0.3643673345794394
0.36327483518518533
0.3619874403669725
0.3610185618181819
0.3594863693693695
0.35840568928571426
0.3574287504424781
0.3562541140350879
0.35487669913043485
0.3537563155172414
0.3526115982905983
0.3514595881355933
0.35031097310924386
0.34934703
0.3484822446280994
0.34739586557377056
0.3466043495934962
0.34533107419354847
0.3443254416000001
0.34319034761904776
0.34224784409448816
0.34107827031250004
0.33992111007751946
0.3389095446153847
0.33764221068702305
0.336699890909091
0.3355777127819549
0.33461325522388075
0.3335363940740741
0.33263507794117664
0.3316915737226277
0.33071323478260883
0.3297365165467626
0.32865033285714285
0.32783210070921986
0.3270196267605635
0.3264720657342659
0.3255994708333334
0.3247188165517242
0.3238972123287672
0.323011474829932
0.3221666391891891
0.3213639409395974
0.32062617866666676
0.3197192701986754
0.3188837565789473
0.3182047437908496
0.31743680129870133
0.316836744516129
0.31591429358974366
0.3151902076433122
0.31416447468354436
0.31344274716981135
0.3128581375
0.31209417142857143
0.31169026913580233
0.31092043558282223
0.3101434268292683
0.3095190993939395
0.30868068795180725
0.3081034670658682
0.30735065714285725
0.3066443420118343
0.30582895882352945
0.30517304678362567
0.3046024488372092
0.30397362196531785
0.3033025022988506
0.30234435314285724
0.3016805102272728
0.30096393446327674
0.3003294966292135
0.29999754078212304
0.3000043
0.30001145524861894
0.2999966164835165
0.30000391912568314
0.30001093043478255
0.3000020724324324
0.2999940032258066
0.29999932941176477
0.2999997223404256
0.30000622857142867
0.2999988399999999
0.30000259267015694
0.30000202708333346
0.29999417927461147
0.30000085567010315
0.29999379897435885
0.2999938489795917
0.29999109847715744
0.3000219909090909
0.30000506633165835
0.3000017239999999
0.2999937910447762
0.300003102970297
0.29999335763546786
0.2999959196078432
0.30001409853658534
0.30001211941747574
0.2999921236714975
0.3000033788461539
0.30000049760765557
0.3000020809523809
0.3000081611374408
0.30000294339622635
0.3000018600938966
0.2999807214953272
0.30000077116279067
0.3000002231481482
0.29999947741935495
0.30000427706422017
0.299998102283105
0.3000077709090909
0.3000176000000001
0.2999984648648649
0.2999911892376682
0.29999763214285713
0.2999980711111111
0.3000080548672568
0.29999405462555073
0.3000033885964912
0.3000036401746724
0.3000023869565217
0.3000021021645022
0.30000523448275873
0.2999989107296137
0.2999944863247864
0.2999940740425533
0.3000130618644068
0.2999991679324895
0.299992794117647
0.2999882326359833
0.29999218416666684
0.29999553526970957
0.30000045289256205
0.30000697530864195
0.2999928762295081
0.30001905877551027
0.3000087715447155
0.2999992218623482
0.3000073532258064
0.3000078827309237
0.2999987136000001
