0.5999400000001319
0.780753100000058
0.821383000000035
0.8290229000000235
0.8250412400000171
0.8148793666666797
0.8033702285714388
0.7915247750000083
0.77740813333334
0.7649545000000055
0.7542983818181865
0.7416683000000042
0.7281529384615419
0.717321200000003
0.7067801200000026
0.6981034250000022
0.6883094588235315
0.6779431888888907
0.6693323052631596
0.6600644700000015
0.6506377428571443
0.6428921090909103
0.6352512260869576
0.6279392416666677
0.622265536000001
0.615181323076924
0.6089860444444453
0.603048714285715
0.596233765517242
0.5901336800000008
0.5836588580645168
0.5785705562500005
0.5734210181818187
0.5677292058823533
0.562283731428572
0.5571168833333338
0.5522380540540545
0.5473037894736846
0.5432482153846159
0.5389489750000003
0.5349085707317076
0.5307389619047622
0.5272025767441865
0.5227294045454548
0.5192743822222224
0.5155979217391307
0.5121933659574471
0.5087636375000002
0.5053077387755105
0.5017096840000004
0.4983978588235296
0.4944958307692312
0.49121045283018894
0.48756395555555576
0.483630872727273
0.48056160357142874
0.4774046315789475
0.474963706896552
0.4721298881355934
0.46876636333333344
0.46631230163934445
0.4638484290322582
0.46116042222222253
0.45822638125000015
0.45580807384615385
0.45296037575757586
0.45049813134328365
0.44806686764705894
0.445521927536232
0.44310605714285733
0.44030588450704244
0.438030102777778
0.43562580273972606
0.4331658459459461
0.4309610186666667
0.4288788973684212
0.42662976883116877
0.42441137948717955
0.42247018481012666
0.42015650250000003
0.4183095209876544
0.4164848024390244
0.4149133132530122
0.4132204023809525
0.41152513176470606
0.40973427906976745
0.4078841425287357
0.40587718636363646
0.40443276853932586
0.4026746688888888
0.40091570329670334
0.3992203239130435
0.3978011010752688
0.39613282127659577
0.39466019789473683
0.3928125020833334
0.39111839175257734
0.3894012000000001
0.3879205191919193
0.3863328220000001
0.3848026316831683
0.38320471764705877
0.3816202854368932
0.38035108269230766
0.37900401333333333
0.3777796396226415
0.37669457943925244
0.37547831666666676
0.3743223669724772
0.3729838127272729
0.3715203513513514
0.3703473892857143
0.3692347663716815
0.3680137964912281
0.3669468626086957
0.36568260689655196
0.3646768923076923
0.36326207288135615
0.36200613109243707
0.36063961999999994
0.3595944545454546
0.3583616606557377
0.3573167902439025
0.35617346612903233
0.3549099968
0.3538423539682539
0.35253970866141726
0.3514964625
0.35047247751937993
0.349461783076923
0.34858097251908404
0.34751452121212123
0.34640885563909773
0.3454426686567166
0.34440920888888893
0.3434529352941177
0.34215752408759137
0.3410705014492754
0.34015704172661876
0.3392575628571429
0.338220819858156
0.3373658704225353
0.336366090909091
0.33562346666666665
0.3348350372413792
0.3339631356164384
0.33332046802721094
0.332343410810811
0.3314990872483221
0.3306215733333334
0.3297037602649008
0.32890474605263165
0.3280684954248366
0.3270199272727272
0.3262885109677419
0.3254871153846154
0.3246500076433121
0.3237526620253165
0.3229060440251573
0.3221410425
0.3213908571428571
0.32064700740740737
0.31986575337423306
0.31904637439024386
0.31822742424242423
0.3174179469879518
0.3165965808383233
0.3159135726190476
0.31516771005917166
0.3145311811764706
0.3137742
0.3128092372093022
0.3120981410404624
0.31160529540229875
0.31099467199999997
0.3103010749999999
0.3096188033898305
0.30905164606741586
0.3084213675977654
0.30785590444444444
0.30707528508287296
0.30646829340659343
0.3057105377049182
0.3050858141304347
0.30450978918918914
0.3038573075268818
0.3031086171122993
0.3026103021276595
0.3019750275132276
0.30131529263157897
0.30058611727748696
0.30001248854166684
0.3000001585492228
0.300003924742268
0.2999908687179488
0.2999975081632652
0.29999805583756356
0.30000308787878793
0.30001076582914576
0.3000091799999999
0.30001055124378107
0.30000697821782185
0.3000036689655171
0.29999932647058825
0.30000177268292694
0.3000157223300971
0.2999877961352657
0.3000024961538461
0.29999815502392335
0.29999883904761915
0.2999882284360189
0.29998111226415103
0.29999475023474176
0.29999488130841123
0.3000069218604652
0.29999985648148153
0.3000040857142857
0.299997728440367
0.30000018447488586
0.29998498454545464
0.29999434479638
0.3000210972972973
0.29999106816143506
0.30000715535714284
0.2999987546666666
0.300001036283186
0.299988495154185
0.30000101315789474
0.2999984532751091
0.29999932695652165
0.3000021385281386
0.2999996362068966
0.3000043596566524
0.30000010598290594
0.2999962153191489
0.3000061762711864
0.3000089527426161
0.30000170756302524
0.3000003589958158
0.3000144191666666
0.29999537759336103
0.3000047239669422
0.29999731687242803
0.3000040204918032
0.3000084155102041
0.30000290650406514
0.2999912064777328
0.29999102903225816
0.3000135116465864
0.29999787359999996
