0.30001853618798136
0.2999949990024283
0.29999712765595954
0.29999067937375
0.2999734621906387
0.3000301037595363
0.3000260631060726
0.2999843946493749
0.3000064234757105
0.3000184129757184
0.3000465130786337
0.30003502296923035
0.30004131441381243
0.3000094738036587
0.2999862598408485
0.3000215817486199
0.30007171348222295
0.29999518826786087
0.2999970985845729
0.30001950079021344
0.300069342182987
0.30001694996264483
0.29999086060583624
0.3000278583272903
0.29996382333559146
0.30001331454397495
0.3000022610195461
0.3000064151323347
0.3000142708414193
0.2999905543988811
0.3000238623811927
0.2999967432958881
0.29999282756935564
0.29994907110190105
0.29998308956346664
0.3000591000408991
0.30002067139314537
0.2999566857122403
0.29999533078272667
0.30000806195127816
0.2999746909986266
0.2999892979569755
0.30006958924597016
0.2999994485626868
0.30001307891224205
0.30005108286190274
0.30006182263957293
0.30000612212744904
0.3000268066672781
0.30000607540773594
0.2999785794720847
0.29999309975314425
0.3000073199451081
0.2999836884824556
0.2999873771007633
0.3000381691964268
0.30000353692505144
0.2999894864646102
0.29998026615498363
0.2999769470232282
0.30003102438733786
0.3000278052136104
0.2999865291802083
0.3000358542742254
0.29999501896632486
0.30000447286093845
0.3000083777662932
0.3000455737759906
0.2999840438662924
0.3000032998050096
0.2999756369818207
0.30002543503299395
0.29999249167009
0.2999982828086246
0.300002485547461
0.2999962832836425
0.3000070177243528
0.30000680700947435
0.29998487083963465
0.2999723749381389
0.3000277246029577
0.30000021547949296
0.30003087614177304
0.2999970105355396
0.3000076830270568
0.2999855437799749
0.2999591978193459
0.30001437792506225
0.3000109715300062
0.30000552106421274
0.3000533062132248
0.30003054024167763
0.3000160355220539
0.30000981753406575
0.29999178528486237
0.29999799642770864
0.3000206075913344
0.30000438621059666
0.2999948877751487
0.2999935147092915
0.29996993439189956
0.30000195343230307
0.3000163770170978
0.3000033610267486
0.30000415916015244
0.30001436782278756
0.3000276756886655
0.30002177842080635
0.30000352086301496
0.3000100412718353
0.30003923976630664
0.2999985070959965
0.29999637048417804
0.3000355638071275
0.30004330360039544
0.3000207516981017
0.3000250613120202
0.3000150061290555
0.29996276841957736
0.2999839617541087
0.3000404797753954
0.30000852997563066
0.3000187605968443
0.2999982292616482
0.30000861838433857
0.3000065559123586
0.3000027160549106
0.30001159818099876
0.30005407417871444
0.3000140872507876
0.3000226471209153
0.3000217483243931
0.3000308787117296
0.29999668101908294
0.29999687756204985
0.299972148521646
0.30001583119352093
0.3000190278575059
0.3000158683060886
0.29998945096339147
0.2999927196098894
0.29998882718267594
0.30003132656277753
0.2999960914867684
0.3000294481207513
0.3000165697894407
0.30000490685218295
0.3000021382482523
0.30001978035763566
0.3000104225775405
0.30004751624112946
0.30004132456800203
0.29999709073697756
0.29998350935527296
0.29998064567604854
0.30001252146025303
0.30002718348828095
0.2999877272935708
0.3000104686988335
0.300016436261639
0.2999881217127077
0.29994461311598286
0.29998466533099766
0.3000268423275474
0.30000012439067736
0.3000106181238891
0.29999435379983963
0.3000059566930908
0.299954868009924
0.3000003050096891
0.2999870258173304
0.300020527781507
0.30001942721452657
0.3000091640108542
0.300023094942106
0.3000111552518129
0.2999882323830456
0.30003376331776255
0.2999983656406995
0.30004399641424917
0.3000031759429693
0.3000049052619467
0.30002007472998227
0.30000121248301015
0.3000020569092824
0.30004717158713146
0.2999680874768035
0.3000154034016863
0.2999903635129214
0.3000348752416536
0.3000237290790968
0.30003210825992765
0.30001934657590223
0.30001297151897677
0.30002532425604056
0.30000858283829035
0.30000336139723227
0.29998218807969723
0.29998985029556013
0.29999097238414574
0.2999919858753636
0.2999973692221578
0.2999820486341459
0.29999369361727113
0.2999997358297585
0.3000033011489469
0.30004864918392593
0.30001320749824145
0.2999996307431415
0.29999548593048764
0.30002046684021566
0.30000925574639536
0.30000208585879695
0.30000476502332274
0.2999893669530991
0.2999773295274545
0.2999582525822766
0.29996632174265314
0.2999680288790729
0.29998809630555257
0.29996568655773503
0.29998888142276214
0.30000838515311756
0.2999923124559635
0.3000039750914041
0.30003244262186657
0.30002004000012583
0.3000138936072013
0.30002790322226724
0.29997733795723935
0.30002331288535256
0.3000167211130145
0.29999261586484705
0.29996690222986677
0.2999925978030987
0.29999041640439206
0.30001056319059816
0.2999895712196945
0.299997491041639
0.30000101356244546
0.3000078280240862
0.30001888147121814
0.3000171635495813
0.2999858311970327
0.3000001048932871
0.3000005401543211
0.3000080704514343
0.29999183163419063
0.29999393767154303
0.3000107827337868
0.2999996263625041
0.30001016735300257
0.2999727059598368
0.3000061161572132
0.3000023930794973
0.3000035558001678
0.30000310060991175
0.3000106102267174
0.3000021901263177
0.3000137599813453
0.30000858301069544
0.2999905904339506
0.29999578480888345
0.30001626899336997
0.3000174270546797
0.300023343180276
0.29999198725440024
0.29999390692439276
0.29998300791447763
0.30002441097028265
0.29999537557463396
0.30001910460823666
0.3000037029434104
0.2999619322457753
0.2999932365299314
0.3000273148242768
0.2999977903725667
0.2999857038885121
0.29999207177927834
0.29999867430674687
0.3000019892811283
0.2999829287494319
0.29997942103878905
0.2999898011249672
0.2999982043175917
0.29998654528502233
0.3000014606363812
0.2999998619795179
0.30000716477697664
0.2999940666496902
0.30000056371589634
0.2999934113934706
0.3000034367619281
0.3000094023027092
0.3000089253094468
0.2999825210851661
0.30000089093736804
0.2999821795818376
0.2999894403656507
0.3000108172378485
0.29998936137848264
0.2999995957794538
0.29999022497254213
0.30000840759721625
0.30001849781091827
0.3000106089807245
0.2999911186902757
0.2999937486575974
0.2999685216393362
0.300015782241397
0.2999865830182862
0.3000117378966377
0.3000100706650157
0.30003925902976214
0.30001446661454867
0.3000017762807621
0.3000075165496322
0.3000162836761586
0.30000975085096393
0.30001127986633713
0.299987496678073
0.2999977753701104
0.2999928232044351
0.29999279261334977
0.30000617249638284
0.300000717552973
0.3000007986434746
0.29999917693128064
0.3000115623619577
0.30001709476886285
0.30004752688520775
0.29999531523701817
0.2999934536211687
0.2999852239171572
0.3000051744762755
0.30000216295882665
0.30000979439623165
0.2999989973199394
0.30001133024419846
0.2999877033049487
0.30000412187765835
0.2999979384765338
0.3000140199840956
0.30001012193923493
0.300008316467683
0.30000429961403874
0.2999999240738732
0.2999894908573074
0.30001379871714684
0.30000295415798195
0.3000083950220922
0.29998388037813506
0.3000106464846365
0.30001765116029133
0.3000056458262981
0.3000193906389297
0.29997612813610486
0.299989945475738
0.3000018210984924
0.2999903997149538
0.3000185260221456
0.2999756193920088
0.2999943380682334
0.3000129229312365
0.3000044286936141
0.3000168503660654
0.2999990981935522
0.30000922138795727
0.2999917457371355
0.2999784459010163
0.29999304639242663
0.3000388126474076
0.30000499054984797
0.2999752196046478
0.3000168957063666
0.300006934285183
0.2999871472955401
0.2999698039893367
0.30000151091754046
0.29999492951819906
0.2999957182170082
0.29999827888313246
0.30001173614074794
0.2999901712236348
0.30001234537114696
0.30000114943685396
0.299994634911143
0.3000035922298425
0.3000196835079786
0.2999960302779231
0.30001511228778077
0.3000001740328939
0.299992858086928
0.30001532183143675
0.3000185798969649
0.29999246383220834
0.3000124995347383
0.2999997543984
0.2999996853952609
0.30001722748387505
0.3000019345726781
0.29997610524316953
0.30001362885130267
0.2999949694833197
0.2999999904176669
0.30000841106358545
0.30001260125637563
0.30000533146959973
0.2999964017026937
0.29999254235053086
0.3000117900287561
0.3000000348356512
0.30000972386794134
0.30000117691659034
0.3000131837698634
0.29999941939253183
0.3000045290666564
0.29999899516081063
0.2999996678735939
0.3000252982516243
0.2999922619090648
0.29999645173634604
0.29998791126901747
0.29999881896475145
0.3000090496619897
0.3000078196594482
0.3000142375938698
0.2999825970910325
0.3000048145699631
0.30000383004488684
0.30001105550251317
0.29998676453451734
0.29999672707061065
0.2999840941496895
0.29999665283567023
0.3000005337290741
0.30001766127106677
0.3000142160902387
0.30000687902565815
0.29999379668738924
0.2999795780695955
0.30000234806662296
0.30000386174615423
0.2999807185948853
0.3000098194609355
0.30000457240835654
0.3000250801987855
0.3000027432969504
0.30000764966818105
0.30000452178002734
0.29998642857308966
0.29998109983995314
0.2999925306091197
0.299988104955052
0.2999886617793096
0.3000276525494856
0.29998564869664823
0.29997854597127094
0.3000051283528302
0.30000838275807307
0.30000341908831973
0.2999974743914452
0.30000054380858676
0.2999974187798826
0.30001321581971596
0.2999856372243137
0.3000149162441009
0.3000136029956738
0.3000144881879002
0.3000138364364878
0.29998300382500853
0.3000115335108593
0.3000186129673763
0.30001304351765234
0.3000093871253102
0.29997838571386604
0.29999749818848354
0.3000210667893276
0.2999936785893662
0.30001380902994146
0.30000239618516
0.3000191791676301
0.3000049208630513
0.30000330235901984
0.30001776446927164
0.300001627042742
0.3000122944470859
0.29999521359021986
0.3000196715360167
0.299996435364706
0.2999766779481732
0.30000638824947456
0.3000111900469845
0.29998992179384665
0.29999090197102196
0.29999021765793965
0.30000595873280067
0.30001679893450706
0.3000141421016347
0.3000041978090161
0.3000006164848714
0.30000651000331513
0.299982789216643
0.2999938529985826
0.2999961481316151
0.2999870935237017
0.2999948491153911
0.3000139971951957
0.29999182677957903
0.30000885377334885
0.29999558803388704
0.29999912073641866
0.30000691086097797
0.300021261367847
0.3000076119212379
0.300011063591489
0.3000007552932079
0.3000021391631913
0.30001425800486636
0.3000008424130084
0.30000334258783345
0.2999798369062018
0.30000922469790714
0.3000015376238747
0.3000076516223802
0.30000413968799944
0.3000111613486355
0.29999818377413834
0.29999637930997747
0.3000191193165481
0.30000799852765636
0.3000017430430244
0.2999973530729365
0.3000180316395158
0.299986641285257
0.2999870630414033
0.3000068729532197
0.30000926147679297
0.2999934866951196
0.30000506955757544
0.3000250293158512
0.3000082050645744
0.3000182048701784
0.3000023750312173
0.3000016488504169
0.30000002701576334
0.30000046631896726
0.3000095993931021
0.2999980478038575
0.29999282396835036
0.29999198477496825
0.2999874499218521
0.3000067366044419
0.29999593124804
0.29998974748910257
0.3000037755518664
0.29998973517543503
0.2999852113448013
0.2999960506116748
0.30000143054990824
0.2999833073882626
0.29999237670932377
0.30000377511064846
0.30000612930345183
0.3000104026907652
0.30001449090151977
0.30001717810897155
0.3000062933598636
0.2999947924228884
0.30002889015095036
0.29999976632605363
0.29999770865995656
0.29998571178352695
0.2999969934832014
0.29999679816422375
0.3000186284642202
0.2999849823224794
0.30001532181422863
0.3000088386818598
0.3000123399642871
0.30002272105600225
0.3000090807448652
0.2999968885017914
0.29999962920368406
0.29999318328608315
0.2999843760489971
0.30000421948638445
0.2999808065813572
0.29999800460521964
0.3000060442563449
0.30000544741089485
0.3000110923298548
0.30000702576252647
0.3000005513470616
0.30000729862011677
0.29999008097528557
0.3000130177197172
0.30001342703759093
0.29999427479022767
0.29999623448212964
0.2999978493026719
0.2999947111665898
0.3000074674060621
0.29999971273388504
0.3000192972767203
0.30000513794115846
0.29998306709265177
0.2999875805065497
0.300004544409714
0.29999413757436233
0.29998989860764436
0.30000745016150865
0.3000039845479149
0.3000020651066767
0.3000146056925892
0.3000040111297778
0.30000267271476166
0.3000031055561939
0.3000063729695972
0.30001014793031666
0.29999995203874175
0.29999423917408174
0.2999969242188454
0.3000032594448391
0.29999234834109934
0.30000822475019273
0.29999222759117294
0.300011726734285
0.300009309651849
0.3000069465003783
0.29999564749162966
0.30000475332325327
0.3000035706402506
0.30000375398610557
0.30001608681242664
0.3000136756242595
0.2999907034239071
0.29999148556157706
0.3000106483027639
0.2999950324023497
0.3000152127908815
0.29999666279098536
0.2999879104332899
0.299994065515794
0.3000028783735832
0.30001049044642747
0.3000004149629072
0.30001216066633984
0.30001986412072623
0.2999936413477645
0.29999533942516876
0.29998976190341553
0.3000079380563806
0.29999468089309667
0.29999913552469093
0.3000065192610689
0.3000137514329295
0.2999966273601261
0.3000162511540283
0.3000047171276279
0.30001163123669394
0.299999850793372
0.30000118003951504
0.29999083670239823
0.3000017387369437
0.30000841359704866
0.30000178457580773
0.2999899284864038
0.2999968291221321
0.30000564579359745
0.3000091190909613
0.29999720054986223
0.2999999310534771
0.3000115052844049
0.30000451089393154
0.3000186995736398
0.2999914322125824
0.30000234094266953
0.3000052406346335
0.2999942807975773
0.30001210772863796
0.3000061560149515
0.30000736356659996
0.29999844702369094
0.3000000170018593
0.3000013905048228
0.30001067684430094
0.2999957482146731
0.299997951726688
0.3000160959346604
0.29999143616624757
0.3000069822106852
0.30000494211423245
0.29998920668940476
0.30001721579205765
0.30002218628450006
0.3000100305787171
0.3000021306271555
0.3000123958707507
0.2999912358723821
0.30000590253315773
0.3000139148765344
0.2999861372052828
0.3000142111665969
0.30000521634688737
0.3000022717529539
0.30000340592008234
0.30000405569213195
0.29999331251039807
0.2999973481632674
0.29999029551838485
0.3000014214119917
0.30000487505325324
0.30000812129674326
0.30001050731407
0.3000097836618375
0.2999864072582722
0.2999870738013731
0.29999431541545285
0.29998801078478443
0.29998095554151427
0.30000979577329046
0.30000469771148
0.30000065648836094
0.2999895613572511
0.30000155929790184
0.30000553786186224
0.29999199171854296
0.3000007084370975
0.3000093785941679
0.29999852859390985
0.30000932814956727
0.2999975185595771
0.30002165340621767
0.2999957557618108
0.30000088995788643
0.300006965282662
0.29999886085241645
0.30000220052648174
0.30000520018311616
0.3000108610623671
0.3000016943556809
0.2999952449570227
0.30001075197008154
0.3000026178554902
0.2999967212064436
0.29999649774480586
0.2999972869443164
0.29999985993067346
0.2999893602922524
0.30001569330291955
0.3000120594522988
0.30000383356942095
0.3000111589185879
0.30000079811133695
0.3000018638658607
0.29999776346100093
0.2999972505522718
0.300004935796123
0.3000010034234447
0.3000012145319906
0.3000128299108966
0.29998665782706113
0.30000672516065674
0.3000007943795475
0.30001267968115697
0.2999993511893727
0.2999946428116276
0.3000111967932033
0.2999991984719228
0.3000079449287203
0.30000171532889985
0.3000033876537862
0.2999909137631678
0.30000507619100714
0.30001716542981516
0.29999625277614295
0.2999988277992044
0.2999931375305347
0.29999653674774895
0.29998763140778395
0.2999870392729458
0.30000409279210194
0.3000014838247843
0.2999902939535912
0.3000032246079074
0.2999960934717283
0.3000002812034773
0.29998568127826586
0.3000075427982365
0.3000094578490965
0.3000103399006493
0.2999987605636615
0.29999878420413006
0.29999611378091995
0.30001166823513403
0.2999944717984606
0.29997286507516985
0.2999947418787118
0.3000058046415296
0.299994363792337
0.29999744623855706
0.2999994420782871
0.30000167073647277
0.2999971434878804
0.2999935007300424
0.2999966761458489
0.3000077027242444
0.2999988559915533
0.3000174203731262
0.3000210611820675
0.30000426847546013
0.2999965134149156
0.29999881847721743
0.3000005305564225
0.299998828569516
0.299986190026411
0.299989919298972
0.29999919397262864
0.2999991998359639
0.29998066777344357
0.2999941307784415
0.29999571638915
0.2999951424089903
0.2999848808506983
0.29999443610434995
0.2999799674433129
0.29999324251130555
0.2999972205124727
0.29998850571187363
0.3000118240513291
0.29998313760376727
0.3000030481530567
0.3000036300943365
0.30000016318354206
0.30000604290127375
0.2999997847508583
0.3000054875789697
0.300001508175494
0.30000849593033785
0.2999677207483532
0.3000015179880383
0.3000011746025151
0.29999305010861954
0.3000006712929366
0.3000030229530245
0.29998679281336427
0.2999997672231778
0.30002468096133705
0.3000153793731206
0.30000863445815007
0.2999908661234989
0.29999770475072063
0.3000045556683383
0.299984336525849
0.3000003239530814
0.3000008273314808
0.30000168697977425
0.30000175126459194
0.30000018896798897
0.30001344710779076
0.30000014996089686
0.2999963076985971
0.2999915523826432
0.29999646482961506
0.2999937209313269
0.2999971496820528
0.29999985324957423
0.3000019942128236
0.3000195942448699
0.30000080390750616
0.2999860875661008
0.299996116530603
0.29999663273052646
0.29999616401271656
0.29999902458992145
0.2999900135147956
0.3000030780156613
0.299998890836787
0.29999575034251413
0.30000662032034164
0.300000380945594
0.30000910605124775
0.2999984289225506
0.3000006746532837
0.3000064007820862
0.29999195940117196
0.30000303269550155
0.2999762568201184
0.2999967188556102
0.29999586230132647
0.299988307899013
0.30000895654217585
0.3000029671572787
0.29998917375640155
0.3000042898150036
0.2999904197403058
0.30000496267017984
0.2999857197029352
0.2999880135798527
0.2999967848805877
0.3000150543326534
0.30000713278526336
0.3000056665737495
0.30000490000745816
0.3000015958959633
0.299997952428499
0.3000120618254545
0.3000098438692623
0.30000149370961904
0.3000019250029168
0.300009956563144
0.29999292086674867
0.3000051886699755
0.2999919421328433
0.3000023593997877
0.2999966085921698
0.3000167055263082
0.2999897992316253
0.29998331148730095
0.29999528856434377
0.2999913951786555
0.30001309476440663
0.2999984139511087
0.30000583674038495
0.2999974584231587
0.30000081991140704
0.30000196275536695
0.29999331224710346
0.29999627706688137
0.2999985598485969
0.30000293229370967
0.3000157936151917
0.3000107632327076
0.3000059070028377
0.30001867199802534
0.2999974319426921
0.30000466296163764
0.29999935059250826
0.30000604374506123
0.2999916990988135
0.2999766458573586
0.3000053176114167
0.29999830761021085
0.30000131979515476
0.3000016039876072
0.2999971016181441
0.29999960840030704
0.2999999960235584
0.3000115901568655
0.29999387837335056
0.3000019119792977
0.3000068773962956
0.29999330343844954
0.3000017189174763
0.3000059309977011
0.3000009202063254
0.29998837467209183
0.29998374427447994
0.3000031221375049
0.2999866938491881
0.29999873099741947
0.29999030829491014
0.30000452950404877
0.30000532067732266
0.30000803157531863
0.2999967649662283
0.30000692971231624
0.30000093657610527
0.29999990964453904
0.2999991195639413
0.3000006868945503
0.29999203660207896
0.3000000631960422
0.299997204475729
0.2999923833825031
0.2999921300030737
0.2999863963754815
0.3000030675836709
0.30001247618787064
0.3000099693668624
0.30000753113951284
0.29999958749940725
0.2999931478724306
0.30000011750375544
0.2999983207144382
0.29997908406745566
0.30001726917289784
0.3000032344824526
0.2999902817588017
0.29999185098835845
0.2999987755871172
0.30000051597791144
0.29999404945694874
0.3000160446097502
0.29999893252517085
0.30000639446144295
0.2999951950180454
0.30000064162022966
0.2999981432195078
0.2999992642542757
0.30000240666535316
0.29999552534776963
0.29999482929204413
0.29999310395064227
0.299991019492607
0.29999038317850735
0.29998894606767257
0.3000027922465335
0.3000120407498813
0.29999572971229527
0.29999515087283724
0.2999940873334561
0.3000000676037493
0.2999935818730083
0.3000160624786842
0.2999955527286855
0.3000121299399158
0.3000123578604452
0.2999849160040813
0.29999904797069643
0.3000001519219454
0.30000342081483355
0.30000505583399273
0.3000057041920562
0.2999974353971224
0.30000015083586473
0.29999158982823937
0.2999987250329972
0.29999587087681834
0.30000322042113947
0.30000926371861714
0.29999831580903724
0.2999981747722451
0.2999917491575472
0.2999972640792581
0.30000047150825937
0.29999475783656926
0.30000187224015507
0.2999897544372042
0.29999476675140235
0.2999965933791776
0.3000032929797424
0.299995577557574
0.3000027255883432
0.2999997969756659
0.2999942383162615
0.3000072956860613
0.2999886750187585
0.30002264828327385
0.2999982683537922
0.299986472945206
0.3000002171001602
0.29999382323147405
0.3000065364843395
0.29999260545065576
0.29999479603655677
0.2999990327185176
0.29999580285531724
0.29998782966348503
0.2999914738659508
0.30001530892632067
0.30000033437545426
0.2999974643550093
0.30000720394464575
0.3000025284102079
0.29999915108286046
0.29999828747229174
0.2999931100042085
0.3000010438147991
0.30000352581557543
0.30000580811047683
0.2999976333301394
0.30000251288268764
0.29999688395806456
0.29999077237814453
0.30000483944123757
0.30000539328230424
0.3000110396653759
0.3000070985991923
0.29999512791292327
0.2999941093147006
0.299995975731871
0.30000516638334407
0.30001501139894426
0.30001184710615003
0.30000157767590585
0.29999912825534847
0.30001458066032116
0.30002912145313076
0.2999999267999025
0.30000880760667237
0.29999590292397194
0.29999855874725057
0.29999751608712244
0.3000027089736995
0.30000246016262977
0.30000216868237395
0.30000821658914667
0.29999670629119457
0.3000015603994177
0.29999660211330526
0.3000004170640438
0.300005538275662
0.2999959528348122
0.29999466652761253
0.3000047069982942
0.2999980755412993
0.29999817746795454
0.30000498710334045
0.29999955302572767
0.29999228046322224
0.29999023244445777
0.3000005267242636
0.30001036891124533
0.2999966647825112
0.30000090026330306
0.2999958673161326
0.29999732133157253
0.3000039119737241
0.2999888317501068
0.3000065976572144
0.3000026831627717
0.29999843796273706
0.30000455919760005
0.3000019983087925
0.29999334647571163
0.29999811593769143
0.29999865474467446
0.29999607575838305
0.30000538429270696
0.30000238144371383
0.2999891609457339
0.3000020968270859
0.30000695169294245
0.30000833800432103
0.29999730154890225
0.3000007266977722
0.30000567326314376
0.2999985948335633
0.2999877608874334
0.29999460644049836
0.3000004076036181
0.2999943504112691
0.29999626473135743
0.2999993308029978
0.30000220398740873
0.2999935294714573
0.299991637344849
0.3000015159737217
0.29999889140883496
0.29999951607881625
0.29999727848563185
0.3000047062120361
0.3000033482140003
0.29999198836036844
0.2999944282176604
0.300006916537226
0.2999951373662467
0.3000003435313492
0.29999259400330447
0.30000160318472713
0.3000013449126525
0.2999910869562453
0.2999957747087354
0.300003161527824
0.2999889272702123
0.2999995121109855
0.2999994029143257
0.299999721975582
0.29999645632462835
0.3000094022889339
0.29999495283811994
0.30000045495951355
0.30001063801848227
0.3000032147674634
0.3000036049225787
0.2999972195302073
0.29999709483261316
0.30000042630638923
0.30000148717168196
0.300004246014137
0.2999940556457985
0.30000930760741684
0.3000001258470839
0.30000346570967484
0.3000061657972003
0.3000047087097166
0.2999919938573139
0.30000694922695337
0.30000191462739334
0.30000078988231094
0.300002435583565
0.29999328820123305
0.30000157119896653
0.299994316628432
0.300006159285379
0.2999983597988297
0.30000538993207715
0.29998502111251846
0.2999885586193275
0.3000046963435088
0.3000100083250723
0.3000075974055765
0.30000290818204234
0.2999990990700918
0.30000308082064453
0.29999774186486317
0.2999982728037983
0.2999891208018788
0.2999935183870597
0.30000504269591943
0.300012821594108
0.3000063631624931
0.2999944008551735
0.3000101054893607
0.30001383458036224
0.3000009626317919
0.30000667162981776
0.30001094623811697
0.2999940364344006
0.29999948976025714
0.30000223321352115
0.30000153937726803
0.2999994539772999
0.3000040952955294
0.30000291308424587
0.3000022957877774
0.30000203919662904
0.29999696997799874
0.3000008401229758
0.2999962231520087
0.2999962281318247
0.3000008953145409
0.2999941037641165
0.2999957221832489
0.2999987345063603
0.3000038939937997
0.30001247173843637
0.29998230185846186
0.30000185757800923
0.3000021302266871
0.29998423787438
0.2999929106992264
0.3000011817426622
0.2999914439775758
0.29999678175939826
0.3000009582389357
0.2999992613983854
0.30000215684407083
0.30001151772472023
0.29999548090967
0.30000468339913766
0.2999965155700728
0.30000439796201683
0.29999373320568556
0.30000582917866647
0.30000045842886436
0.30000342938061086
0.29999726818126804
0.299998836765074
0.30000780790880677
0.30001039080190295
0.2999858217403727
0.30000726464428273
0.3000017274050477
0.29999288507504196
0.300004345264574
0.2999989841465842
0.29999867599604035
0.30000041321477766
0.3000132860360333
0.30000551855590785
0.3000086853341478
0.2999998497622919
0.29999023986972084
0.2999987275192497
0.3000057395444452
0.2999969043802184
0.2999828131235206
0.3000041601232665
0.3000033985847411
0.30000290414054875
0.30000049651564864
0.299997602712636
0.2999990509723315
0.3000018498842568
0.2999921615700195
0.2999969098903532
0.29999817433569664
0.29999830035094155
0.2999975869460165
0.2999978873065655
0.30000844968696383
0.3000032299333685
0.30000255965109623
0.3000050331829228
0.30000008424145785
0.30000392400927867
0.29999826178848654
0.3000050225789739
0.300009655066809
0.299998714367657
0.3000058112151912
0.3000012486595667
0.3000072523699736
0.29999678472818725
0.3000133734576278
0.2999906869507415
0.2999981101781385
0.2999993066271006
0.2999992898306679
0.3000124180167457
0.30000485049895587
0.30001035117210106
0.2999878136670302
0.30000974960573534
0.299998717890814
0.3000041225742158
0.30000428120795963
0.29999485883798704
0.30000069890317604
0.30000076108632934
0.30000038188157163
0.2999980898478545
0.2999966126762105
0.2999985588693075
0.30000871123628226
0.29999822888173633
0.30000624854082647
0.2999958899952758
0.2999952642105276
0.29998680698829727
0.29999761365188027
0.3000006173172216
0.300004565392052
0.3000031009199323
0.30000708770130236
0.3000036708279986
0.30000000377358926
0.30000452331945515
0.2999997102223989
0.29999195786753186
0.2999968384447673
0.3000015713814953
0.30000028341912643
0.29999268393244183
0.2999981137144152
0.29999478759361486
0.2999972046585614
0.299997523974459
0.3000030479307756
0.2999945853514021
0.29999671389303906
0.3000046035199587
0.3000003629465867
0.30001043183514353
0.3000036519565953
0.29999776685267754
0.29999861537435313
0.30000656328425235
0.30000289655888956
0.30000289921320455
0.29999215960762504
0.29999900191544737
0.2999954117131399
0.30000252871906397
0.3000041675905093
0.29999417423416674
0.3000009667239648
0.29999542190496853
0.30000527356010487
0.2999937177258335
0.30000608110609206
0.29999925997674903
0.3000053793897808
0.30000094972110825
0.3000057845615943
0.30000343859445033
0.29999918177661455
0.29999060725207527
0.30001038917966405
0.30000812802246435
0.30000632605278976
0.29999999966555146
0.2999892894588183
0.30000127227313167
0.29999783338657016
0.30000089265950236
0.30000100089049553
0.3000008147786831
0.3000001211550485
0.30000365050349664
0.2999992260668065
0.2999982568716817
0.3000079143577997
0.3000002665562199
0.30000375263281964
0.2999953082912702
0.29998928942983905
0.29998748341158377
0.2999971084451778
0.29999244491439836
0.3000015674589822
0.2999978239226284
0.29999634192434366
0.3000063043020973
0.2999986935593765
0.299996409346985
0.29999722231690196
0.29999815769028315
0.29999800823504474
0.30000930769408096
0.2999941771740836
0.2999987382661604
0.3000017669060461
0.3000027418430907
0.29999829567410585
0.3000039079911465
0.300002624934527
0.30000291268077883
0.30000559465384435
0.29999773875298985
0.3000057757837161
0.29999680904777437
0.29999349852152424
0.2999936582719589
0.2999961261797781
0.2999999374319232
0.29998951766124815
0.29999553684297475
0.29999404833682597
0.29999848197446466
0.300001086816155
0.30000475521123127
0.2999966904029163
0.30000689979079065
0.3000041252887117
0.2999949193667958
0.2999947594318654
0.30000541935721015
0.29999819718875964
0.299998840927474
0.3000050911010157
0.3000125105852327
0.2999998711588907
0.30000373287040183
0.30000170716392816
0.2999981047342355
0.2999963032773568
0.3000038054879629
0.2999981447588874
0.29999675155397576
0.2999999623188
0.29999793250851137
0.2999986791406747
0.29999706719942887
0.3000019062687802
0.2999978206614782
0.29999763434738835
0.30000432674259536
0.29999961507174244
0.30000518430041057
0.2999984543496578
0.2999988991450365
0.30000340555029936
0.2999903448724359
0.2999894402657861
0.2999954182059832
0.29999655891065335
0.29999828329604594
0.29999924816506995
0.2999968205067167
0.2999974894290913
0.3000148245380304
0.29999747787530817
0.29999802407001486
0.29999899406358677
0.30000166832803854
0.30000066860843677
0.2999967217954729
0.300003947650923
0.29999826479732006
0.30000422874192156
0.30000199588383925
0.29999787303205594
0.3000018648753848
0.300001251767266
0.2999995419384004
0.2999997898891943
0.2999899708315483
0.2999978664890758
0.30000207939230217
0.2999976770338172
0.2999999135503294
0.29999683978670855
0.30000449832581133
0.3000028718435992
0.30000552442927086
0.3000012711380524
0.29999671004891093
0.2999942636256029
0.30000048566996407
0.3000003191848606
0.3000090866343642
0.2999991512262675
0.30000300365658006
0.3000051141420075
0.3000124622653412
0.30000991006764977
0.29999289301343035
0.30000671807050294
0.29999614578162936
0.30000800905669167
0.2999941414700015
0.2999928269016383
0.2999981834872102
0.30000482418767427
0.2999999389003517
0.3000016571297637
0.29999987865272393
0.3000036293149968
0.3000049996946168
0.29999936751098555
0.30000790393785315
0.29999785002361756
0.2999982877048427
0.3000054049616985
0.30000557926272375
0.30000055977365625
0.30000197907420534
0.2999900845853526
0.30000966025711673
0.3000017796209775
0.29999662129282023
0.3000069889017879
0.2999989764634907
0.29999233003834624
0.30000150790709235
0.29999667182829337
0.2999989084091369
0.3000049581803774
0.29999996608603074
0.3000029971356857
0.30000277963437005
0.2999952013250142
0.29999882995790383
0.30000740000756254
0.29999765566665537
0.2999992329752251
0.29999901703981335
0.29999985466583834
0.2999985866448386
0.2999966205773007
0.3000043754627041
0.2999986205583923
0.30000032929840215
0.29999351122878626
0.30000171331474934
0.29999544265662037
0.3000015643670704
0.30000637900190663
0.3000029999016226
0.3000108631635714
0.2999922163041705
0.30000010825327406
0.29999965678102913
0.3000023574126024
0.30001239303578664
0.299999745830971
0.30001299546767224
0.30001191732651933
0.29999675489077193
0.29999685314861657
0.29999300634375636
0.29999598377429093
0.30000303112087734
0.29999748454704034
0.29999764436382736
0.2999959763659894
0.29999896693363515
0.3000019109009652
0.2999970713826018
0.29999620380953707
0.30000175255943073
0.2999944377889102
0.3000079253586426
0.30000572709637163
0.299996783079863
0.299994878133945
0.2999983702983703
0.2999994153917196
0.2999952486466021
0.30000459541147806
0.30000650629391845
0.2999992112710337
0.2999979305064112
0.29999847802538915
0.30000050468177764
0.3000018368360745
0.2999972576092116
0.29999629109526715
0.3000007804182707
0.3000004859418637
0.29999749264895004
0.3000080271047416
0.3000032739119781
0.2999974872558129
0.3000037903902779
0.30000351847797757
0.2999992513853974
0.3000038382027097
0.30000267962678495
0.29999678645258177
0.29999434119994184
0.30000638114210487
0.300011614917685
0.29999943157319353
0.30000319536804276
0.30000366555314495
0.29998717604647884
0.30000226597958246
0.29999840934882793
0.3000003473687628
0.30000000835792373
0.2999934823523168
0.30000126748651024
0.30000418370562953
0.3000082222848107
0.3000053297747227
0.29999583793709594
0.2999991026938782
0.299999894906851
0.29999538296170636
0.3000015879663287
0.2999980192645666
0.3000002980452571
0.3000036350792723
0.2999952817336735
0.29999149994289886
0.300001237562183
0.29999920399727364
0.30000482115479643
0.30000196210614904
0.3000048554088175
0.29999532233121395
0.300002731811996
0.30000557443419973
0.30000255597916026
0.30000474978606106
0.299996716210404
0.3000004226107933
0.3000046617891967
0.2999976225861587
0.3000009388574988
0.29999780813347043
0.2999991394957787
0.2999984653105615
0.2999984163427625
0.2999967163815527
0.2999943301394493
0.3000122226095825
0.30000192287830396
0.3000003215632625
0.3000037117682851
0.2999999326264411
0.3000005675342654
0.30000267588124774
0.2999974385923374
0.3000000710919395
0.30000207375199406
0.30000717722938697
0.2999983205555432
0.29999824224507166
0.30000246228643224
0.2999986174567074
0.30000330805686304
0.30000395084231035
0.3000022259599866
0.3000002153185404
0.30000120239349504
0.30000188570242536
0.3000013247622607
0.30000468543209313
0.2999922195723206
0.3000008411463878
0.3000006892182149
0.2999971510702443
0.29999689961572895
0.2999951448262457
0.3000049410523248
0.29999989652536563
0.2999996383440897
0.3000032727563221
0.29999861016978147
0.2999999014725905
0.30000231576668157
0.30000093906116676
0.29999503709206554
0.3000057036564283
0.30000664465084803
0.29999874779606606
0.29999706278130944
0.3000047467153305
0.29999223319984225
0.30000216955287906
0.29999462050531245
0.3000071847965845
0.30000164542176144
0.299998265689727
0.29999827556441083
0.29999394464304063
0.2999975974529665
0.29999374667333645
0.3000070454868602
0.30000110014221193
0.2999986360288204
0.29999342538168816
0.30000155517063454
0.30000144452930433
0.2999975490117831
0.29999252603709625
0.29999717063524456
0.30000239071954116
0.3000074713284643
0.3000051367729619
0.3000029120813784
0.29999725175222436
0.30000117390194014
0.3000022806005429
0.29999662289404017
0.29999849089069686
0.29999860121251287
0.29999998572093856
0.30000845775042695
0.3000041981391125
0.3000084960936591
0.29999411801967213
0.2999966861235438
0.3000018766885778
0.2999890317107271
0.2999987584367815
0.3000052683134463
0.3000026462634894
0.2999977844919077
0.3000014850129792
0.29999823218759936
0.30000307251096203
0.2999981252067889
0.2999946107407233
0.300000802500743
0.29999657778489386
0.3000086069459824
0.3000057735605859
0.299999896395468
0.30000259760055203
0.29999759159519057
0.29999614665080443
0.30000499954335746
0.2999982385414832
0.3000022458085214
0.29999926015592826
0.30000832422497625
0.30000005310635347
0.3000057391957123
0.30000794694983646
0.3000002186582892
0.3000047539777252
0.30000134720050253
0.30000092583839
0.3000017353226929
0.29999865758703126
0.3000055181535456
0.2999965847884424
0.30000238361024134
0.29999349756841875
0.3000014167442058
0.2999948695883582
0.3000011805312437
0.29999690515934685
0.3000039120583673
0.29999245704468924
0.2999990581195785
0.2999955435435874
0.3000029306316596
0.30000269403434543
0.3000174926388822
0.2999986353196499
0.29999912584087884
0.2999988723045677
0.30000410900373553
0.29999808386922655
0.2999904169758556
0.2999989172028299
0.2999990681479747
0.29999088860851575
0.2999984084301074
0.30000498514271434
0.30000068741004293
0.2999954246223854
0.30000270905222537
0.30000175495409764
0.3000107042592264
0.2999951626707299
0.2999948954786772
0.2999974009005878
0.300000758935703
0.30000336030975217
0.29999784481320535
0.29999549174897866
0.29999949630585254
0.29999903043586706
0.30000366597989736
0.30000302087541264
0.29999976825518715
0.2999975689865789
0.30000280638167676
0.29999893623613494
0.2999925999035906
0.30000962486283067
0.30000513677590745
0.3000025736464129
0.2999981758944228
0.3000100396865558
0.3000003132500566
0.29999584294930015
0.29999956413198947
0.3000045340228288
0.2999903178644485
0.2999987822231194
0.3000011259831483
0.30000424819656246
0.2999954992823366
0.30000217949369545
0.299997291530563
0.30000050931003064
0.3000048773863556
0.30000226533356955
0.29999628318174654
0.30000264980226743
0.30000576009400903
0.29999486689903765
0.30000211660933973
0.2999903959968008
0.3000078471232005
0.2999968683785972
0.3000002701243528
0.2999976194041819
0.3000051102791056
0.30000761249013963
0.30000322664002366
0.30000094551167245
0.30000937710820264
0.299998515685829
0.29999784160586707
0.3000007667114938
0.3000018461622651
0.3000021041924166
0.29999615987315675
0.2999928762387626
0.29999999321585313
0.3000004654341395
0.3000029865343192
0.30000518707011614
0.3000021168884054
0.30000269125511325
0.30000040325167243
0.3000080603496358
0.3000006543464919
0.3000006173765839
0.30000198956314894
0.29999974686518804
0.29999426441215105
0.30000737057150295
0.3000011678644201
0.2999990645943673
0.3000073803214177
0.30000139667809067
0.3000034962443149
0.30000377326673067
0.3000042207023762
0.2999946485330848
0.2999993505229933
0.29999965381565974
0.300005502097212
0.3000025881504036
0.29999350495949906
0.30000448002131475
0.29999736631624574
0.299996448104783
0.3000050886131206
0.2999962027780988
0.3000041820192718
0.3000009994798085
0.29999702959811614
0.29999780503063334
0.3000035707749964
0.300000751712832
0.299999495926773
0.29998987708088076
0.29999845237961253
0.2999962486337072
0.30000119230206945
0.2999964047526197
0.3000020771841635
0.30000534125731415
0.299999852763258
0.30000156538762657
0.30000073623877166
0.3000051649031177
0.29999931801665347
0.30000151288368193
0.3000014059443634
0.29999631863652065
0.3000045269402124
0.30000472335890194
0.30000169518632436
0.2999995636438021
0.3000006528356124
0.3000026307450673
0.30000310755631543
0.29999360608632
0.3000003539454149
0.29999827680949576
0.30000430206024176
0.2999992011128061
0.300000034332221
0.30000800146170437
0.3000043735708927
0.3000050422445849
0.3000028833357977
0.29999821264264215
0.29999842946065713
0.3000072035059357
0.29999643933143283
0.29998910762397246
0.2999960413435987
0.3000088179879148
0.3000108038422521
0.30000107935383513
0.30000165540566437
0.29999642151971206
0.30000385910192096
0.29999435656128903
0.30000089303389377
0.29999098572482863
0.29999787614420714
0.30000163012442094
0.2999924845568147
0.30000219864535704
0.30000583331002817
0.3000006533677708
0.3000010869611236
0.2999964451091368
0.2999927176757341
0.3000005878229073
0.30000534176275717
0.2999988710594601
0.3000062485694668
0.30000205833858873
0.299991365984275
0.3000015973864171
0.29999726686110184
0.3000007965451298
0.3000020192940348
0.30000509667797626
0.2999921182593587
0.30000135557539376
0.30000167207878237
0.29998793265063683
0.29999842462052495
0.2999991990753458
0.3000052086525681
0.30000276047231256
0.30000290377760386
0.3000082330467363
0.3000007435882176
0.3000098259822589
0.29999552805320606
0.3000053921351128
0.30000334000279494
0.2999966543677578
0.3000040106220825
0.3000004637697149
0.30000492172508075
0.29999877035387923
0.299997634472149
0.2999990016679197
0.29999746463508303
0.299999964735277
0.2999985444154536
0.2999968527254083
0.29999914596098753
0.30000011077828614
0.29999762503962135
0.2999996251971936
0.29999459492485026
0.30000285608878774
0.2999986625404174
0.300002969450369
0.30000418348894886
0.2999998527580695
0.30000011749595135
0.2999890082793273
0.30000359329212367
0.2999997493165626
0.3000043780665381
0.2999965007004557
0.2999925243114345
0.3000005826379353
0.30000568157494345
0.29999540478761233
0.2999978466538785
0.3000003480811786
0.299995790508078
0.29999926111279274
0.2999982337165982
0.29999664911137125
0.2999986546117419
0.30000138797973486
0.2999976580227638
0.2999980494430683
0.30000472985586335
0.3000002401152818
0.3000004332789098
0.29999925314107034
0.3000039347322947
0.3000030914264189
0.2999970476595961
0.30000133997649847
0.3000019617229195
0.3000028675975973
0.2999995026203953
0.3000060534638179
0.3000019765155292
0.30000558045446246
0.2999984538826279
0.29998937563496164
0.3000038046599711
0.29999759142310445
0.30000246718568757
0.2999994972660117
0.2999997163945485
0.2999975050122341
0.2999967627520478
0.30000122875863844
0.30000564894596815
0.2999968033348013
0.3000024899125223
0.30000239748059976
0.30000084723646125
0.3000028130863982
0.2999910635995642
0.300002397647095
0.3000010724846367
0.29999637038245075
0.2999982286279228
0.30000513149990393
0.2999974950546961
0.3000064344321055
0.3000035748207083
0.30000331258867874
0.29999657111373057
0.30000002434292294
0.2999949646685244
0.30000473430685604
0.2999944585577209
0.3000006573279428
0.2999948091160687
0.2999971021356208
0.3000053813753075
0.30000307755185607
0.29999806631592774
0.2999999501409184
0.3000059789903212
0.3000025502636219
0.30000103950204304
0.30000218134473766
0.3000030703400888
0.3000033263988159
0.30000194192927065
0.29999848390083006
0.300000420465827
0.2999990030477362
0.3000024972754588
0.3000014359129747
0.3000024372615683
0.29999936075239153
0.29999060071305106
0.299999081631918
0.30000557016445606
0.30001106494287477
0.3000041748234811
0.3000019861781751
0.2999989711653125
0.3000031705414534
0.29999589951787675
0.2999986090934257
0.2999997606856146
0.3000007418897902
0.2999994840633339
0.2999996325763701
0.3000054746062696
0.29999982355736066
0.3000007046147213
0.3000001753480519
0.2999983158174211
0.30000009145815765
0.30000218260697586
0.3000000391425479
0.3000013957947585
0.3000027378839648
0.29999889746145714
0.2999882427968631
0.3000033076888333
0.29999083619076117
0.29999657790702927
0.3000014389405927
0.29999977412956824
0.30000413120136904
0.3000012310681668
0.2999911890092366
0.3000058413158304
0.29999996328461387
0.2999966556406123
0.2999943121848617
0.2999970402973504
0.29999761978527373
0.300000139086004
0.30000740173879625
0.3000006477957856
0.3000056506144436
0.2999972488570014
0.30000090436563465
0.3000021225645616
0.30000317226182494
0.2999988654350867
0.2999981772266802
0.3000013421517599
0.2999999701059004
0.3000017414131305
0.2999973054467311
0.3000035626203468
0.3000004629067473
0.3000068102637511
0.3000001135813022
0.30000447582509837
0.30000030934713273
0.2999994621575154
0.30000104720675824
0.3000028450803477
0.3000000825459449
0.3000021081203029
0.3000015001962545
0.29999598743836764
0.30000270542121277
0.29999824668608466
0.30000026778361344
0.30000493668608774
0.2999992080180677
0.3000005695724278
0.29999647086462145
0.29999884999910575
0.2999978483465592
0.2999953463056304
0.2999986626009029
0.30000003625779215
0.29999746146485173
0.29999523281243823
0.29999912997218303
0.300001750621512
0.3000009894622159
0.29999628760363084
0.299998340610407
0.2999931166355393
0.29999107225614885
0.2999965389764415
0.3000007386940384
0.30000559760865353
0.29999650528891875
0.3000037644044512
0.2999939857151569
0.3000095230783356
0.3000052628656096
0.3000019647663569
0.3000059015845098
0.2999969030022366
0.3000038556055876
0.30000138406573074
0.2999965341258438
0.299999340999493
0.2999963184131631
0.2999998761720801
0.30000059093399223
0.30000174923329437
0.3000018958171946
0.30000343001030705
0.29999731560975507
0.29999563811015195
0.2999970010709092
0.3000015904226747
0.30000047192682644
0.3000029827741064
0.30000311680299807
0.2999972274653615
0.2999980569774814
0.29999751429473576
0.30000037714969596
0.30000426593144824
0.30000437579562866
0.29999467259135304
0.29999980137337
0.3000042810864082
0.29999758955210787
0.29999807324548267
0.2999983846844835
0.3000013472211327
0.2999980140829952
0.30000322275739943
0.2999968805605786
0.299994997030416
0.300000255644436
0.2999928129884598
0.30000335321181415
0.3000022003813215
0.3000002766605516
0.2999973493910085
0.30000298726051366
0.2999999245640065
0.30000171011876475
0.3000020199257726
0.29999977228305363
0.3000012282371144
0.3000038743124285
0.29999782155659727
0.2999962122466633
0.2999933182867107
0.29999767366654617
0.299995661703672
0.2999979632298704
0.2999992177352586
0.3000001059978167
0.299996584537394
0.2999904822393382
0.29999887935107705
0.2999985299423954
0.30000185173332206
0.29999792570412176
0.3000025468040233
0.30000031718715103
0.2999971200730226
0.2999955414472315
0.29999755845045706
0.300001549907285
0.2999971153882247
0.2999979910679107
0.3000020278334792
0.3000003003376831
0.3000021309611176
0.29999582187772345
0.2999976039682428
0.29999269898367564
0.3000084336140971
0.2999996621770761
0.3000013499636125
0.3000009814586776
0.29999891113521004
0.3000000056032913
0.29999748879573473
0.3000009826808382
0.30000066037362727
0.30000448795560464
0.3000017258029276
0.30000299165336697
0.3000039072309295
0.29999986703900705
0.30000089359709137
0.3000006010425017
0.30000271391570976
0.30000081733047024
0.29999711412424834
0.29999826302360677
0.3000042159763864
0.2999995200144967
0.30000267431527416
0.29999886463737635
0.29999811639326135
0.30000083937770816
0.30000005656045703
0.30000145142752976
0.30000187933472544
0.2999995306179418
0.3000003481127669
0.29999782116006013
0.30000341841968825
0.29999731674478136
0.29999277050463447
0.30000440451008814
0.2999973551679137
0.30000434175292845
0.29999935372646036
0.3000042976793049
0.3000007154135069
0.3000051082234487
0.2999978833440555
0.2999974900165673
0.30000686355439155
0.30000099308133454
0.3000005805007949
0.29999460382096643
0.2999954310995817
0.2999933384001018
0.29999978581909326
0.300002975470419
0.3000019636578294
0.3000077976570992
0.3000059221613517
0.3000042620493305
0.2999996477270145
0.2999982139232056
0.30000000827839435
0.30000493336135725
0.30000038455372213
0.29999841368343483
0.30000127805506804
0.3000027717022097
0.2999994449557345
0.3000059074211965
0.29999474177848207
0.300001624024552
0.30000458941940833
0.30000031003306105
0.29999863624991707
0.2999991742611551
0.30000037937345436
0.29999681930551503
0.30000133598057976
0.3000049091408148
0.3000018925050163
0.29999832382562663
0.30000761476917437
0.30000016016005815
0.3000079660668358
0.3000019615706224
0.3000008262170125
0.2999993269686585
0.29999786073865076
0.29999588893426843
0.2999977581564599
0.3000017824587041
0.3000036835533938
0.30000064549123184
0.3000055134724935
0.2999994285193113
0.30000090586172634
0.30000065193537206
0.30000153268368235
0.2999985171655347
0.30000597059679945
0.29999672090770757
0.2999997704691483
0.29999945730743927
0.2999961455239145
0.2999958038916726
0.29999999762076246
0.3000063212297811
0.30000723537985263
0.3000016175020651
0.30000404859902696
0.30000091335078327
0.2999920317208862
0.29999504372171437
0.3000080193443704
0.3000006566300084
0.2999975655873316
0.2999974133554135
0.30000042160834295
0.2999973977017566
0.29999505702658325
0.3000017206896528
0.2999993799995555
0.30000249652633215
0.29999959677621546
0.2999978190460574
0.3000022959930536
0.2999929245745434
0.300000693920382
0.2999957528035416
0.300005540032552
0.300000981565546
0.29999790778422
0.3000063496653692
0.30000124446912524
0.30001088698600575
0.3000047939406518
0.30000051044599674
0.3000032499666785
0.2999986742420194
0.2999959641709147
0.29999821922265524
0.29999856234773115
0.3000003721809834
0.2999975997849216
0.2999974750781905
0.3000025194758489
0.3000080763822922
0.30000046285544235
0.30000343592718204
0.3000030946083
0.30000007541686813
0.30000415567670613
0.29999858440169047
0.3000039062394799
0.30000021275254185
0.3000060728796551
0.29999546031537017
0.30000454175834534
0.3000006372130436
0.30000415311467676
0.3000012185940041
0.2999952975938499
0.3000030989071698
0.2999994705504735
0.29999686120498514
0.2999941364108232
0.2999971827140617
0.2999980456262663
0.29999852033734264
0.300001277449808
0.299998490664664
0.30000391077740207
0.3000022733560529
0.29999655545148174
0.30000233310048063
0.29999715027928997
0.2999992609485138
0.2999956723089755
0.3000005497018263
0.30000443855648784
0.30000207701093506
0.3000025092649188
0.2999995007362335
0.3000089591226922
0.30000403890924565
0.3000029818521247
0.30000286522092134
0.2999985918057366
0.2999994180604957
0.29999644289464156
0.3000020183994533
0.3000008169935784
0.29999631464265264
0.3000030355716531
0.2999919114857922
0.29999930593526947
0.30000050687644464
0.2999986528252986
0.29999838946521773
0.3000043235037123
0.30000581366735
0.2999969175588276
0.3000050707802653
0.2999998443592231
0.3000028567371088
0.30000402929995085
0.29999565933611105
0.29999740590918356
0.30000165693545855
0.2999999515635522
0.30000063153916723
0.29999910756882475
0.3000082581799779
0.2999986975008311
0.30000751488554633
0.3000020426505151
0.29999427223173114
0.29999716112069386
0.29999745569619385
0.3000035094899651
0.2999983556236453
0.2999993148092145
0.29999932127244633
0.2999980757248104
0.3000067548612201
0.29999477864186497
0.29999438293221614
0.30000546443747556
0.30000018453585386
0.30000130731629215
0.30000155536499173
0.29999597082480733
0.2999966591497134
0.29999400943763577
0.2999994372025059
0.30000044497275835
0.30000216943350744
0.29999823709445084
0.2999999446164051
0.3000076920960745
0.2999993804739639
0.29999847718108397
0.299994659357375
0.2999991787769085
0.2999827117629329
0.3000003956763182
0.2999956836334021
0.3000010427304821
0.2999997155294587
0.29999863228144774
0.2999999344295542
0.2999983480125671
0.2999994335497662
0.3000051256024131
0.3000086715762378
0.29999557612556504
0.29999881483679647
0.3000020559822667
0.29999852784320313
0.3000020204248772
0.29999802082486915
0.3000010602737613
0.30000495073691613
0.3000015603694136
0.2999984913048014
0.2999995422628099
0.3000042124049147
0.3000062290914368
0.3000011173994671
0.29999613525945223
0.29999464749550697
0.2999981773456988
0.2999986488260107
0.3000023082952469
0.29999476866786867
0.2999948167763702
0.3000022342290216
0.30000188180711596
0.299998456531019
0.29999525732378385
0.3000002149204577
0.30000402420611816
0.2999993833272676
0.3000027015600959
0.30000827491247883
0.30000114279021173
0.30000079884994835
0.29999310506975985
0.30000199641663616
0.3000036533493261
0.2999999900642042
0.299997019389878
0.30000362033341454
0.3000019075637459
0.29999798845628656
0.30000232449549546
0.3000066793299693
0.30000314153954244
0.29999905365625457
0.29999888982404965
0.29999983408543884
0.29999683764096785
0.29999807088392516
0.3000038380241171
0.29999952095494176
0.30000606113386763
0.2999868699743663
0.29999528769844597
0.299999512999337
0.2999984785080445
0.29999691486869084
0.3000003164431655
0.30000377853322935
0.3000029837042144
0.3000008785121546
0.30000066092537603
0.29999158063087483
0.3000003430008995
0.3000079627103869
0.30000163112558975
0.30000588056599575
0.30000367217636936
0.2999963866909975
0.29999428268334416
0.30000443067452776
0.30000269586018424
0.30000278016880133
0.29999861114727044
0.3000008768107285
0.3000089885983913
0.30000654705338237
0.29999903339935563
0.2999933145573572
0.29999701951833413
0.29999300732135015
0.29999612829302824
0.3000018284870738
0.3000019243525778
0.299998406450553
0.2999999349068717
0.2999950830808129
0.3000025378754404
0.3000007005650618
0.3000003392432532
0.2999972456005613
0.29999822183027325
0.2999985560852776
0.3000037852147117
0.3000004642363039
0.29999179343392546
0.29999603345215853
0.29999937331084325
0.29999620701503293
0.29999040588378956
0.29999899589745005
0.29999661871469485
0.3000010564635083
0.2999942491039319
0.30000608834231157
0.30000528857680897
0.30000094902670793
0.2999943497652473
0.2999988766076387
0.29999891840298043
0.3000012882962668
0.3000061193843899
0.2999999747611036
0.3000003364297342
0.3000031141936874
0.2999999963791945
0.30000142553565345
0.3000005424345674
0.30000104630124713
0.2999986410904938
0.3000007477494234
0.2999986528900479
0.30000049057503475
0.3000014858184411
0.30000089195988966
0.29999910058996104
0.30000426953379455
0.29999672071916106
0.3000031377929451
0.29999269966756215
0.29999695532063886
0.30000271296837777
0.3000006695258065
0.29999620071740885
0.2999972113164615
0.3000039412059786
0.3000000148414611
0.3000025883023454
0.299998347924435
0.3000039454630603
0.3000036589641911
0.30000137121499415
0.29999914238116965
0.30000397293148917
0.30000045432047884
0.3000002501305412
0.2999981386107127
0.3000022914021442
0.3000100444871666
0.2999993568355188
0.3000019537272721
0.2999983373443964
0.29999615511945044
0.2999982568909342
0.299997820408073
0.2999997847302046
0.29999898973627137
0.3000014081177975
0.2999928530300896
0.2999970984406869
0.2999996923124829
0.30000734170385335
0.2999950971118943
0.30000081108283294
0.29999762701498334
0.30000220693148116
0.3000005327941293
0.2999981833645199
0.30000125325218574
0.3000049176616544
0.30000185599861373
0.2999943956654142
0.2999987543126039
0.300002105233918
0.3000010294485175
0.3000058388029947
0.30000110377612377
0.2999944760609523
0.30000321154673437
0.30000066157360505
0.2999960288082687
0.3000006065081229
0.30000425307842393
0.2999988480997091
0.2999989938197578
0.30000549208847627
0.3000069866239863
0.30000275929437903
0.2999987130174946
0.2999998644600671
0.3000022131077501
0.29999121200463197
0.30000291512225685
0.2999993148262613
0.29999900988066075
0.29999852360392776
0.2999989670400559
0.300001999039743
0.2999999936558756
0.3000037640639104
0.2999988884398901
0.30000455461239095
0.30000077152049376
0.2999960049238676
0.30000113150056373
0.29999967384889636
0.3000021969333313
0.29999509756875253
0.3000017865868966
0.3000005082378724
0.2999986134047963
0.2999905546206475
0.30000018188209376
0.29999623819913157
0.29999865164083617
0.29999423281977866
0.2999973872554236
0.3000028236323715
0.30000176179672833
0.29999952609772496
0.29999923226168135
0.29999864306529467
0.2999963452440988
0.3000067101759124
0.29999984143618785
0.30000035152500093
0.3000016334719806
0.30000520603505143
0.2999992830842799
0.30000036085048276
0.30000336638335956
0.30000179651350467
0.30000263042955977
0.3000024829546787
0.2999965360130097
0.2999963125372468
0.2999991936050609
0.29999877702454236
0.2999973564677991
0.2999935559099025
0.300003255202817
0.300001079583489
0.2999965495712793
0.3000001079596386
0.2999976704121695
0.30000053970993656
0.3000002484697054
0.30000525621782725
0.2999994339321562
0.29999893423640245
0.2999967684190157
0.29999868412015385
0.3000040148056786
0.299996736081068
0.29999981561209665
0.3000011820649352
0.30000375558587966
0.300005448116634
0.29999514460556076
0.2999966598973349
0.3000026192287899
0.299996086115632
0.2999998399371051
0.3000031961727535
0.30000380966665174
0.3000019545181647
0.29999977968001235
0.29999881924690863
0.3000008011913514
0.3000012481837394
0.2999976973991214
0.30000220995755167
0.2999976738013608
0.2999989219642816
0.2999990083822386
0.30000208199004497
0.2999999436698617
0.3000023660639788
0.29999477706640243
0.2999992780132904
0.3000075021589149
0.3000024627356197
0.30000191444737245
0.2999997108544672
0.2999999988150912
0.29999895455047043
0.3000004423187549
0.2999994300931028
0.300005596328618
0.29999664103153223
0.29999737310760843
0.2999999525201944
0.2999997488645405
0.2999998039177886
0.2999994615476914
0.29999991218142463
0.30000164927098427
0.3000012770815387
0.30000116491845075
0.29999911129677925
0.2999969199484456
0.30000157003819483
0.30000743733794566
0.2999996512707075
0.3000018433850904
0.29999834875981957
0.29999458587462746
0.3000019211776602
0.3000002103993875
0.30000324907379283
0.3000078778273293
0.29999932659203865
0.2999986250996137
0.3000018919047539
0.30000638029433446
0.2999982038901815
0.30000052133406685
0.3000003651236822
0.29999612125647723
0.30000093578095965
0.29999833863604
0.29999590671757503
0.3000046004959016
0.29999684220384615
0.3000043010189719
0.2999977491981214
0.2999980389646284
0.2999992555687727
0.29999656973027966
0.30000313179774407
0.30000172474744846
0.3000059549514167
0.3000045208629928
0.29999958458205433
0.30000221854603537
0.30000194726945806
0.30000035194866637
0.2999982507351232
0.2999964097494079
0.3000005687925008
0.29999804161694243
0.2999993829040336
0.2999994498618376
0.29999939589675195
0.30000364340596475
0.3000067006772953
0.29999676310600376
0.30000392801463494
0.3000022196895259
0.30000035458456886
0.30000029886972135
0.3000031671980251
0.30000001032061696
0.300003339989829
0.3000026952106777
0.3000019026857247
0.29999937633386775
0.29999860335280704
0.2999973019794586
0.29999582845571515
0.30000181096668344
0.30000166486094093
0.29999772730455243
0.29999991716367447
0.30000069455472744
0.29999831623985174
0.3000048541835537
0.3000054512495143
0.2999990420535048
0.2999978629999167
0.30000114637178654
0.30000191408737953
0.2999978897104033
0.300002610984594
0.30000183360742105
0.3000004126745983
0.300001457109098
0.3000014857584762
0.300004566073654
0.3000010746826618
0.30000482040861065
0.3000003988501204
0.3000010516799102
0.29999856799671387
0.29999728726778796
0.2999984172299983
0.2999976142022449
0.29999935667634847
0.2999994416789137
0.2999972196239249
0.29999933999356476
0.3000003241402077
0.2999995787026115
0.3000032404724008
0.3000055752219325
0.3000016230871748
0.2999981727617792
0.2999987705414281
0.30000329244401835
0.3000019234809893
0.3000006866690862
0.30000291269730006
0.29999939506730533
0.3000015410111492
0.3000020666679091
0.2999982278234542
0.29999903496487534
0.3000008871476799
0.30000007259085704
0.29999818829423075
0.2999991750970147
0.29999646352517306
0.2999988188898466
0.30000442428322804
0.30000013611036025
0.29999924955017954
0.3000026894894816
0.3000000826946604
0.30000402400719783
0.3000013891689941
0.2999987629666544
0.29999414120462986
0.3000000604484666
0.30000624871861836
0.29999580131210113
0.2999969057926559
0.2999969977288729
0.2999961234006707
0.29999429071578065
0.2999962469548012
0.30000642070171224
0.3000023223031141
0.3000039642944645
0.2999991461854268
0.3000048367618927
0.30000005521146833
0.3000015470685007
0.29999898993987495
0.2999991137751348
0.2999980709685133
0.2999963502208446
0.2999998895956538
0.30000371168125517
0.30000158164086854
0.2999989239672848
0.30000081585559124
0.29999762712830347
0.300000828071708
0.3000012827655193
0.3000014585417905
0.30000047097567206
0.29999518476300213
0.30000206737900303
0.30000271522672706
0.29999735700169206
0.30000048342242946
0.30000156099530084
0.3000016505926928
0.3000018836450066
0.30000055677147064
0.2999984390768189
0.29999858882895314
0.30000253347269323
0.2999990256934588
0.3000025508724835
0.30000119403848535
0.3000012020662154
0.3000020515056352
0.3000045736977729
0.2999954853157343
0.30000303124257666
0.30000224248806273
0.29999484247118857
0.30000207332277573
0.2999957461853082
0.3000012164221403
0.3000025458679293
0.2999986277050751
0.30000216201244456
0.30000244509256024
0.30000055063211917
0.29999718818871224
0.2999996430541222
0.299999927011114
0.2999987826819973
0.29999871249924437
0.29999584176934113
0.2999995076243447
0.2999925547303165
0.30000431729444166
0.300001110402057
0.3000007960754517
0.3000027806165626
0.2999960582529617
0.30000587363527864
0.2999988669975816
0.30000067546105624
0.3000010722228491
0.29999969792440684
0.3000008844540527
0.29999234501451655
0.2999976810150006
0.3000004544820173
0.3000003958554558
0.3000002302306567
0.29999950554230204
0.2999998997374743
0.2999992009907877
0.30000058764242943
0.30000518794008624
0.30000168698030116
0.3000031022149693
0.30000012524024755
0.3000014163570526
0.30000020128030325
0.299998888364682
0.2999999944751349
0.30000240087348895
0.30000164330232115
0.30000110383562095
0.2999978708671919
0.2999999992450634
0.3000040465045264
0.29999933029560666
0.30000118497312744
0.2999968770863556
0.3000042458128419
0.3000014020297984
0.299996490580406
0.3000020876605374
0.29999853327456316
0.29999951957123316
0.3000031231855994
0.3000002521413496
0.2999996947062161
0.29999791341695403
0.299999614743923
0.2999979111548621
0.2999933377020154
0.3000004229349642
0.2999995818074396
0.30000867893110794
0.2999966219316721
0.3000009184656195
0.29999754963804415
0.30000321320831214
0.30000218051437333
0.30000574530590507
0.300001706656126
0.30000023438953594
0.29999977811677403
0.3000016537142508
0.30000302831828973
0.30000305828714513
0.30000059735438445
0.2999996413453946
0.3000018571439247
0.29999713499835334
0.3000028729117339
0.2999981998266513
0.30000422469378385
0.3000025426535836
0.30000055167893924
0.2999971596656108
0.30000497052192177
0.3000023880174243
0.29999659965411274
0.3000013522643853
0.300003040104864
0.30000155698829145
0.30000542954791276
0.30000045649711315
0.30000000120171744
0.30000002282610005
0.29999972427779487
0.3000020012018304
0.29999876438911943
0.30000100188628676
0.29999799182975817
0.30000090833861126
0.29999760462323977
0.29999876478239995
0.299999641597513
0.3000008938396429
0.2999965928124283
0.2999980860308359
0.29999898073467135
0.299997037206289
0.3000022725732113
0.29999911964642345
0.2999941355503192
0.2999976378472612
0.30000351027226757
0.2999946485180026
0.30000264902055673
0.3000013038665742
0.30000233106128504
0.3000014032394336
0.30000404027494476
0.29999886626852146
0.299997849274964
0.3000021786050957
0.2999986821552807
0.2999963504800627
0.29999843373883395
0.30000184779016315
0.2999985608946222
0.3000019130322453
0.3000000415180071
0.29999407457195615
0.29999827630811016
0.2999998737407321
0.3000009809906541
0.3000012464373565
0.29999788572116803
0.3000037976844533
0.3000047646819807
0.3000003949719745
0.29999591973788176
0.30000282682260115
0.3000016832637219
0.3000003006209372
0.299992830517817
0.30000064427560325
0.29999972444303613
0.29999762102458905
0.30000249709918125
0.30000236005766767
0.3000028446650773
0.30000071525941163
0.3000006225165339
0.29999777045456977
0.3000018922654808
0.29999778453193726
0.3000006137197716
0.300001697302809
0.30000057819644743
0.30000277601279546
0.2999984409426796
0.29999750752246346
0.2999998515295266
0.30000151913665496
0.3000030016847135
0.29999813353793237
0.2999945457216405
0.2999958957936636
0.30000032518931086
0.29999848061539547
0.29999673799873305
0.29999774775909716
0.30000380481601174
0.30000445713735713
0.29999731764884896
0.2999999777964082
0.2999963122707924
0.3000035506448018
0.2999985237767665
0.30000231223592855
0.2999993441493126
0.29999475627847916
0.2999973619298699
0.3000012250564872
0.3000017426509024
0.29999847166674376
0.3000027451924979
0.300002535843108
0.2999987207014325
0.30000220206250816
0.2999990976881636
0.3000019889209292
0.30000035485686316
0.300004766446726
0.30000042464557697
0.3000024614585436
0.30000318637930845
0.2999997774873693
0.2999978673508571
0.30000031105572833
0.30000029908375403
0.30000284025699075
0.30000120027821287
0.2999982551044703
0.2999994504851321
0.3000025953980008
0.3000037210444807
0.3000000166851534
0.29999890822882125
0.2999995593903375
0.3000002369981929
0.30000379097662844
0.29999569725751296
0.2999980385711336
0.29999299745117425
0.29999915492209894
0.3000014369374824
0.2999970554433695
0.30000097811604187
0.2999992362979206
0.30000067710614575
0.30000192860404673
0.30000059392801215
0.3000029085556891
0.30000462471979294
0.2999975725855337
0.30000330526788266
0.30000071075011625
0.30000096483933025
0.2999986287044786
0.29999957394633636
0.30000035897596855
0.30000048516404354
0.2999970489251781
0.2999979851983413
0.29999572667531726
0.2999993012368992
0.2999999467289427
0.30000496702663737
0.29999714345996886
0.300000843999365
0.299997156560767
0.29999755789050686
0.2999951469237907
0.29999766370242187
0.29999869780510036
0.2999970470507525
0.30000245422283667
0.2999995862425794
0.29999881002674533
0.29999897863543057
0.3000045980857603
0.2999978692022278
0.2999998668307975
0.2999975609836175
0.3000000148249534
0.3000024599958764
0.2999972279372487
0.30000232134589855
0.3000002608198147
0.300002072167207
0.2999994269248645
0.2999983435972392
0.300000125272994
0.3000002219373653
0.2999935334934717
0.29999706915575086
0.29999733996583433
0.29999168639503204
0.30000345051959154
0.2999981506391448
0.3000003588781911
0.3000026465029386
0.2999977462698673
0.2999984651420218
0.30000065565868095
0.30000097737338993
0.3000007398046437
0.29999910448442757
0.29999963298893095
0.3000033554487126
0.29999702145411267
0.29999658772554316
0.2999966963608557
0.29999706295634354
0.2999954787278779
0.2999954547846243
0.30000003161606914
0.2999994386009426
0.29999409869598836
0.2999991702515148
0.299998561483511
0.30000002009207705
0.30000609783762744
0.30000562863633495
0.3000008732147582
0.2999985761961462
0.2999998834504508
0.3000027642621057
0.30000089875724256
0.30000107100841455
0.30000165796956124
0.30000119292530003
0.3000001281318184
0.29999626715048155
0.299998297192821
0.299995134877332
0.2999976578736019
0.30000017584263994
0.29999859293724684
0.29999428665819805
0.3000012709597366
0.30000072787542575
0.29999909407597947
0.2999991598918761
0.29999940909548384
0.2999981391972769
0.299997647927729
0.2999984399561386
0.30000120145225884
0.29999923402270035
0.29999913739878414
0.3000016574276968
0.30000285569433716
0.3000036636261282
0.3000063552905826
0.30000441293502167
0.29999832526734194
0.30000011150448447
0.3000021015024673
0.29999957443021963
0.2999989657550727
0.2999998505758642
0.2999985931968898
0.29999936048158515
0.29999755647620807
0.3000011879588911
0.30000130984553763
0.29999859785964056
0.2999998822994022
0.2999985687776363
0.29999247166887855
0.30000116831481083
0.29999895988192293
0.29999841073346367
0.3000045764573287
0.29999852954285
0.2999963751848319
0.2999996330219433
0.30000100602720325
0.2999955609147218
0.2999976848068684
0.30000346363094255
0.29999797138943607
0.3000047609612575
0.30000074659251674
0.30000442156210894
0.3000025589688978
0.2999947414177927
0.3000048971834558
0.30000249683727576
0.3000024977684731
0.30000012346538585
0.30000588443458254
0.30000142900474325
0.3000005354755897
0.29999930199060365
0.29999633667533787
0.2999927927263427
0.30000045862093305
0.2999953596899283
0.29999587406992256
0.300002606680417
0.29999858489591147
0.29999997091389197
0.29999912579402843
0.30000152952159365
0.30000016574916133
0.3000014854202093
0.3000011486249463
0.29999798037449377
0.29999601686727484
0.3000038066633923
0.30000002996830344
0.29999974250977146
0.30000201674697113
0.3000016388178711
0.30000078009544884
0.299998772604261
0.29999772195130436
0.29999681345123375
0.29999901155011155
0.3000002990246765
0.29999872825446927
0.300002028512268
0.299998481189927
0.2999973996825913
0.30000241174429265
0.3000013061865259
0.29999461162874297
0.3000000952907631
0.29999727769451745
0.30000156544915346
0.3000007322296173
0.30000592131717274
0.30000496095899143
0.3000007360655298
0.300000415914084
0.29999799868626875
0.29999906157431055
0.30000149372946394
0.29999736615811445
0.2999995485442165
0.2999950509150764
0.29999506699610323
0.2999984744750914
0.2999992442752132
0.3000001528025944
0.3000033387291642
0.3000028797397276
0.30000537529723903
0.29999874050169584
0.30000084493897194
0.30000682055796046
0.30000301317804623
0.29999940099289124
0.2999979088047603
0.29999838051117067
0.2999973715838974
0.29999574083328495
0.3000013520758821
0.30000039055343963
0.30000163814330194
0.30000147026680757
0.29999763926865153
0.2999947704352296
0.299996847379123
0.30000077264240377
0.3000018778337472
0.29999894265569926
0.3000004536841727
0.2999986566885252
0.30000383362156313
0.29999979609770855
0.30000113513713145
0.2999982698378938
0.2999971253949183
0.30000171720463453
0.2999992872430697
0.30000007735068956
0.3000006042589479
0.3000013620463978
0.2999983137805937
0.30000003077323856
0.29999943579737265
0.3000001811722931
0.300000197614829
0.30000030114064336
0.29999708924441015
0.29999854564691486
0.2999996341360446
0.2999983098385862
0.3000007458973575
0.2999996851447646
0.2999984053290584
0.2999984633722004
0.30000060424132613
0.2999983112193957
0.30000367087292357
0.3000070799519793
0.30000229413706747
0.299996733624346
0.30000156896543717
0.29999569483515476
0.2999973505534712
0.2999967689869809
0.30000092695430847
0.3000002286231195
0.2999952319129837
0.30000080809320007
0.2999985163094647
0.2999998529107949
0.2999992505275564
0.3000016640070362
0.29999643999816716
0.30000056073111714
0.3000013870344158
0.3000024470691601
0.2999954338366848
0.30000239480842916
0.3000009422261334
0.3000014892607856
0.29999933393235756
0.2999981029779675
0.3000027361759878
0.2999978270522726
0.29999977916334575
0.2999953185712255
0.29999985191067047
0.29999827081962593
0.29999910028151777
0.3000021175305574
0.30000229469756323
0.29999840722254467
0.3000024224852357
0.2999997151560242
0.2999978133083252
0.2999995172464264
0.2999982235345222
0.29999728240270196
0.29999635607075215
0.3000004785789768
0.2999997886530993
0.2999971322928626
0.30000097537725423
0.29999814407463943
0.30000298121163194
0.29999801679327043
0.300001173820451
0.30000004494900245
0.3000017838825728
0.30000133824647546
0.2999994599538415
0.2999978114667743
0.30000015750326514
0.30000493729237765
0.3000015318062297
0.3000025698078257
0.2999990541608827
0.30000330173196
0.2999967591436067
0.3000005066635334
0.2999997922704257
0.29999596802031925
0.3000010586536511
0.30000228897474024
0.29999914366225244
0.30000078948745035
0.3000014567664162
0.2999969718258739
0.2999978679004657
0.3000036069526164
0.29999796312349114
0.2999974123212029
0.299999365728449
0.29999831865094706
0.300001454624502
0.30000241960608887
0.29999422673802323
0.29999889159437554
0.300002712175506
0.30000017626527153
0.29999890761391734
0.3000006062218544
0.3000007975225273
0.30000125141620393
0.2999982217327378
0.29999881975685694
0.30000132109185207
0.30000055641442236
0.3000020279232658
0.299997884552188
0.2999982176624868
0.30000259540998764
0.30000163172843963
0.2999944232447922
0.30000097519585345
0.3000024331161457
0.3000016307894334
0.29999732881477525
0.29999792550890225
0.3000041049869613
0.3000034420858001
0.30000119964831395
0.30000066923304114
0.30000058194194257
0.2999970916253917
0.3000041026164417
0.29999783840052174
0.30000077020139204
0.30000064350697997
0.3000003955300832
0.3000014498124277
0.29999554442547416
0.29999983874521396
0.29999793261311225
0.3000012862308935
0.29999920366058364
0.2999997918775592
0.3000008677197332
0.3000001781509286
0.29999930425816845
0.30000177014864526
0.2999964601384377
0.3000047885380669
0.30000373969156136
0.30000052134126654
0.2999977658317988
0.3000007623409664
0.3000017749508874
0.3000001417146423
0.29999861044408316
0.29999790032370743
0.29999912562393893
0.3000012693639298
0.3000006942090335
0.30000280374484833
0.3000000490519207
0.2999982522814927
0.30000048803016865
