0.29884685339928474
0.29880175231996275
0.2986928921985058
0.298652246742115
0.2986043898762796
0.2985620388531993
0.2985649551199765
0.2987241257751835
0.2987540921248426
0.29875520408211975
0.2987497088081372
0.2988681708701705
0.29902888591889054
0.2991872609326759
0.2993871202222652
0.2995653574840351
0.29979936854163636
0.29993192895517085
0.30002049775933537
0.30021870358369984
0.3004215624258718
0.30052898853358934
0.3006983944370113
0.30082643384034113
0.30097313766422884
0.30104858459119355
0.3012224005614704
0.301258417200994
0.30122156219891416
0.3013044474006715
0.3012011259142088
0.3011908566478758
0.30109194114000515
0.3010108221707549
0.3009127577151248
0.30075998319093555
0.3006448293490104
0.30062583054062886
0.3006478685172702
0.30050259422090964
0.300499878221681
0.30041543022363726
0.3003299665042767
0.3001742007690984
0.3000825250331499
0.3000370203825071
0.29989223066767845
0.2998297248565639
0.2997485609107463
0.29961155952749263
0.2995109130909265
0.2993656306534953
0.29929153243087636
0.2991927157352732
0.29914846486407265
0.29912821001380663
0.2992873604607744
0.29925957584400786
0.29922442275394334
0.2992582002481886
0.29920970599874896
0.29927913961418107
0.2994023470438434
0.2994897919230103
0.2995327258764805
0.29966138594267766
0.29973294971827613
0.29969548090348386
0.2997422939008113
0.2998654603985821
0.29992892262051096
0.30004085796614544
0.3001610790916146
0.30023159723228665
0.30024689316898
0.3004660674889381
0.3006422771287124
0.3007433619850596
0.3007223132062017
0.30086207182851465
0.3008803044094057
0.3009096228497875
0.3009572262488872
0.3009038247619664
0.3009358260559758
0.30096221358470143
0.30098498098782656
0.3009001690147647
0.30094433752745997
0.3008864793045264
0.30084697098788404
0.3007908778078954
0.30068218797684443
0.30064838309496267
0.30049889285274944
0.3003464896890681
0.3002528456634216
0.3001255866887049
0.30003038161567563
0.29983944180527233
0.29974890215255745
0.29955542096055177
0.29954965722522353
0.2994496520454272
0.29941649539492377
0.2993379978174673
0.2994133329974147
0.29933335177312115
0.29935925428283494
0.299470137071819
0.2993296354985979
0.29936769162261656
0.29933023536488657
0.2993110830251742
0.29937583311386684
0.29942379704303634
0.2995263149289542
0.29954543394851596
0.2996017875067708
0.29968286042669356
0.2997828410673248
0.2999207812458804
0.30007983225500834
0.300217235711954
0.3003050891576372
0.3003601923745509
0.30037875850283025
0.3004717957981222
0.30055149833270756
0.30059051016886884
0.300757157989474
0.30071334200865807
0.30065600795574887
0.30063947307356564
0.30065581233754535
0.30057122227971467
0.3006103527851751
0.30056384959360005
0.30044379468538207
0.300433803037534
0.3004204222560809
0.3003654942486179
0.3002950695473535
0.3003258959345243
0.3002706035039837
0.3002102922893415
0.30012685908942116
0.3001082319864704
0.3000831153516679
0.3000628055914333
0.3001128279029568
0.30004556344229405
0.30001996626322514
0.2999978113598982
0.29990543193415575
0.2998384967734399
0.29978052749302997
0.29976824221602194
0.29965998507037006
0.29960671461059607
0.2995505447387534
0.29959769211100573
0.2996267165269808
0.29959202545209584
0.2996443078198878
0.29965516367013456
0.29959891562123475
0.2996112787219367
0.29961567583278836
0.29956978746040563
0.2995557774337154
0.2995753703110853
0.299642680215396
0.29967888157420797
0.2996800485618102
0.2997530299248886
0.2998017846477292
0.29988546298283814
0.2999368354994404
0.29997297953473523
0.2999645473374487
0.299967988724158
0.29997404214203427
0.2999984934181903
0.3000329290671012
0.3001080840607868
0.3002096144617935
0.30031154777737945
0.30029469228994077
0.3003743034200448
0.3003761062536876
0.3004060050116639
0.30050128571855717
0.3004894115735045
0.3004773489316189
0.30046253409102186
0.300415959458612
0.3003677788065201
0.30033675472616683
0.30026235258572265
0.3002527906648875
0.3002587553478081
0.3002098199667319
0.30017942994920055
0.30015408226085427
0.30013244823560403
0.3000950714125694
0.3001317693088146
0.30008599671843583
0.3000171984400595
0.30001760876647987
0.29994465457215647
0.29999572442355127
0.29983277667023
0.29979725415786596
0.29973626315604207
0.2998039786069604
0.29983035512075007
0.2998667967095435
0.2998731102483633
0.2998746703957791
0.29984500204438047
0.2998473890740161
0.29980009320724543
0.2998469588232139
0.2998962935316333
0.29988595152814945
0.2998784526796002
0.2999248721782827
0.29986101083258476
0.2998687611523786
0.29990148393598726
0.29996337839058684
0.30002239291568567
0.30006517069928784
0.3000745326342098
0.300032507530983
0.3000219472084922
0.30003253312510225
0.3001074089596577
0.30010527324699465
0.300142514416327
0.30006983303629764
0.300050274273428
0.3000232346276289
0.3000098989615234
0.30003131320522314
0.29995169452570647
0.29994789497840413
0.2999025038012255
0.29989525998563626
0.29988944142039764
0.2998804645935488
0.2998255871058434
0.29988006198813855
0.2998527655722273
0.29984416439689
0.2998198000593705
0.29976090856559445
0.2998078275271375
0.2997802533738906
0.29977127711259943
0.2998478111541999
0.29987426619395596
0.2998719654954466
0.2999054963125817
0.2999782534859571
0.3000121190904552
0.3000256658574215
0.30008201290725445
0.3001195382927597
0.3001530309927488
0.3002061909272461
0.3002286451790489
0.30029727952420904
0.30030863768945315
0.3003207522470912
0.30029420085647995
0.3003338094006087
0.30033479255382456
0.30038280951539
0.3003359983675785
0.30032362145555336
0.3002857263657326
0.30026880452105054
0.30031710105640586
0.3003655162802191
0.3003210244505724
0.30031276507955595
0.30036924082758454
0.3003363052465864
0.30031349447502
0.300234759928091
0.3002307349380795
0.3002833982482904
0.3002086834288892
0.30015215368882053
0.3001483543093475
0.30017690812685904
0.3000933940575291
0.3000413795531819
0.29999196650342197
0.29999412835429307
0.29993095885261956
0.29988684478107774
0.29982463587310726
0.29978076447140933
0.29975950588425637
0.2997324351878419
0.29975626830672686
0.29970634612873914
0.2996581951683639
0.29962034714777597
0.29961480308382593
0.2996761491053843
0.2997040651146623
0.2996908181565239
0.29967144971512993
0.2997277561202092
0.2997750092592847
0.29979273724037603
0.29985308660215215
0.2999418498411198
0.2999446282254524
0.29989455584347635
0.2999157388183369
0.2999505985070612
0.2999808968273997
0.3000281266344895
0.3000638921891534
0.3000474831013058
0.30007867416646206
0.300154688018027
0.3002209892893386
0.3002637681821726
0.3002406554111554
0.30027182995128676
0.30023504239636534
0.30027097104537714
0.300229912763452
0.30025173640463043
0.3002680941893321
0.30027828983587723
0.30027301772381865
0.3002543378099145
0.30026279089481034
0.30024179349680813
0.30018433100219555
0.3001629014852282
0.3001436559780132
0.30012950691975515
0.3000391388676449
0.3000702125202429
0.3000084139145842
0.2999797274338414
0.29993182387404926
0.29997921639482084
0.2999060203546815
0.2998357342076411
0.2997873224637774
0.2997818480048001
0.2998011561638293
0.2998330537125744
0.29988505921101993
0.29989138447386166
0.29983911261706475
0.29985667514606995
0.2998767252940162
0.2998433011395917
0.29982108580509825
0.29980337103428467
0.2997912734731716
0.29982359315496976
0.2998410358647148
0.29984350393751
0.2998688972455982
0.29993096598210167
0.29995925504257936
0.30000818047761546
0.29999225929596773
0.30002936690978954
0.3000592797959034
0.3000771807504564
0.3000961402172515
0.3001133028042893
0.3000980830140454
0.300127018660851
0.3001808554099258
0.30019922581259595
0.30016209877872047
0.3001928307320768
0.3002473082329794
0.3002552931553446
0.30026177674166044
0.30024020383135286
0.30020713865127613
0.30025602569733423
0.30027465421227806
0.30027373904390864
0.3002373417486818
0.30022617907698546
0.3002385206868574
0.3001965746221049
0.30016391946843646
0.300161330371819
0.30011772421527416
0.3001100730639046
0.30008056445670617
0.3000356727033563
0.300052634804969
0.30005290671440665
0.300039821534279
0.2999503631395696
0.29991223866886674
0.29985543581416463
0.2998401613094819
0.29979050239831084
0.29977760018766675
0.29978708330213355
0.2997695036658713
0.2997425572109812
0.2997030628232559
0.2996649523195969
0.2996863850813567
0.2996999462828449
0.29967785815055836
0.2997106832791465
0.2997793153627607
0.2997914546335433
0.29976418656540305
0.29980030214357645
0.2997260171843452
0.2997268969760023
0.2997530506596695
0.29974805793378656
0.2997983959725349
0.29976405830746644
0.29982507089745203
0.29981096771454663
0.29988349536748027
0.29991061743674685
0.2999492513495917
0.29995186021563436
0.3000484176985174
0.30005850950470614
0.3000942732029782
0.3001552884469356
0.300212204695927
0.3002322991428884
0.3002923040565869
0.300313306077456
0.30031830294611606
0.30035975837530937
0.3003905387961501
0.3004432017203744
0.30050275561330786
0.3005103746198029
0.300537530421062
0.3005495047223611
0.30053169673578073
0.30051850578966854
0.30043022992016044
0.30043358792107333
0.30037125239691265
0.3003671118240545
0.30032991321123026
0.30031648542576583
0.3003018047931695
0.3002826122610758
0.3002465819034854
0.300233030756888
0.3002233355807845
0.3001451751591274
0.3001570452028204
0.3000760139728823
0.3000623379939842
0.300033225582902
0.30000254949842053
0.29999864256451025
0.29998957050522035
0.2999229488156152
0.2998993687976854
0.29982167740286414
0.2997743217789961
0.2997499638701653
0.29971318394007584
0.2997254665747022
0.2997301160091772
0.2997092013567958
0.29968207559972326
0.29961413047584573
0.2995911811124997
0.29953538367047383
0.2995178237382584
0.29950531726840113
0.29948120924024135
0.2994605045485752
0.29947481493895245
0.2995210626014595
0.29952326165734144
0.2995365112890358
0.29955151756644915
0.2995580233728583
0.2995946192653215
0.2996219902012913
0.299651520331192
0.29966274446014063
0.2997025042584608
0.2997555426046682
0.2997897912726687
0.2997980267348407
0.2998614722290386
0.2999336169926615
0.29999375448267496
0.300073828081879
0.30014346776966017
0.3001937168330816
0.30025207023100386
0.30027585167209414
0.30029942992342284
0.3003096473325749
0.3003540486660551
0.300354616855401
0.3004213588882292
0.3004074983029943
0.30037181405735636
0.30039708054931735
0.30041253940776824
0.300429645052548
0.3004407538674204
0.3004168857806082
0.3004121821725445
0.3004087806980482
0.30038978852553233
0.3003737832071678
0.3003425008306896
0.30035590117526667
0.30036672791283614
0.30034046211067966
0.3002221482026305
0.3002250928949325
0.30018660249548357
0.30010506765770517
0.3000250781218847
0.30004899695806486
0.3000245007842949
0.3000076065012689
0.299932962660319
0.299915141576496
0.2998744645974236
0.2998555636574243
0.29990069635940975
0.29987569059395136
0.2998722238260101
0.29984886130469146
0.29979658921572894
0.2998148569665776
0.29980556753995347
0.2998214944658977
0.2998773919038016
0.29987396365765717
0.29985267384690806
0.2998574538219214
0.2998330789991347
0.2998285702845386
0.29982569707835294
0.2997872612443878
0.2998187281857281
0.2998253744895183
0.2997893411426785
0.2997581058328689
0.2997382063979742
0.29972484770844754
0.2997750076805853
0.29976002898379883
0.29976187748604566
0.2997680386775633
0.2997956305889171
0.29982888325684875
0.299828807945011
0.2998500451516064
0.29988918302559653
0.299895387087474
0.29993643511870105
0.299966153453025
0.299992110737911
0.2999740069759176
0.3000300251354565
0.3000602023250548
0.3001004424433281
0.3001379516759034
0.300171472270674
0.30013338130415435
0.30014051613263437
0.3001287191807155
0.3001448896415714
0.300185314284919
0.30019761568543346
0.3001933410582164
0.3002225675372995
0.30025319475880163
0.3002567290934305
0.3002735169437094
0.30028709691430777
0.3003135968709998
0.3002742915749588
0.3003194020066967
0.30033874343902356
0.3003195312760929
0.3003351847599308
0.30030847766368174
0.30030362664765253
0.30027346139620625
0.300241918166018
0.3002713597096869
0.30025816499154145
0.3001712406846797
0.3001376137051873
0.3001138152019751
0.30016469594693096
0.3001736156769237
0.3001692078937108
0.30013117602941086
0.3001237286035403
0.3001474387764772
0.30014328162952975
0.30012279039148737
0.30009032360718146
0.3000777105543556
0.30008189293915877
0.30009969038401996
0.3000426619455562
0.29996336979533555
0.2999406508929069
0.29991057779804164
0.2998573338896342
0.2997986977030549
0.2997715542914122
0.29974843329853684
0.29969155727656294
0.2996744605227819
0.29962609120093475
0.29960943747041335
0.29957000279202817
0.29953115945191544
0.2995478704225032
0.29956510391118174
0.2995755025080462
0.2995558432057528
0.29956776254534945
0.29959332998741506
0.2996315229623431
0.29970195216940143
0.2997351500190969
0.29974257639582025
0.29973559969126695
0.2997733629894239
0.2997979045883872
0.299837663553677
0.2998108428640651
0.29982984659784406
0.29987222067641583
0.2999557258502348
0.29996279788033153
0.3000065119301898
0.3000549993581384
0.30006020661748456
0.30005974922887513
0.3000947617713575
0.3001315185014246
0.3001247356013622
0.3001331641686663
0.30017987593322726
0.3002125416667437
0.30020568174480033
0.30023190807725
0.30028773515236684
0.30029532142653437
0.3003099720771545
0.30032351299084115
0.30028880695193927
0.3003050482219032
0.30034945503563193
0.3003636217083655
0.3003609006597818
0.3003328698317258
0.3003342066317638
0.30034657729549186
0.3003454485345146
0.30032037710714654
0.3002934603517461
0.3003227753365584
0.30032726683714495
0.3003057454319953
0.3002885742546634
0.30026252192311653
0.30020790037595
0.3001944843622121
0.30015808674744904
0.3001469681640545
0.3001173106618209
0.300111681749202
0.30009787481632166
0.30004390573927353
0.3000457650731869
0.30000673059503247
0.2999850051702603
0.29994736373744635
0.29991227050495606
0.2998679945808661
0.299897368209586
0.2999007457640426
0.2998555325410561
0.299838577272622
0.2998003282923992
0.2997983173303419
0.29976117879427855
0.2997166058857247
0.29971710499486703
0.2997136878896154
0.2996840951930888
0.2996918351756591
0.29969534769496065
0.29968976238263445
0.29970462081943716
0.29971219843559205
0.29970346902019185
0.29975552973707953
0.29978772528598463
0.2998264483344132
0.2998627230924966
0.2998604668895126
0.2998802518042939
0.29989978302674203
0.29986387825852834
0.29988217918284577
0.29991663423496373
0.299953234966408
0.29996662032512245
0.29997695748817654
0.29998926172045526
0.29999909313482753
0.3000267786923241
0.3000639423485556
0.30005984325796065
0.30004087158592485
0.30005596601378215
0.300102375457866
0.3001346401289122
0.3001358302602767
0.3001407445530079
0.30011112422243635
0.3001550131755819
0.30018391897492513
0.30018683691896375
0.3002025004334772
0.3002392688495178
0.3002453099319793
0.30028016229479837
0.3003203589740958
0.3002770953454621
0.3002755278830537
0.30023688965339534
0.3002233751464197
0.3001933316751817
0.30021722675272633
0.3001886794025158
0.300174783814416
0.3001789841748458
0.30014704401534176
0.3001760665696044
0.30012928336881173
0.3001140765043596
0.30007748905746245
0.3000550597213846
0.30005320430920546
0.300007560721013
0.3000022242665952
0.2999689563450444
0.29994980563466045
0.2999502249583613
0.29995551109237806
0.29994674840058455
0.2999308017280833
0.2998859343147978
0.29986794237312553
0.29987017252537207
0.29985814997184634
0.29985092612842423
0.2998671969427805
0.29985329225548707
0.2998351539303147
0.2998333503050753
0.2998175127473196
0.29984355572019217
0.29983410644664965
0.29985193557534917
0.2998489811913523
0.2998328647895112
0.29983228806002993
0.2998502359508032
0.2998281888161666
0.2998234233059791
0.2998016568864911
0.29978070194514317
0.29982450127489924
0.2998305028462218
0.2998110141512148
0.29978951968722445
0.2998014439728367
0.29982158741243836
0.299819108467008
0.2998284018468116
0.2998344617080322
0.29980817958852857
0.29982100852409554
0.29984732258943325
0.2998596641559318
0.2998921612250184
0.2999077497278271
0.2999494934138105
0.2999247636470571
0.29995852249760135
0.2999767589241831
0.30000775090397236
0.3000794849870203
0.300117678669383
0.3001220336653738
0.30014059489595313
0.3001497166258541
0.3001610723565684
0.3001459836357512
0.30016381395139113
0.3001880194497497
0.3002355542372256
0.3002668606696556
0.30028284266908944
0.3002922155448525
0.300282593882362
0.30028855530593324
0.300275575640921
0.3003010864925444
0.30032447607743784
0.3003303572711209
0.30034793404774174
0.30035618303774203
0.30034769943901196
0.30034659132313657
0.3003268210283324
0.3003379714661977
0.30031424224482894
0.3003046039724091
0.30026928299410927
0.30029699888677575
0.30026745659407694
0.3002424859169739
0.3002107053881602
0.30017678054740404
0.3001410596862141
0.3001047183683504
0.300093609753716
0.30006852520617644
0.3000263649785614
0.2999956978722669
0.2999541504774734
0.2999289980062715
0.29987265324867274
0.29980301222084904
0.2997803957439683
0.29978715416286816
0.29979273451989763
0.2997533537132767
0.29973468897767397
0.29971510056913575
0.2996970968802132
0.29968776869691627
0.29968149794945254
0.2996726837182342
0.299686677929624
0.2996596526914703
0.29967575655156053
0.2996854878164026
0.2996949990634661
0.299709243943146
0.2997372022213327
0.2997599491273345
0.2997717368391001
0.29978976451775563
0.29980438536885257
0.29980188622307347
0.299825047884689
0.29981522754070333
0.29983618792041167
0.2998645672518301
0.2998628517835151
0.2998990347877928
0.29992235991173033
0.2999661953576058
0.29998827872825495
0.299989147882579
0.29997900683817835
0.2999489501890925
0.29998783580462773
0.3000264294385826
0.30009388431337036
0.30011231150161444
0.30016571286582516
0.300194952915646
0.3002109261167316
0.3002485506422299
0.30027021177304813
0.300269618727659
0.3002832045131687
0.30028009218456886
0.3002769229258654
0.3002906321368033
0.3002934696734083
0.30033495408433175
0.3003431539806536
0.30036507188122175
0.300383749298871
0.30036266846381443
0.3003632604553461
0.3003491802688375
0.30029842458534417
0.3003175481910836
0.30028642662638727
0.3002695541803352
0.30025756436108275
0.30025646386327676
0.3002246960070091
0.30020188203114395
0.30018541652074004
0.30016754231949705
0.3001604608042572
0.30013414428869034
0.3001058074380497
0.3000971530766936
0.30007358660769534
0.3000243844690652
0.29999629495747393
0.2999546896442482
0.2999309133593393
0.29989706695797036
0.2998437712611097
0.29980853034469424
0.29978903434960824
0.29977592907285056
0.2997500987483045
0.2997447273653089
0.2997278282762179
0.29975094144150094
0.29975511109414255
0.29972805169193195
0.29967529585820507
0.2997419865816653
0.2997120275432321
0.29971759709963
0.2997106210681595
0.2997150498393715
0.29975257905485986
0.2997806959601691
0.2998062438866529
0.2998198186741714
0.2998166234594227
0.2998334954669024
0.2998229466903294
0.29985737277759295
0.29986137991492
0.29987126232235284
0.2998775130108886
0.2999281361739843
0.2999232243462002
0.29996190522329014
0.29998630012471117
0.2999705341090745
0.2999991718602769
0.29999775529597017
0.30000641830896
0.300023898522532
0.3000204462164695
0.30004655089367493
0.30006870771366045
0.3000812309852562
0.3000752863347006
0.30009476931149714
0.30008095756584185
0.3001021125298676
0.3001165459464177
0.3001185830144145
0.3001365837665483
0.30012987127747504
0.3001235486783861
0.30010530235966126
0.3001068641123422
0.3000984854070966
0.30009286115627476
0.30008278576088965
0.300061797673008
0.3000505770767594
0.3000509094339142
0.30007126601171663
0.3000550996531157
0.300041144148824
0.30004697503108213
0.30001301132581093
0.30000720382373425
0.3000141624758821
0.30001131665912084
0.299999310076547
0.299985831951876
0.2999994897952004
0.29998150813151647
0.2999893758107882
0.3000070288020066
0.3000226081720817
0.3000191381755094
0.3000078504665038
0.3000102203224375
0.3000202462144803
0.3000073288214389
0.29999858071080476
0.30001546273109325
0.30000039958185554
0.3000084629127795
0.29999548947106547
0.30000053579461805
0.3000054284000394
0.2999935102830462
0.30000093773584136
0.30001036293105954
0.3000204273704753
0.30001109308057294
0.29998136338373316
0.29997505661365176
0.2999841354797722
0.30001954152080434
0.3000165568991803
0.30003717228891214
0.3000317395883225
0.3000244688613364
0.30004154478503753
0.3000736407350423
0.30007105130220413
0.30007432486151975
0.30008887008779384
0.3000805639842913
0.30009106409205777
0.300103109469286
0.3000958442712054
0.30009754629800867
0.3001000588638725
0.30009683063861925
0.30009245822619035
0.3000700231830917
0.30008895889277665
0.3000487952916716
0.30003490734138705
0.3000221541173762
0.30001672282739666
0.30002887799847344
0.3000139555594229
0.3000010811155994
0.29999890604060564
0.29998118084285064
0.2999503018987145
0.29992464312282263
0.2999161378688393
0.29991248391405134
0.29991506885066777
0.29991600731892887
0.2998894873591996
0.29989426935798835
0.2999014985859725
0.2998896293660773
0.29989753184852774
0.2998910406339712
0.29991164036535356
0.29988471153859075
0.29988120642203686
0.29986048907448193
0.2998772128466973
0.2998721208741566
0.2998617577518524
0.29986285001720214
0.2998574054279671
0.29987780077246096
0.29987115801089914
0.2998668445485241
0.29987489202787454
0.2998577698103597
0.29987862408877286
0.29990186152045484
0.29990530752535927
0.29991826039662284
0.29989867348660926
0.29990682603828156
0.29995114645142207
0.2999766523563029
0.3000027017928454
0.3000186496935756
0.300070979710099
0.3000954097822881
0.3000912142646587
0.3000940501902909
0.3001076874028876
0.3000973113420994
0.3000884677501223
0.3001058935519021
0.3001009203435422
0.3001279063525084
0.300165014418165
0.3001695756499022
0.3001668100680367
0.30019343949270283
0.3002046650552985
0.3001776362747527
0.30016919275598264
0.30014928147811715
0.3001357198635969
0.3001310865765837
0.300122539023565
0.30014847525910604
0.30015815506608623
0.300139882450955
0.3001559998123775
0.3001353253064132
0.30013566042376116
0.30011640522289385
0.30009654190583757
0.3001009579233219
0.30010407580022813
0.30007240722750617
0.3000699999611146
0.3000629445115862
0.3000694899281421
0.3000607360423494
0.30006755238209737
0.30006395059941937
0.3000454935384036
0.300068424991516
0.3000512283059036
0.30005434169373935
0.3000508797822018
0.3000457777937938
0.3000490476515083
0.3000409870706773
0.3000349838599663
0.30002343712893076
0.3000198077226527
0.2999958919178102
0.2999649433247191
0.2999247972148491
0.2998977980777967
0.29990096393985166
0.299880402019683
0.2998780704700772
0.29986557902435096
0.2998653910272844
0.2998882875567719
0.2998964466196772
0.29989711139033914
0.2998923600411705
0.29990425963669376
0.299917640937282
0.2998903494480628
0.299884378660379
0.29987958856003627
0.2998827163279042
0.29988945153825397
0.2998688490744926
0.2998621644050151
0.2998571888207191
0.2998387673263011
0.29982513323880455
0.29983068130054413
0.29983582261768305
0.29984141870374126
0.2998640241360506
0.29986991613582903
0.29987007040260427
0.29990277687338385
0.2999246266641037
0.2999353029947308
0.2999415087095467
0.2999509038882807
0.29995115269568007
0.29997530704484276
0.29999780387710107
0.30002160165303526
0.30002876666095846
0.3000676499283572
0.3000842411788279
0.3000960968135954
0.3000669540735088
0.300089486342039
0.30010960848020973
0.3001140475594868
0.30009844004781105
0.30011821779766035
0.30013849495465217
0.30014782575769805
0.3001792956318805
0.3001860675586703
0.3001888338151597
0.3002079018054512
0.3002132340510323
0.30021404145212294
0.30021350100556365
0.3002085933398313
0.30023354263400326
0.30021676312987433
0.3001905313076835
0.3001860294344171
0.3001808493606519
0.30017683012532936
0.30016633341492427
0.30016530038758504
0.3001591727999666
0.3001534743443516
0.30015155515528236
0.3001470484942349
0.30010840246127757
0.30007028581786377
0.3000740660637282
0.30003842928248237
0.30002183731275944
0.3000365707227499
0.30002388195834173
0.3000138378448296
0.30000046280544246
0.2999879459938404
0.2999879065626144
0.29999060850956616
0.29997352879991335
0.2999543103395871
0.2999374865583069
0.2999021639370538
0.2998939987791247
0.2998631761833549
0.2998238008773344
0.2998079012815279
0.2997803112352435
0.29977815956220144
0.2997822298455016
0.299796481325053
0.29981688250831207
0.2998230755860901
0.29982953212247543
0.29981406330809324
0.2998114092908545
0.29980704672732905
0.29979625041666713
0.29979858147754834
0.29981904846039487
0.2998038004850456
0.2998060294190029
0.2997922023901649
0.29980740156762786
0.2998187730602433
0.29982630122910336
0.2998362395406817
0.29983883030960556
0.2998954546269631
0.2999236463842848
0.2999441619631784
0.29995747978219556
0.29997418041047164
0.2999622425056526
0.299961282741254
0.29996151126370385
0.2999680374396638
0.2999556842517054
0.2999738009195496
0.30000881200571516
0.30002104607839297
0.3000253069102098
0.30003564853070364
0.30005436132033336
0.3000775919213641
0.3000680300213373
0.3000831763254599
0.30010236099569865
0.300107054467873
0.3001213041573837
0.3001200012035412
0.3001157049713502
0.30012610138609475
0.300121620755737
0.3001068416796252
0.30010840400988714
0.3001232971467339
0.30010907756648353
0.30012674906253556
0.3001143396881921
0.3001270003835781
0.30012861996321216
0.3001267639446562
0.30010374941891027
0.30011153120132383
0.30012096142802513
0.30012703428057774
0.30009774088521135
0.30008504960309357
0.30007454046037396
0.30007426655891134
0.30007290952553556
0.3000626988499696
0.30007173966442335
0.3000685865835794
0.30008274928226675
0.3000686781739432
0.30007699370150254
0.30007308807090893
0.30008400740604124
0.3000820897183649
0.30009188040774093
0.3000974431933332
0.30009877036894705
0.30006851679412005
0.30007336205012947
0.3000650737898022
0.30004493388560494
0.3000272089177253
0.30002819484220866
0.3000086071568958
0.3000147538188408
0.30000616224083154
0.299997308282288
0.2999892440359334
0.3000044412694729
0.3000012093063862
0.2999936389134775
0.2999910082513003
0.30000561984589436
0.300006901211348
0.30000543906694044
0.30000749663136417
0.30002613950359214
0.300020442676321
0.29998205380806153
0.2999556192525634
0.2999416856640247
0.2999277859986148
0.29990607115857604
0.2999019377799861
0.29990533759150073
0.2999108444061974
0.2999051544996071
0.2998925807761008
0.2998984568164281
0.2999099777512524
0.2998856108803756
0.29990117368255664
0.2998976006775518
0.2999184981512726
0.2999266056926452
0.2999393954039564
0.29994315819361794
0.2999676656502721
0.29996948866608886
0.2999892518229834
0.2999755208527324
0.2999666087609799
0.29997480301556156
0.29996976345888837
0.29996226110615
0.29995365318362777
0.29995959219301693
0.2999647481334998
0.29996702232249706
0.29999874620858646
0.3000068674600084
0.300022351679587
0.300017122552828
0.3000108987236959
0.2999810238309336
0.3000047463959108
0.30001304419803587
0.2999974040216926
0.30002404661904636
0.3000075503155224
0.3000097706582261
0.3000172260091757
0.3000301673691944
0.3000374510723688
0.30004918591223373
0.3000436753964112
0.30001863594953937
0.3000340237176473
0.3000548101720113
0.30005426091533705
0.3000733837662417
0.30007660918093093
0.3000556414142366
0.3000342193176946
0.30002859969944584
0.30002741441883174
0.3000303395247119
0.30001190482244877
0.2999868456208239
0.2999865653081891
0.29995956474565644
0.2999618012816342
0.2999369738004122
0.2999374376170112
0.2999213132393318
0.29992532528929583
0.2998998114409366
0.29990962749821615
0.29991637474326893
0.29992954182267095
0.29992751880078894
0.2999296537900755
0.2999118438726358
0.2999021378653566
0.2999151737296536
0.29989214427164124
0.29989906323748705
0.2999048411206573
0.29988134424190627
0.29988243755591215
0.2998728135074382
0.2998642299664267
0.29988405123669715
0.2998978040303041
0.29993125297522105
0.29994195061725715
0.299931674245565
0.2999414108117572
0.29995843680264866
0.2999546012543196
0.29996277574677055
0.2999615816186453
0.2999705054994637
0.2999705086943183
0.2999575190222308
0.2999523738520562
0.29997185137646254
0.3000107882215125
0.3000336040363287
0.30002932374859415
0.30003330359967983
0.3000385067873792
0.3000565617654388
0.3000745118862662
0.3000620962953624
0.30006415009601517
0.3000801571368754
0.3000797990100046
0.3000944346176717
0.3001044058080664
0.3001200068958184
0.3001228311570918
0.3001149384280456
0.3001165595888038
0.30012211192080596
0.3001255762459306
0.3001338869741831
0.3001317305850515
0.30014061715574025
0.3001544274232255
0.3001584413017534
0.3001670119241986
0.300177646187456
0.3001581995287461
0.300168994316625
0.30018518751751466
0.30016570337135606
0.30013178438721066
0.3001186829985989
0.3001259753598887
0.3001436312897249
0.30012879599447273
0.30011935861927663
0.3001171913179749
0.30009397645172486
0.300076205168209
0.3000646618269722
0.3000599933933229
0.30006211636202784
0.3000794747535428
0.30008059109999063
0.30006123397911666
0.3000434187364507
0.3000213343760785
0.2999955566408825
0.29998261832642936
0.2999829676322102
0.2999777869171004
0.2999751238685515
0.2999651079064787
0.29994814011371207
0.29995025943274756
0.2999485882863323
0.29995750158267886
0.29994094170088315
0.2999566303687785
0.2999421943838515
0.2999336136549122
0.2999426389975277
0.29993293567026236
0.2999352215849599
0.2999397152532308
0.29993680254629307
0.29994696715087954
0.29992323426224865
0.2999407042678187
0.2999557760748446
0.299969108774475
0.2999509954697869
0.2999588721071026
0.2999502487515596
0.2999568666218061
0.29994332416145963
0.29991047959530337
0.2998774336214265
0.2998716807178835
0.29988750455135327
0.2998850647849298
0.29985292761961413
0.2998514025389979
0.29984621464411443
0.29985212348900525
0.29983137552365613
0.2998327453568427
0.2998478330039599
0.2998514960779516
0.2998592377288314
0.2998588393592979
0.2998711979084515
0.29989385573813054
0.29989834150189654
0.2999110056726769
0.299905175931251
0.2999278595659224
0.29992441091923006
0.2999531963566474
0.2999504033371698
0.29994147916006075
0.2999635565780069
0.29998399270527176
0.3000074027739783
0.2999998331795527
0.29999668116344025
0.30003593568893683
0.3000524923849617
0.3000743051347011
0.30007070783524814
0.30007156668868473
0.3000981306103374
0.30009535787389885
0.3001208430385759
0.3001172835632029
0.300128905528417
0.30013324705674005
0.30015005111907544
0.3001653005239455
0.3001411327653788
0.30011704887460533
0.3001079031552317
0.3001169156944856
0.3001154132002162
0.3001063081665567
0.30009436149378066
0.30008144099386425
0.3000699072569911
0.3000771692232366
0.30007490937806813
0.30008290589480136
0.30009387251906317
0.30009612478154946
0.3000864451931837
0.30008393200598293
0.3000712177129211
0.30007254828468344
0.3000659298750552
0.3000878554482692
0.30007413920939574
0.30005139220853916
0.3000431102945832
0.30002890721135833
0.30002202462050664
0.3000130325268765
0.3000064161548809
0.29999192510468686
0.30000386723834405
0.300008698756834
0.2999992513506018
0.3000016579306233
0.30000326750326745
0.3000039609234991
0.2999885563322241
0.2999701430555598
0.2999497174148875
0.2999468054332224
0.29993900063708934
0.2999373919655127
0.29993526836182105
0.29994705012150336
0.29997190395214335
0.2999497078564971
0.2999581292824347
0.2999172989739681
0.29990689176454
0.29990880715514356
0.29992777046405805
0.29992518396151113
0.299920386541513
0.2999270369757673
0.2999311723080913
0.2999335293750909
0.2999368639335944
0.29994968072138495
0.2999525293009183
0.2999245618020364
0.2999253198670482
0.2999321809888317
0.2999406645371445
0.2999425875234967
0.2999522268494845
0.29994470235815096
0.29993977582655096
0.2999545759513782
0.29995441401613976
0.29996429942437297
0.2999560136110153
0.2999502256752338
0.2999450695241115
0.2999496275131216
0.29996877065565763
0.29996156145179953
0.29994493050433935
0.29995467944657794
0.29994507401670656
0.2999497545718871
0.2999621771868789
0.29998354634445157
0.29999006571295483
0.2999957492393843
0.30003255369029636
0.3000336178777355
0.30002670148801314
0.3000116735622732
0.3000025190871657
0.30001185860034907
0.30000858006671205
0.30001857862768944
0.30003466912990195
0.3000620448392858
0.30007666327831384
0.3000766320976537
0.3000809452773475
0.3000913273788922
0.30011447152565074
0.30013243509194676
0.3001511777842961
0.30014876598816254
0.3001251470262545
0.30013003038185637
0.30014148525747375
0.30013183238226204
0.3001391718524825
0.30014936695549155
0.30013007717461626
0.30011930604270476
0.3001168269911628
0.30011084083855644
0.30010316131199344
0.3000884132644669
0.3000968107661641
0.3001037926033566
0.300096597499133
0.3001050926597145
0.3000972587305746
0.3001133463916993
0.3000939265521827
0.30008363831685514
0.300078946339987
0.3000691446329772
0.3000750518421549
0.30007567974718297
0.3000565332280434
0.30005021342590876
0.30006737972051556
0.30006102831601744
0.30006510225677707
0.3000673037361028
0.3000619858550866
0.3000667822456239
0.3000720603543432
0.3000688205319568
0.30006586010072334
0.30005542477929126
0.3000382554546154
0.3000586796757052
0.3000552671939859
0.3000438869899261
0.3000423487119058
0.3000469410592139
0.30000561223280786
0.29997030911445677
0.2999647945689343
0.29996826925534237
0.29995789106706816
0.29993700882932284
0.299935887935622
0.29992040209768744
0.2999220700869406
0.29987686453691786
0.2998827418705112
0.2998569123591819
0.2998634649985532
0.29983083064609584
0.2998420524878084
0.2998474081387371
0.29982559372116047
0.2998307243354248
0.29982710876607976
0.29983365179300303
0.2998320098892112
0.2998279753430082
0.29982420030412793
0.2998142193288508
0.2997905462891718
0.2997963281464432
0.2997751113062841
0.29977725865910965
0.2998043969171159
0.2998332857721233
0.2998251715188519
0.2998347031617965
0.29985874412581137
0.2998676380472589
0.2998766277767051
0.29988891989642874
0.2999063554579269
0.29991383252336523
0.2999288115724503
0.2999436143728379
0.29995291167712734
0.2999528517460267
0.2999540385260582
0.29995025903414685
0.29995978259961253
0.29996991839435583
0.2999674880032357
0.2999960473769563
0.30000204958484666
0.30001535128795853
0.3000158719591408
0.3000185309750403
0.3000424153028818
0.3000546719876763
0.30006998093343895
0.30007931563909074
0.30009884764436534
0.3000985938150381
0.3000832630841911
0.30008161694939317
0.30009507188485895
0.3000791365998494
0.3000787874574471
0.30008095534372337
0.30007815250979997
0.30009183907295534
0.30009808970412655
0.3000991303620858
0.30010096969786004
0.30012796606513636
0.3001080447780229
0.3000921797268956
0.30008472904191485
0.3001120009271654
0.3001215329867517
0.3001325997552401
0.300139964171971
0.30016014472807007
0.3001643506986753
0.3001699810598275
0.30018146747165975
0.3001704168602619
0.3001721349198311
0.30017927321411153
0.30019924129374775
0.30020535681581495
0.30022111450010425
0.30021629159425733
0.30022919465804787
0.30020924284606
0.300186607715098
0.3001855190236429
0.3001827548435556
0.30017846924963165
0.30015983980021754
0.3001444372285146
0.30013878516662296
0.3001337317931415
0.3001329427834627
0.3001269919664935
0.300105279642787
0.30009722840093034
0.30008505640601857
0.3000601169092786
0.30005199128454496
0.3000258686463825
0.3000056677848988
0.3000060383455464
0.3000041189396926
0.2999855322988123
0.2999642755534012
0.29995328937711796
0.29995987998189033
0.299961390068727
0.29994370543498694
0.2999173968695703
0.29988152523048084
0.2998637353962599
0.29984492849634503
0.299835206581612
0.2998484908955076
0.2998418213732149
0.2998417734245282
0.2998172196302906
0.29981112955338374
0.29979820339883967
0.29980639598067604
0.2998005038001821
0.2998181463075481
0.29981500841001196
0.2998213776083729
0.2998299296117177
0.29984334928041867
0.2998254396125185
0.2998197396789124
0.2998230123144876
0.29982053599335357
0.29981721772783076
0.29981396148928974
0.2998094451840331
0.29983056296050037
0.299853171881983
0.299860045079969
0.2998540814505828
0.2998760459414782
0.29987447412370216
0.29988552516447264
0.29988382187312523
0.2999042637770274
0.2999170627862442
0.29994546871280414
0.29995612194261123
0.29997350227542197
0.299979555174154
0.29998454406761843
0.29999492564673347
0.3000047347791127
0.30001776631474764
0.3000319646666356
0.30005075535544756
0.30005053581544994
0.30006639415798697
0.3000653911667176
0.3000723387350098
0.30009480017132817
0.30009679419498403
0.30011143955311037
0.3001333507539313
0.30016626467626406
0.30017295451773107
0.30018158586104016
0.30019954923239744
0.30020347178218376
0.3002128481058679
0.30023085195346066
0.300247563892835
0.30025551772136283
0.3002486040652418
0.3002459107918801
0.3002463569649252
0.3002404568912286
0.3002364091980876
0.3002265289062206
0.3002195875443415
0.30020233435251453
0.30019001994772976
0.3001850068684728
0.3001864084339647
0.30018311304013323
0.3001635236742267
0.30015127778371975
0.30015395780439613
0.300152960949575
0.3001427253519108
0.3001193793571
0.300113002180479
0.3000993732865336
0.30009807351371787
0.30009099184661336
0.30007435580282016
0.3000697365971746
0.3000359206715022
0.3000127203397235
0.29999773013206243
0.29997894682709325
0.2999625111555171
0.2999457801777031
0.29991708935441463
0.2998920006833483
0.29986885085713744
0.29988169188076885
0.2998823724104889
0.2998731489863471
0.2998548357768711
0.2998423882464616
0.2998273329267379
0.29982201248668316
0.2998209341821523
0.2998017899499914
0.2998143018585675
0.29981894430810674
0.29983044266876246
0.29984375449721645
0.299848729488838
0.29983357886339246
0.2998074537965344
0.29983405953258524
0.2998388465030778
0.2998457587217783
0.2998578463940542
0.2998493353413122
0.29984243275731115
0.29983603547056825
0.299862277731351
0.29985908409478157
0.29987174104199654
0.2998615285264523
0.2998834973868747
0.2998894488836873
0.29989216363743176
0.2998952308044518
0.2999135156218763
0.2999140639575374
0.2998947826559988
0.2999131055336497
0.29991771330591366
0.2999494665954724
0.29997269229757517
0.2999949044061955
0.2999933803250364
0.29999361482509734
0.2999960758120084
0.3000045420021523
0.3000270628244288
0.30002362514689107
0.30004198033148444
0.3000510562561761
0.3000572515059161
0.30005865401913345
0.3000562792370446
0.3000546553203842
0.30005755947495516
0.30005725106007675
0.30004161023313114
0.30005458816730257
0.30005568131004734
0.3000593196627269
0.3000739604324445
0.3000787587710335
0.3000843550940353
0.30009442856674673
0.3001106676276083
0.3001068351022963
0.30009906605041203
0.30007256625215284
0.3000775501698536
0.3000818814600851
0.3000915896033428
0.3000850715117851
0.3000876495501462
0.30007597654893436
0.30006252594105054
0.30006160966689777
0.3000629580969144
0.300070294210772
0.30006671078639724
0.3000402221537748
0.3000502250731957
0.30005258077779884
0.3000598355646815
0.30005616529680434
0.30006433649674014
0.3000500237718766
0.3000395147228586
0.30003076267118356
0.3000271202720334
0.3000244912090534
0.3000083784863967
0.29999269143911245
0.2999861759121427
0.2999753172409272
0.2999642417787157
0.2999745063636039
0.29996720569184065
0.2999784332049985
0.2999724568716
0.29997311794132286
0.2999837754934014
0.30000034863552405
0.30000257635599537
0.30002236968790885
0.3000245841590947
0.3000308450295994
0.30002804368802616
0.3000301246948224
0.30003639549393424
0.30002952310760367
0.30002484690963904
0.30001298839620116
0.3000202960232985
0.3000181505499182
0.30003960900008964
0.30003719188913813
0.30004119485507175
0.30003739321067646
0.3000416221286425
0.30003935183854835
0.3000301960855116
0.3000134164999315
0.2999915997471093
0.2999986182775559
0.2999741740878117
0.2999688318336051
0.2999861621663218
0.2999854984333048
0.2999920074372249
0.2999895743986708
0.29999399075928945
0.2999884430461136
0.29998065061710955
0.29998312512908176
0.2999693381226749
0.2999873927303366
0.2999748910516846
0.29997830894727706
0.29998256691044145
0.2999620161742802
0.29996559891379637
0.29994959108998476
0.2999526320070206
0.2999401375936078
0.2999341810923861
0.2999349345531557
0.2999282936486346
0.299928412523062
0.2999023868579205
0.29990144395899754
0.29990217219470783
0.2999005920588267
0.2998993391651187
0.29989453635185126
0.29988872326080396
0.2998818901147977
0.29989219182546845
0.29989459320500667
0.2998890619709591
0.29991534750835824
0.2999222249674808
0.2999396905889352
0.2999544289265259
0.2999540961726581
0.29996853854779404
0.2999735265701262
0.29998724936548493
0.2999845181034767
0.29998166734943055
0.2999861703026311
0.299997820906973
0.3000004290196375
0.30000460611057156
0.3000140730233519
0.3000030812549829
0.29999537696258183
0.2999964360179993
0.29999596463188827
0.29999506155916755
0.29999663309025093
0.29998807552108575
0.30000122185846434
0.30002974960364104
0.300022154977724
0.3000402803200962
0.3000422926796904
0.30004736424080247
0.3000474320666391
0.30006131685534276
0.30006607355632364
0.30007384808444204
0.3000663176764894
0.30006276027322465
0.30007900332988313
0.3000673350596058
0.30006766796788853
0.30008584654663484
0.30008772139039097
0.3000874662325774
0.3000823570606973
0.30008390590695744
0.3000831650382566
0.30008563571705893
0.3000798072855614
0.3000811097033793
0.3001003582873579
0.3000877255550738
0.300090594445796
0.30010303683408857
0.300101041489344
0.3001056786748545
0.30010459035173287
0.3001020191395961
0.3000883905046565
0.30009360189142775
0.3000890521240539
0.3001062373519443
0.30010674854518427
0.3000902182171348
0.3000845477796118
0.3000869379479213
0.30008328982134735
0.30007075665282135
0.3000674360373511
0.3000775270976208
0.3001010303705982
0.3000900025088499
0.3000958194935688
0.3000803261142053
0.3000797610210221
0.300084620953766
0.3000596167657902
0.30005555492785785
0.3000543996505096
0.30004225538397145
0.30004463616350796
0.3000223982157447
0.30001041136289064
0.30001250137964885
0.300010843748704
0.29999263237593454
0.3000018157168223
0.3000000374365279
0.30000690305226807
0.3000037615804464
0.29998561786543165
0.2999757352132152
0.2999664126883095
0.29996444839333203
0.2999438471113385
0.299933263290427
0.2999147735317551
0.2999048186880645
0.299903431442359
0.29990346682494495
0.29989459159766063
0.29988505245631747
0.2998683430989456
0.2998807367617373
0.29986382450607496
0.2998570813791862
0.299850561016727
0.2998548388947956
0.29983850506860854
0.29984796245483336
0.2998363553341249
0.29981950779675404
0.29982478492630416
0.29982132883661805
0.2998104704644011
0.299823898820177
0.29983349361166434
0.299838054336079
0.2998487051341352
0.2998560787001765
0.2998678237406047
0.2998743441375582
0.2998770056877452
0.29988718195543884
0.29989535407962553
0.29989039937651085
0.29990483941866
0.2999079446001882
0.2999194664765126
0.2999277708787166
0.2999425116391329
0.29996178060836
0.29996840005253467
0.29998815361854403
0.30000203461399433
0.29999469190233374
0.2999827290511725
0.3000022256053857
0.30000228804773044
0.3000204181696041
0.3000362183278854
0.3000404541450089
0.30005493493109026
0.3000783153945049
0.30008336955915116
0.300079588520893
0.30010230130045934
0.30011541016831633
0.30012393070529053
0.3001438423837026
0.30015613200315183
0.3001706394743724
0.30017040462683275
0.30016211905685264
0.3001673985281026
0.3001823187531928
0.30017916079083784
0.30018944152867366
0.3001874353516618
0.30018706034744225
0.3001856359313344
0.3001765408860927
0.30016181128459485
0.3001564773104194
0.3001559461729485
0.30014031963619225
0.30014706948223613
0.3001326226848221
0.3001143445563217
0.30010966013605467
0.300113995468581
0.3001113362174317
0.3001086285995678
0.3000919322434271
0.3000820530476591
0.3000699960483536
0.3000639863776331
0.3000456114349652
0.30002424613150647
0.3000172201563336
0.300008691635514
0.29999737074811217
0.30000133843356325
0.3000036966506189
0.30001098125826897
0.3000114228915489
0.3000177260479504
0.3000213628592425
0.30002515272567876
0.30001997904545574
0.30001498971824936
0.3000069109327156
0.2999919882071983
0.2999862996520073
0.29998775460446725
0.29996461392172025
0.2999407695957794
0.2999376485857238
0.2999248205429368
0.29990030430573145
0.29991114686463083
0.2998973423100204
0.29990102752507664
0.29989359969614937
0.29989385903875865
0.2999125126727775
0.2998990309178722
0.29990626443170176
0.2998998802984181
0.29989730980776563
0.2998924286297008
0.29988839760596164
0.29989306124669257
0.29990824373053526
0.29991778437660777
0.2999228744494786
0.2999362637174582
0.299931137546402
0.2999331194298286
0.29993819712983805
0.29992453166755695
0.29995180471727056
0.2999500511136237
0.2999506961415185
0.2999384213934878
0.29994363889035136
0.2999545502257599
0.2999555351282215
0.2999563945602922
0.2999558800858053
0.2999635414237909
0.2999495890858964
0.2999566561069942
0.2999493496852863
0.2999558974544697
0.29994646357330146
0.2999452337113988
0.2999507861578341
0.29997885201391306
0.29996871727681096
0.29999131555406766
0.3000147445003646
0.30002634600320266
0.3000162453894992
0.3000251112850598
0.3000194516889596
0.30002490605217513
0.3000244905660099
0.3000189008227211
0.3000095099665637
0.30003139642277477
0.3000414520319148
0.30002455706648823
0.30001969271170115
0.30003671968944956
0.30004508554828413
0.30003320097742014
0.3000233066495469
0.3000154028684272
0.3000213412825642
0.30001935001416535
0.3000091902738311
0.30000436189053536
0.2999915980194502
0.30000270870081047
0.30000043748661853
0.3000211134558899
0.30000420745104606
0.2999878161224935
0.29997936218851673
0.299990007359597
0.2999989123579384
0.300004365673736
0.29999790287643213
0.3000009154413077
0.2999996771020583
0.299995007638288
0.2999963807176288
0.30000963484337084
0.30001197652633704
0.3000242048867767
0.3000220930781643
0.30000917582365705
0.2999901384320425
0.2999869060137198
0.2999811150388938
0.29999251116208214
0.29997560092468356
0.2999946638367129
0.2999942399813401
0.30000295170380287
0.30001363337939424
0.3000205727355808
0.3000318962256029
0.3000210157057236
0.3000264532898109
0.30003299966257213
0.3000399436185941
0.3000423460955568
0.3000414675867683
0.3000584588444869
0.30005492488635044
0.3000604205915073
0.3000595571600413
0.30005681596312384
0.30005357375122343
0.3000591916192885
0.3000707586691318
0.30007739408445633
0.3000827677689807
0.3000792672748147
0.30006467334866915
0.30005697870472614
0.3000632335822143
0.3000749715541793
0.30007421268332435
0.3000695615276625
0.3000600014055227
0.30006002821507405
0.30005669792669143
0.3000401734528463
0.300037990216964
0.30002514912322764
0.3000219796221679
0.3000237062401332
0.3000150290418513
0.30001240279657104
0.3000283802274957
0.30002187922991375
0.3000200355016318
0.30001308245045133
0.29999280805765816
0.3000133089253273
0.30000445725808
0.2999986865992065
0.29998581623499554
0.3000088513595808
0.300019365837925
0.3000054322458593
0.2999968776213999
0.2999897542601382
0.29998640503832574
0.3000016444219221
0.2999972972627334
0.30000382294305616
0.3000046244264284
0.3000145705568279
0.3000140713118633
0.30001616164266776
0.3000026367264351
0.30000277214937776
0.299997588450293
0.2999844503430952
0.29998625464513606
0.2999779475427795
0.29997018979143253
0.2999719491315058
0.2999450963910191
0.29995094731515715
0.2999572907504703
0.2999607538564646
0.29995639749833913
0.2999469513387094
0.29993942436643706
0.29993739283314025
0.29994091296504244
0.2999357749371212
0.29992762073097623
0.2999290673444137
0.2999233712237742
0.2999264119819931
0.29992350209180596
0.29994221578214897
0.2999425854780917
0.29993897866407504
0.2999353759293123
0.29992456392174427
0.2999208704955215
0.29994081827425856
0.29993162892432756
0.2999276238622888
0.2999233901320646
0.2999391340148101
0.2999323051714923
0.29993667873717
0.2999402692616515
0.2999440777075423
0.299951344701885
0.29993675890682425
0.29992728278733505
0.29994292190281047
0.29993994218647735
0.29994869081612496
0.29995480869445623
0.29995940380977226
0.2999628021365902
0.2999620883278161
0.29997267178297105
0.29999396870659834
0.29999081357771773
0.29999678432923704
0.30000436178514556
0.3000083793377728
0.30001466651455067
0.3000134290079479
0.30003222115552397
0.3000436934980496
0.3000534667269654
0.30005972636092115
0.30004550443978095
0.30005819469687345
0.30004226967899394
0.3000420896963173
0.3000364479282135
0.3000357356450004
0.3000414627928387
0.30004044995876034
0.3000315123098044
0.3000307910939731
0.30002089928806597
0.30002696910578774
0.30002371761058944
0.30001014990335173
0.3000103322351173
0.30001518253810955
0.300021836052355
0.3000337175526
0.30003705121562685
0.3000332327815398
0.30003215934654215
0.30004486295304134
0.30004599307336766
0.30005865286408584
0.30005671019394853
0.30005794766548355
0.30005606615484426
0.3000661952999968
0.30007563009668614
0.3000768167538259
0.30006466448963554
0.3000764895442922
0.30006115163827785
0.30006421864393873
0.30006963099117057
0.30007169970624115
0.30008510235522956
0.30008282329185954
0.30007353036898277
0.30008809204663844
0.30007186646481776
0.30006496808006033
0.30006408304076837
0.3000592593428586
0.30004944447825266
0.30003904548123406
0.3000449170788638
0.30003138506242155
0.3000242179066015
0.30001139761870155
0.2999961535968295
0.2999870948752352
0.29999213889678744
0.2999813830138943
0.29998496114818485
0.29998498221047853
0.2999812349208272
0.2999598199181892
0.2999647473730843
0.29995933731927704
0.29997021004434543
0.29994854959112816
0.29993746044000014
0.29993754744398604
0.2999272794752321
0.2999250028682978
0.29991932366428486
0.29992223366501614
0.29992290106673514
0.2999171254353392
0.2999070118651386
0.2999094382177767
0.29989988852007343
0.29989656831182687
0.29989117549318123
0.2998976144774117
0.29990085086293605
0.29989770317626985
0.2998976842160759
0.2999146940639824
0.2999222434462975
0.2999244696991693
0.2999199593789803
0.29992931257038624
0.299940597396693
0.2999494046186141
0.2999497828444778
0.29994516404660654
0.2999491228353809
0.29996019869373647
0.2999631701535982
0.2999691355781532
0.29996329435808566
0.2999549482548407
0.29996201765513786
0.299931058757432
0.29993325578317476
0.29993212628081
0.2999445688113922
0.29995469735214597
0.2999555631369092
0.2999632188217429
0.2999692147966576
0.2999737477706085
0.29998719416227426
0.2999791120422719
0.2999894165982032
0.2999992038147282
0.3000016505196724
0.3000014301681807
0.30000665015489825
0.3000174714688979
0.30002360128539995
0.30003442868031305
0.3000582986032043
0.30005982053392566
0.300058141980742
0.3000578608124488
0.3000679821060236
0.3000689867793246
0.30006747775240106
0.3000763744013154
0.3000692761700141
0.3000777515164791
0.3000730511634284
0.3000797866798315
0.3000737445784799
0.30007638070238085
0.30007263846636
0.30005421538486066
0.30004782992217194
0.30005353980978744
0.3000553461369706
0.3000408973728582
0.3000523146615687
0.3000316658698049
0.3000371137799892
0.30003512030160395
0.3000336055207722
0.30002750511755305
0.30004050522377057
0.30005299149767806
0.3000641935588447
0.3000590327771381
0.3000734242468921
0.30007477116640524
0.30007438425793476
0.3000748945673015
0.30007456954411993
0.3000812880404542
0.30006973656861546
0.30007120090448614
0.3000778096787403
0.30007894131769364
0.30006771279585687
0.3000770455711763
0.30008118615817325
0.3000969998663594
0.3000916359273681
0.3000591789205126
0.3000652846861458
0.3000703266077098
0.30007741516754205
0.3000788692371019
0.30007715545297564
0.30007251803842283
0.30006504428293024
0.30005312726583155
0.3000538083003006
0.30004341465141937
0.3000461346090689
0.3000444176568924
0.30003815167910375
0.30003350264145556
0.300036921988165
0.30003376356921707
0.30003911608708944
0.300045976943085
0.3000241365963626
0.30001072307890386
0.300025242420936
0.3000235994275634
0.30000834443901037
0.299997046799639
0.2999786545374581
0.2999675872587001
0.2999704968180612
0.299973602003652
0.29997852543403425
0.2999820003140067
0.29998084394714675
0.29996743845536367
0.29996347104684096
0.29995453354231194
0.2999496067964922
0.2999431957367982
0.2999555742967658
0.2999555616995202
0.29995594612273213
0.29995262821599233
0.29996923691609023
0.2999583794019334
0.29995491148550846
0.29995010937101774
0.29993702848429726
0.2999394784442504
0.2999425697716681
0.2999403435494453
0.29992529156703873
0.2999275346456536
0.2999169301953607
0.29991301074580257
0.2999162814201626
0.29990588145176567
0.29990952168628215
0.2999014056856627
0.29990305663742756
0.2999067034258899
0.2999048211712302
0.2999025883887667
0.29990114943640733
0.29989986950346204
0.29990081314909
0.2999043810595238
0.2999095965279206
0.29990378107133353
0.2999146401124172
0.29992331520161863
0.29993045572882326
0.29992267486988733
0.2999169896605527
0.29992011980727507
0.29991236480074845
0.2999055076464403
0.2998983189716333
0.2999045867808645
0.29990315444539906
0.2999214730092835
0.2999144876014668
0.2999098955191637
0.2999089432931389
0.2999188570268142
0.29992973540168766
0.29992540219295927
0.2999316037322264
0.2999397732820047
0.2999605838571052
0.29998316821174453
0.29998173287423013
0.2999864313651318
0.2999958480331191
0.2999903259836054
0.2999856945328405
0.2999897132672069
0.29999496159168204
0.3000069170324726
0.300006563663732
0.30001002632888885
0.30001106881877593
0.30001773077562466
0.3000289931416701
0.3000332768512264
0.30004046715906274
0.30005660200801665
0.3000654146679902
0.30006607537576324
0.3000638879973868
0.3000784040523533
0.3000780716278637
0.30008356011654613
0.3000832356605747
0.3000900554505428
0.3000986251814939
0.3001100961382981
0.300112851101649
0.3001336363964743
0.30013405133611104
0.30014014809382406
0.30013742718418945
0.30013680685873856
0.3001467252431035
0.30014967871579934
0.30014572712344423
0.30015424036298377
0.30015476755435555
0.3001446263074077
0.3001489190078428
0.30014943298575314
0.30015235156349096
0.3001429363046917
0.3001302779125059
0.3001245180482459
0.3001191613105335
0.3001087889154309
0.3001009636541503
0.30009761863829887
0.30009140219792396
0.3000666504510071
0.3000672147009844
0.30006361393937986
0.3000593181762454
0.300059484072586
0.30006243805368404
0.3000635898012499
0.3000636129127868
0.30004587102691216
0.3000284898202007
0.30001260697152243
0.30000205174164407
0.29999651692571594
0.29999103383957004
0.2999741873898417
0.29997100774883034
0.2999780476381011
0.299991742655238
0.2999969665187525
0.29997738209407687
0.29996623206143336
0.29996220185195477
0.299973726421079
0.29997773113260295
0.29996232558546265
0.29994959615959793
0.29994915920671605
0.2999470159419757
0.29995542972890177
0.29994781181653385
0.2999493673624486
0.29995845139199206
0.2999435519274466
0.2999423220444236
0.29993195282188845
0.2999078542221315
0.2999153318079226
0.2999054585414983
0.29990736667124795
0.2999004957416821
0.29989008339967893
0.29989124758698193
0.2998784967568303
0.2998764156326703
0.29988690613712365
0.29988378366973856
0.29988715954538436
0.2998928811118642
0.2998962813368141
0.2999082755551755
0.29990011127640115
0.29991074785428795
0.2999236693645012
0.29991469923534475
0.299908821168825
0.29990371902488033
0.2999043705654735
0.2999066235589636
0.2999065284341955
0.29990798913066996
0.2999021008042624
0.29992199618523996
0.2999219860629544
0.2999217857585842
0.29992060864935755
0.29992594401846684
0.29994468510769734
0.29994646745544984
0.29995515061931644
0.29996435125614496
0.2999662741787401
0.2999717193423941
0.29997200299815574
0.2999799030943727
0.2999755274757241
0.2999749790808355
0.2999689498887216
0.2999817534142879
0.29998904563209194
0.29998765310878295
0.29999153559946945
0.30000054317308567
0.30000663920652704
0.3000127954080315
0.30003224287691155
0.30003779389383634
0.30003456233735437
0.3000476245927257
0.3000529542883982
0.30005646645636164
0.30005703595901834
0.30004876950062376
0.3000303989788373
0.300011701444024
0.300018782101945
0.3000147660951824
0.30001784100051376
0.30001546865066797
0.30001760043809556
0.3000226266235133
0.30001441263844586
0.3000094647816193
0.30001070872604196
0.30001984341349797
0.30001561311128166
0.30003005198297417
0.3000157511058167
0.3000384853202347
0.3000494540167098
0.30004762966086385
0.3000447661464515
0.3000478931881382
0.30007163475479315
0.3000750016256467
0.3000738558771906
0.3000747388853561
0.3000517925633227
0.3000507335664544
0.3000521224224043
0.30004776181241233
0.3000488729829429
0.3000510721740359
0.30006037027901233
0.30007899156558104
0.3000993475465461
0.3000987521639432
0.30009909104061194
0.30008676029455994
0.3000883442155742
0.3000803403570247
0.30008166661527613
0.3000887862126239
0.30009294198969294
0.30010065430423094
0.300098883574205
0.30009604587748007
0.30009917779069273
0.3000912964050053
0.3000884750232057
0.3000910537178497
0.30009380542122077
0.30009913636585495
0.3000853596297347
0.30009148629418014
0.30008466019546065
0.3000815537656055
0.3000745773613581
0.30006197591697803
0.3000537992506309
0.3000565776715224
0.30006140214026567
0.30005961968135764
0.30005027600617173
0.3000561770976746
0.30006232038554637
0.30005401941435317
0.30003689534306854
0.30004054473196085
0.30004260380252035
0.3000374474902291
0.30003646395234507
0.30003684524519025
0.30003843804696895
0.300034755662829
0.300027571470719
0.30001589154405717
0.3000139686088329
0.2999951039133655
0.29997959598302215
0.2999721695083176
0.29997577531408315
0.2999830207721832
0.29997528756733594
0.2999739816615825
0.2999678267707796
0.29996998715776146
0.2999754628953267
0.29997401125127343
0.29997070099565004
0.29997270603080495
0.29996783708626384
0.2999534905945167
0.2999467312182924
0.29993462531069637
0.29992805367522524
0.2999251476807302
0.29992387528173325
0.299933127627416
0.2999323282426193
0.2999247064001821
0.2999047081975702
0.29992186157427225
0.29992869983899106
0.29992650229991236
0.29992545802221726
0.2999190971948398
0.2999195338586448
0.2999084881828077
0.2999003405215288
0.299895498842463
0.2998887780869023
0.29988139223521293
0.29987538057714824
0.29988278401821
0.29990128397473914
0.29990568430723286
0.2999126615914075
0.2999124540103124
0.29992266120653344
0.2999351723856938
0.29992833224813
0.29992248829890134
0.299917138535185
0.2999301594987671
0.2999363126393353
0.29993190169873374
0.2999375770404108
0.29995363820538334
0.2999460185194456
0.2999583556422465
0.29996534565352895
0.2999631715582063
0.2999597772116337
0.2999608177952472
0.2999748731774682
0.29996841167699784
0.299972597809987
0.2999894617852933
0.29998782353953224
0.2999939352473937
0.2999939123790565
0.2999953926050998
0.29999008404110505
0.2999966895905538
0.3000047511751178
0.2999997895691706
0.3000028821926667
0.299996377684555
0.3000017867106479
0.29999652847323877
0.3000011280872603
0.3000058363883219
0.299995251400732
0.29998340431651815
0.2999930579152881
0.2999888707501437
0.30001119913037333
0.30000628058760914
0.3000101052598396
0.3000091983129257
0.3000011142946991
0.3000126528507745
0.3000285122615233
0.3000375983314476
0.3000441444895947
0.3000461577315222
0.3000493890211934
0.30004817010082674
0.3000549711030098
0.3000617387033684
0.3000510455794331
0.3000451942687957
0.30005500334593216
0.300059490008422
0.300059998001161
0.3000575451394396
0.30005835700253014
0.30004881843182507
0.30005204500989247
0.30005122944660834
0.30005350182917745
0.30005814529321273
0.3000619627605583
0.30004429947510836
0.3000524093582905
0.300054877587534
0.30006560333850807
0.3000736417792428
0.3000693005609377
0.30007233507222175
0.30007428731884744
0.30008270701515305
0.3000771795243813
0.3000796046111557
0.3000949340236476
0.3000853242768261
0.30007308139323396
0.30007544437255085
0.3000720986567216
0.3000793808937877
0.300085578192375
0.30009918858413875
0.30010209602426285
0.30008802453934
0.30008855160630854
0.30009646115546273
0.3000947887131772
0.3001001204029471
0.3000920705362893
0.30009372872805795
0.3000814688795105
0.30007257854129277
0.3000619038861517
0.3000576476631126
0.30005937608235267
0.3000733263125617
0.30005395026059145
0.3000504868582421
0.30004454328430497
0.30004248450959825
0.3000358431971578
0.30003619532026093
0.30002383869560945
0.3000146836520674
0.3000076063617447
0.30000429928674455
0.2999951720063949
0.2999989694414704
0.2999972050899342
0.30000188544574524
0.3000008886797534
0.2999937378072237
0.29998458907690806
0.2999767084128583
0.29997435755246005
0.2999599435112439
0.29996028062801394
0.2999549806875782
0.299955026842571
0.29995466418857375
0.2999600366362808
0.2999598109203824
0.2999525333632669
0.29994696601934834
0.29993794831318243
0.29993551860832257
0.2999333261430428
0.2999177265534717
0.2998918668895716
0.299886531354297
0.2998950079562295
0.2998793663991851
0.2998802338524057
0.2998890694626921
0.2998958992594545
0.2999005037754775
0.29991965494872597
0.2999072849970411
0.2999163932027188
0.29992162507605613
0.2999189932080458
0.299911229476469
0.2999039828917749
0.29990014896638284
0.2998949643233093
0.2999003505238327
0.29990455382261116
0.29991915192031227
0.29993458237250137
0.2999269060938117
0.29994010584517017
0.29995662823205893
0.2999573195804065
0.2999622830060904
0.29997004532470095
0.29996306726676125
0.29996336877165286
0.29995796076612746
0.2999576734673849
0.2999585929848283
0.2999642745570883
0.2999648814115986
0.2999756126623171
0.29997890378986414
0.2999950062471881
0.30000277517746976
0.30001039814878916
0.3000210065378377
0.30001476283170014
0.30001552741947
0.3000115621762576
0.3000130305777077
0.29999768713353203
0.3000066665019189
0.3000140674419245
0.30002102089307936
0.3000380536128249
0.3000380882682121
0.30004387433756274
0.3000546935546361
0.3000560228453042
0.3000540807812163
0.3000470844521481
0.3000378097663454
0.30003841463517056
0.30004224491589415
0.3000392907326753
0.3000391523016237
0.30003449347566746
0.3000428063420779
0.30005315693301116
0.30005529363246364
0.300055627908172
0.3000708907963646
0.30007726040048044
0.30008002622384944
0.30008648760406664
0.3000801830851788
0.3000912224156287
0.30009173425800617
0.30009356376452834
0.3000958572281178
0.30009707799280105
0.300088742293925
0.30008840834543893
0.3000783700408407
0.30006714700453363
0.30006510507099027
0.3000622589334032
0.30005088070663355
0.30003522686783035
0.30004657357408915
0.300037557298643
0.30003508255211475
0.3000426472752067
0.3000377018804895
0.30003803903331805
0.3000394689261964
0.3000469130043888
0.3000350461519524
0.30002354064497827
0.3000284174721072
0.3000234886002707
0.3000286366816044
0.30002539752236856
0.3000240827700431
0.30002770532800516
0.30002869937964016
0.3000311995194689
0.3000275519643637
0.3000191246650773
0.30000952910170176
0.299998986353031
0.2999858410858002
0.299992210873667
0.29999645713301526
0.2999817023629704
0.2999798980854611
0.2999732269571026
0.2999684674212668
0.29997062385370654
0.29995693836149817
0.2999627294009528
0.29995903963593484
0.2999613897915142
0.29995847280950894
0.29995590118651694
0.2999530591763738
0.2999549692271557
0.299954354387877
0.29995066302950146
0.29994835495924976
0.2999451594753624
0.2999488206804838
0.2999624503363263
0.29996336616160646
0.2999505175908438
0.29994957248261866
0.2999468864766244
0.29995443106906006
0.2999664072732495
0.29995287171985296
0.2999397874190616
0.29995327179034337
0.2999372902723385
0.2999328337436812
0.29993603997593876
0.299928419386276
0.2999296710227959
0.29992740575739996
0.2999223397607107
0.2999184257001506
0.29991834492805736
0.2999213286103952
0.29992675992723106
0.2999359378847599
0.2999365105002787
0.2999392114811522
0.29994253597519704
0.29995714538159013
0.29995949457987714
0.2999570348634696
0.299958736162799
0.2999573226136326
0.29995027181387357
0.2999463205261752
0.2999525160873795
0.2999547064243301
0.2999479813101096
0.2999477623322069
0.29995214456342834
0.2999660421125534
0.2999723937349965
0.2999817154478215
0.29997852041201545
0.2999856215507041
0.2999904353368271
0.299991691338774
0.30000105767827323
0.3000124398765609
0.30001277240388957
0.30002121698087125
0.3000142858072009
0.30001244048357656
0.30001091804491775
0.30000651118684596
0.3000179281634695
0.3000243483217041
0.30001840060519513
0.3000215225975238
0.3000326688656946
0.3000290328894474
0.3000210347681268
0.3000279012850048
0.3000273254064426
0.30003194649308484
0.3000432559088856
0.30003286376942706
0.300025271843104
0.30002824965106534
0.3000301464563896
0.3000204157025699
0.3000165579065003
0.3000148748665452
0.30001921030129874
0.3000213184601769
0.30002752413975453
0.3000295126403837
0.3000290822007977
0.30003689617266394
0.30004160201269603
0.30004283438711177
0.30004672900361773
0.30005112397265465
0.30005545478530615
0.3000641053795893
0.3000596779590107
0.3000635118193352
0.3000634603131832
0.3000727105836922
0.3000694683312598
0.3000630873494703
0.3000727063660623
0.30007722786235747
0.3000814229268075
0.30009362507025183
0.30008917064229823
0.30009672246143104
0.30010499721894923
0.30010291132079814
0.3000935012271275
0.30009399539662773
0.30009676502500804
0.3000989636989916
0.30010430860732695
0.3000983609929794
0.3000976034175231
0.3000874226902124
0.3000903550402322
0.3000849161381991
0.30007578878110397
0.3000751658443136
0.3000707910244219
0.30005878952748044
0.3000546916602834
0.30005387325013233
0.30005247253727896
0.30005370926961883
0.30004155545343736
0.30005016116590955
0.3000507485634638
0.3000559459196307
0.300052071995783
0.30005294334110244
0.3000416644027988
0.30004635564515325
0.30004376819541334
0.300040232956299
0.3000398324693746
0.3000267550447332
0.30002830176661444
0.3000261065142512
0.3000201150769841
0.30000617581870903
0.2999996325024563
0.2999900459528472
0.2999921348659962
0.2999914853994624
0.29999755873811373
0.29998322800276833
0.2999851651059635
0.29998523306971847
0.2999756230029751
0.2999823322308026
0.29998655075967784
0.2999914306589643
0.29998773260450984
0.29998125869551306
0.2999871556720315
0.2999843612803599
0.2999869021578153
0.29999138331558894
0.2999852979869646
0.29997102794567554
0.2999671229256977
0.2999618748546665
0.29994571578582796
0.2999283055748646
0.2999210222450064
0.2999313540328439
0.29992542191965355
0.2999219662131962
0.29991918316799115
0.299927475205196
0.2999262175834917
0.2999207843390924
0.2999241545868322
0.29992771680826125
0.29992118708417614
0.29991317195333433
0.2999112607202
0.29990583922595926
0.2999029972719145
0.2999014407774552
0.29989575959903436
0.299900126829335
0.2999005760883985
0.29989771323602277
0.29990178658374556
0.2998997761591701
0.2999035980113137
0.29990131626149064
0.2998944143426253
0.2999001767077606
0.29991307284828517
0.2999192693796858
0.2999134891283939
0.29991085041090204
0.29991020429179516
0.2999075014410775
0.2999072581020158
0.2999118605441946
0.29992681745525707
0.2999301614357408
0.2999321449019545
0.29993223899412425
0.2999362590695144
0.2999395262787621
0.2999367442318792
0.2999447811544338
0.2999425791779985
0.2999478592591087
0.2999534070069827
0.29995939935402216
0.29996415453625946
0.29996831208343067
0.29997471824907296
0.29997543754249023
0.29998439962787293
0.2999931545064488
0.29999822707808066
0.3000038166296787
0.3000065295098855
0.3000088150136666
0.30001822197207795
0.30003522405150485
0.30003242155289134
0.30002494833979165
0.30003247299402125
0.30003871109085356
0.30003806995234317
0.30004008600159937
0.30004356121428044
0.30005321820938513
0.30006026709490785
0.3000637474313992
0.3000696863197133
0.30007502073739745
0.3000663089323895
0.30006980200144917
0.30007010319033256
0.30006533303971716
0.30006571894869194
0.3000663666062343
0.30007142539846343
0.30007845544975764
0.30007993173976855
0.300082194055326
0.30008477966190894
0.30009403249627664
0.30010019896864315
0.3000966558374094
0.3001003991754636
0.3000920946107162
0.30008997268932136
0.3000838976996639
0.30008349103166376
0.3000826793218426
0.3000632226264657
0.30005079801944834
0.3000551503884519
0.30007266123561904
0.30007420327722534
0.30008049569801876
0.3000783990639254
0.3000890810116008
0.3000863295255931
0.30009030274213233
0.30008647627642526
0.30009330920878063
0.30008334488627253
0.3000891852214338
0.30008496665895723
0.3000757174958819
0.3000648677421157
0.3000581034886516
0.30005418112406823
0.3000579608491478
0.3000543870734188
0.3000502638086838
0.30004749239892137
0.30005491059345646
0.3000477986433753
0.3000441415209111
0.3000520411820251
0.30005257937775587
0.3000471098350076
0.30004059644474923
0.30002931763499374
0.3000240036374796
0.300009390050735
0.29999652018194445
0.29998531443128285
0.2999777665278075
0.299967902329374
0.29994985880696345
0.2999368762675211
0.2999330512270324
0.29993644016120236
0.2999356406598629
0.2999229425778731
0.29993021116325325
0.2999335605259852
0.29992002087001823
0.29990571098968
0.2998891652118817
0.2998780349659558
0.2998819265981838
0.29988503728914495
0.2998803357786821
0.2998804220317024
0.29988756871671407
0.2998981567503334
0.29988711686735203
0.2998834505243281
0.2998961580502957
0.2998968699781288
0.2998958335086609
0.2998918933562561
0.2998917382273819
0.29990166281745845
0.29989339528660175
0.2998938124525633
0.29988838976886356
0.29989099250556306
0.29990085798171406
0.29990809307440225
0.2998988146643816
0.2999123344855077
0.2999255136848692
0.2999230086018235
0.29993083537804255
0.2999405057780332
0.29994017270395
0.29994202475619614
0.2999390472061807
0.2999357766073545
0.29994416617612407
0.2999468883746287
0.2999620350199319
0.29997651374824286
0.29998447189945676
0.2999884499186146
0.30000027292887077
0.3000029684304978
0.30001027994476703
0.3000190364967471
0.30002543996248554
0.3000235550923315
0.3000280985306003
0.3000365097720008
0.3000464369672967
0.3000547257058923
0.30004419992172826
0.3000529281531533
0.30004733966725583
0.30004612738259406
0.30006088710709533
0.30007032141009604
0.3000839297636969
0.3000752367980125
0.30006780434585334
0.30007207206620146
0.3000788412823058
0.30007781121132826
0.30007435300493523
0.3000770821117087
0.3000942129633106
0.3000889071015551
0.30008629211223037
0.300082722952838
0.30007897203249423
0.30007393678696836
0.30007525517383415
0.3000799794002895
0.3000972540580835
0.30009663855975954
0.3001022287152202
0.300099796704841
0.3001035518859756
0.3001085295451744
0.30009882833565893
0.30009819231830037
