0.499950000000034
0.543077431676624
0.5750820906734995
0.5992077003668821
0.6177286261761803
0.6309230372315731
0.6405767889339697
0.6482516325704464
0.6536761278434434
0.6583101288236184
0.6612487664009803
0.6628357189110534
0.6636304141862568
0.6631076390373631
0.662328660393584
0.6612520479617146
0.6592823719478248
0.6570299722595305
0.6543014413125074
0.6513988717227513
0.649008690123309
0.646679783535069
0.6442682457596354
0.6410663662260039
0.637444362367565
0.6342064768659863
0.6312441330419525
0.6281944761875192
0.6258592775507267
0.6224277065577486
0.6197434445082232
0.6170228073376726
0.6152434781926284
0.6129442866952042
0.6104825813903543
0.6069988712810113
0.6038051605758326
0.6019286668080924
0.5992501447259473
0.5965502207192827
0.5937123931011078
0.5913258593398176
0.5878257068323558
0.5852397449475479
0.5819624875300005
0.5792575159441191
0.5773832544196931
0.5744830895830727
0.5722177074997681
0.5701430177339548
0.5676507825356973
0.5650402632290042
0.5630107122134933
0.5614548564399958
0.5585630807172515
0.5566082966413308
0.5542520386621184
0.5517263712076752
0.54928365389019
0.5469897483408614
0.544859583590295
0.5430081165857665
0.5410946480570632
0.5390513133880219
0.5368100649140536
0.5351742852185049
0.5332726208591911
0.5316259531737211
0.529547822780936
0.5275376492804241
0.5255971968707346
0.5230370120271925
0.5209979954807126
0.5189000042387835
0.5173758687191938
0.5157739812972266
0.5141580412628329
0.5122960174247708
0.5105314296298029
0.5084786313771452
0.5073746356052997
0.5059496542198068
0.504279902966146
0.5026851786974147
0.5007539748806085
0.49925889682944313
0.49776781028770845
0.4960708731886556
0.49438949719285574
0.4927232683609247
0.49110110140929153
0.48941862221998556
0.48811819918740695
0.4866969531713664
0.48525722514222436
0.4839228521727581
0.4829033407375164
0.4815906415124199
0.4801708386436383
0.4789688965552832
0.47781657628021446
0.47615502909165586
0.4750443415110003
0.4738230895783565
0.47222521365603687
0.47082211759709325
0.46968209517837456
0.46796429618132596
0.4668472626240284
0.4653057608333422
0.46427306416701686
0.46296255160723454
0.46175631798269545
0.46061906247471485
0.45954061802612955
0.4583813477333184
0.45709136932920735
0.4560252008411453
0.4545783742490883
0.45369739474938797
0.45224458196912143
0.4512146446860893
0.45010367768986514
0.4486270955811198
0.44772791758161345
0.44664187266110245
0.4453742889042763
0.444362511876789
0.443483116490509
0.44246518298900306
0.4415627907302556
0.44031015433822274
0.43913049536783877
0.43778820858077117
0.43668282022405214
0.4354038549133601
0.43446477563042984
0.4334068895531237
0.4323913232874288
0.43153559730142244
0.430436901004163
0.42927004448900963
0.42844927771587293
0.4275636617309747
0.42654668565083753
0.42566367018398843
0.4247088827328559
0.4239497150310706
0.4230644483117585
0.42211646481762455
0.42139327950650995
0.42048464774213035
0.4196773734450503
0.41904077560726394
0.418177207622626
0.4173882228925342
0.41658515259020623
0.4159314701183153
0.4151833585702336
0.414406849263404
0.41340413286085176
0.4129092869562948
0.41194367017783706
0.4110782298832205
0.4105309367744956
0.4095620749395359
0.40866903681769173
0.407677597639276
0.4066896596381494
0.40574607550108666
0.4048418393273293
0.40425564700269023
0.4033904492278766
0.4027860390055843
0.4020131156953691
0.4011833261955273
0.40053429315493605
0.3996415262084967
0.3987306437338838
0.39769007165622927
0.3970313202849173
0.39645103448990937
0.3958023667520577
0.3951044804037641
0.3942524326238145
0.3935832766116385
0.3929718833221474
0.3923067554569366
0.3917371544441466
0.39112459223026264
0.39031422198829946
0.3896110843086896
0.389045342577817
0.38845258178950215
0.3877984545127863
0.3872071796912402
0.386647400936625
0.38602299469358137
0.38542330523594015
0.3847359977370145
0.38398519806998277
0.38321893424931497
0.3825203671676679
0.3819117195734527
0.38117894606407254
0.38072808810613656
0.3800642680502956
0.37939848734956516
0.37870355401350675
0.3779522933390532
0.3774285360480254
0.37677280108898237
0.3762935290041103
0.3756732227073094
0.37501267712008624
0.3743816759122518
0.3738040131557402
0.37335405978058145
0.37273500206206045
0.3721720743118092
0.37146650387270264
0.37098335674503513
0.37054283636589924
0.3699463277264292
0.36939297140022465
0.36890428212582904
0.3684698771873508
0.3680617587709617
0.36741531707740427
0.3668810684418107
0.36644632516860165
0.36566405888039033
0.3651128614629965
0.3645406040407634
0.3639544582612074
0.3634903907654793
0.3628906969384226
0.36248915840651297
0.36199209026908274
0.3617449359860716
0.3612936729698265
0.3607595812945814
0.3601058780334846
0.35962535404831586
0.359097320656122
0.35857098400931786
0.35799046065692186
0.35748159955135206
0.35687517407040403
0.35640465510362085
0.35597575964684236
0.35546202840643726
0.3551155099509238
0.35465194096281427
0.3542586407500088
0.353479152392146
0.35303478750321826
0.35254318905626414
0.35211089533498185
0.3517219862378197
0.35129138346840394
0.35075130335929683
0.3502475594276978
0.34985466180513425
0.34938025258400407
0.34890623173992086
0.3483496914037697
0.34810855176963296
0.3478014671113011
0.3473685022128189
0.34688712708935177
0.3465736906534401
0.34615877913138915
0.3459178831248283
0.34548723903998213
0.34504334525660385
0.3445529092827415
0.3442123535500402
0.343839453919365
0.34348288547598194
0.34286197809447927
0.3423327830544731
0.34198868248395087
0.34151075676622455
0.3410309480180024
0.34034077157222753
0.3399513968695532
0.3397104394440795
0.3393932326598431
0.3390610164054063
0.3386160566633537
0.3382402229569026
0.337819647711179
0.3372294509593381
0.33685568219110584
0.3366218973849524
0.33627097834149866
0.3360098679274285
0.33561913783590636
0.33521964192631104
0.33474220028319623
0.33427451251322715
0.3339530858541442
0.3334817612128851
0.333017778701459
0.33268432293462635
0.3322731500062537
0.33184019746004056
0.33139134278434823
0.3309317796947462
0.3306939550174942
0.3303051074325093
0.3298320827964668
0.3295438260792878
0.32923823086183623
0.3287977767316257
0.32839424159503194
0.3280915474003041
0.3277073619385037
0.32753009354797447
0.3273302775631848
0.3266557937842711
0.32642502931925554
0.32600066520850246
0.3257164286041261
0.32523289879806117
0.3248657325581902
0.32455342890622496
0.32407381662645585
0.3237676660758324
0.3234102988622245
0.3231292013221452
0.3228738217931444
0.3226991683937628
0.32235996720802196
0.3219727347188134
0.3214506297452816
0.32114626236781285
0.3207724220428718
0.3204724274745976
0.3201141841626557
0.31978251481185516
0.3194738492019129
0.3190599667754086
0.31866240881101404
0.3183154229955565
0.3180524620902395
0.31774654495960986
0.31742118310543754
0.31721852393367744
0.31709692612459695
0.31670632704302815
0.31634666627098984
0.31591073232764255
0.31558336540802023
0.3154558789219707
0.3153295604450934
0.3148719398535742
0.31456237958200617
0.31415403197686775
0.31371394714711565
0.31336586276128797
0.31306402285939994
0.3128540919325501
0.3126654742909961
0.3123791641772704
0.3121965654210105
0.3120192035473226
0.3117579187683446
0.31155538375725633
0.3112365920523119
0.3110267584779992
0.3107757108189785
0.31045566647539247
0.310052847853997
0.3098774895165204
0.30967604761434786
0.3094146696053047
0.309236376123015
0.3089906604074567
0.3087354326451225
0.30853371602617174
0.30835716955856185
0.30808437842794667
0.30784685922914845
0.30751109571545376
0.30722115246785875
0.30690465419628465
0.30672898294417483
0.3065912637966106
0.3063201666307823
0.3060439462039495
0.30575622509194933
0.3054254864051571
0.30515092455930215
0.3047905203515908
0.304543471624973
0.30447080712991403
0.3042797103587098
0.3040659688624908
0.3037886166725168
0.303641063657178
0.3034305004139939
0.30309491417539547
0.3028650686582224
0.30268987974901984
0.30250226630367294
0.30220938268749353
0.3018711943123227
0.3014686634449568
0.3011927309968009
0.30087472862290143
0.30055901485795966
0.3003676734892591
0.3000698153570309
0.29981328153995424
0.2995106821292769
0.2992539606591538
0.29899326011178473
0.2986714485505555
0.2984600952105102
0.29819675092318276
0.2981953102134255
0.29794634013278953
0.29780854478274355
0.297574015596597
0.2973458952532102
0.2970953449349436
0.2970372436253763
0.2969109857114922
0.2967402610046551
0.2967131614353352
0.296556759960928
0.2963835726212898
0.2961753693506718
0.2960684585388311
0.2959548700303266
0.2958420802828219
0.2957450723006573
0.29563277600096094
0.2956474659234627
0.2956238143796944
0.2955042367331414
0.29545344075619306
0.2954083214689299
0.2954789893840596
0.29550085990259956
0.2954211637993627
0.29548682107894764
0.2956414853577706
0.29565548850097145
0.29564700189321047
0.2957407998187458
0.2958374738869459
0.295756827065242
0.2958067276742179
0.2958632672957965
0.29595094705182623
0.2960459407957976
0.29618828440227096
0.2962767069666076
0.29631324326598996
0.29647306124522776
0.2965021942934103
0.2965362162916656
0.2965779182105689
0.29668422504863756
0.2968368841479663
0.2968247230836053
0.29693855114790235
0.29713036658998704
0.2973163286871856
0.29747226233566404
0.2976234000546548
0.29783918553754596
0.29806458317261464
0.29816480172516757
0.2983447162831997
0.29854543029704583
0.29871646320176326
0.29889967349889424
0.2990624714157303
0.2992249858102264
0.29931773617980295
0.29946828000033077
0.2995286992818901
0.2996735569691761
0.29978754964551324
0.2999846516208161
0.3000339666429893
0.3002740342673663
0.3004626047946658
0.3006732280065241
0.3007963289043002
0.3009200389974418
0.30110238030298053
0.3013098949735463
0.3014159347250881
0.301529923994738
0.30161737238073105
0.30182029291707135
0.30195167995078465
0.3021284046634446
0.30227033227761857
0.30229214734313936
0.3024207476459756
0.3025296235520524
0.3026473571568419
0.30284085818473117
0.3028414867672783
0.30286293977002365
0.3029529281451858
0.3030462587013757
0.30312135495091774
0.30327558966658297
0.30327468979609784
0.3034049310908954
0.303448985517798
0.3035457472290223
0.30352289763813634
0.3035489666113552
0.30361437187946727
0.3036886670400565
0.30379857816326095
0.30381936399816967
0.3037621122833648
0.3036874891644561
0.3036623640059428
0.30367687143689237
0.30369519786360977
0.30369102934477954
0.3037475069341409
0.3037118319932526
0.3037021472991793
0.3037220523634955
0.3036992252727717
0.30373246297767964
0.3036679194867714
0.3038019471268263
0.30379458477961063
0.30387706072254794
0.3038768599718725
0.30383155018559216
0.30379212042209724
0.3037892965707871
0.30381391706775673
0.30379557587084305
0.303762330733537
0.3037668753277756
0.30371465009722576
0.30365350492954046
0.3037130134413557
0.3035805239356386
0.30350941773938733
0.30335245750940865
0.30336011495875304
0.3032502847854128
0.3031621001596275
0.3031159989527831
0.3030678006043186
0.3029964056036264
0.3029481590647678
0.30298669660925714
0.3028437668796269
0.30278064706465635
0.3026301869327852
0.30258796555501355
0.30251778820959274
0.302352956342103
0.3022366415765302
0.3022282487927306
0.302101579076698
0.3019688121368497
0.3019125063972298
0.3018591216564037
0.3016925103343452
0.3015656694560852
0.301505146261704
0.3014106706088674
0.30136626033787695
0.3012530332130682
0.3010938557134456
0.30108689430141733
0.3010335822919934
0.3009529057697017
0.30092596926105974
0.3008364433156594
0.3007358094291318
0.3006274404523215
0.3005693398353376
0.30052966083205945
0.30042805930313
0.3002839464453909
0.30020497451074946
0.30007203569101126
0.2999958862839166
0.29990289409567106
0.29991245940868394
0.29982949307132345
0.2998480771028871
0.29977207371443304
0.2996930347020479
0.2994735853641963
0.29928220738500855
0.29926805738343754
0.29926812323609064
0.2991005664706321
0.29898675482786263
0.2989127091699576
0.29876430545633603
0.2988355035864333
0.2986452475437542
0.2985833711683069
0.29850467258058766
0.29837448154607515
0.29818124440848426
0.2980406167222748
0.2979926027767711
0.2979546862938732
0.29786498078532897
0.2979294309495728
0.2978477099428719
0.2978164097925964
0.29784308109814484
0.29785446284896555
0.29791535778825795
0.2978186155988667
0.29776121126927824
0.29772514090838176
0.29773954196941455
0.2976975271867196
0.2975234553415279
0.2974316216083127
0.29742734612599053
0.2973504162632652
0.29736950748891866
0.29731444740980184
0.29732167502549967
0.2973601968984486
0.29744118641668105
0.2974339701526264
0.2974620143963126
0.29755261795830845
0.2975630703158356
0.2975218419915231
0.2975549755989245
0.29750052090903933
0.2974857547013817
0.2975111612416691
0.2976259742135471
0.29762741510653956
0.29766420462983256
0.29766669988064276
0.2976771073386333
0.29772902024705394
0.29776553527209804
0.297788715760265
0.297959208268763
0.29801400735344463
0.29803674211718056
0.29818232734284456
0.2982782723258006
0.298371085084954
0.2984348721074377
0.29856153797297635
0.29856941838095574
0.2987347367871419
0.29881650268501836
0.29893699060844914
0.2990878453570587
0.29921469648816046
0.29928135635001507
0.29933789615211703
0.29946048531094693
0.29957997011494086
0.2997496206875774
0.29981383669878003
0.2998773137472853
0.2999825698475157
0.29998337272854536
0.30010512107965837
0.30024597447715073
0.30042055052274297
0.30055221006566724
0.3007033013429842
0.3008042240295775
0.3007731417199405
0.30086555665643133
0.30095258650021905
0.3009147930743391
0.3009772186390558
0.3009732224015994
0.30113032389892536
0.3012293360980657
0.3012679617673003
0.30137490535834843
0.3014811735571793
0.3015565774523149
0.3015713991612029
0.301733004614537
0.3018266245107132
0.3019367113931133
0.3020568422647961
0.3022283090208965
0.3023249194829082
0.3023658347469188
0.3024240519622058
0.3024187387798213
0.3025387238297397
0.3025595779565654
0.3027006077785356
0.3026886829835891
0.30278538659598797
0.3028366084172962
0.3028438453056288
0.3028193888752455
0.30293498808153263
0.3029208377362862
0.3029425988979355
0.30291628986318164
0.3029549019154618
0.3030141183972608
0.302987060846704
0.30303704020938904
0.30307473356669345
0.30313647834643687
0.3030984024505834
0.30308306894637016
0.30297864350996695
0.3029644773211808
0.3028670771363652
0.30278887927401976
0.3028878051051376
0.30283447965809906
0.3028584441423191
0.30272705536499
0.30266492148769697
0.30265713537810046
0.3025815870032226
0.30258311197091536
0.3025095624023828
0.30246173372696217
0.30251429006157926
0.30242854311978096
0.30238143470234613
0.3023338519214096
0.30230705900180044
0.3022109475994491
0.302079107539046
0.30207343332360415
0.3019522425476885
0.3018973998164056
0.3019119110742269
0.30191439455562263
0.3018975788595787
0.3018194147589581
0.3017884444481944
0.30179786326199753
0.30164998863948866
0.30154529952224396
0.3014986735305927
0.30154411904336453
0.3014926168757466
0.3014631159493819
0.3015653028389933
0.3015163071805458
0.3015125137107574
0.3014809600175039
0.3013819401161857
0.3012395292698795
0.3009958481477606
0.30086511606223243
0.3008332989353356
0.24797362793822808
0.24511411476484402
0.24518018018807342
0.24522730074591648
0.24531708862942514
0.24545787751003167
0.24565820371382774
0.24584487103299513
0.24610352618213638
0.2462084684057586
0.2464726509826074
0.24665732092583215
0.24698147400782045
0.24730526056120306
0.2476428455632077
0.2478261931192467
0.24803377268035365
0.2482995272153723
0.2485475886682298
0.24874616841398656
0.24909197047402876
0.24933521380222468
0.24953145488514272
0.24987848212916408
0.25007648249998016
0.2502754533088861
0.2504595859779227
0.25064781837324324
0.25095765914767154
0.25125742339589074
0.25145474332296025
0.2516282014849328
0.2518064854606574
0.2521109534463566
0.25219094484791094
0.25238537563113994
0.2526482529201868
0.2528154701267561
0.25296147921346057
0.25315964909308764
0.25335876942033875
0.2536490250531849
0.2538638540840745
0.2540672064196823
0.2542991814337414
0.25449622909773506
0.2547175337163379
0.25498750157327565
0.25522278617854155
0.25540630147720045
0.2556073292168157
0.25584940434947057
0.2561845575139923
0.2562709468622206
0.2564425015700974
0.2566498770205963
0.25686359074186715
0.2570689520368741
0.25730034592457374
0.2574911446413972
0.25764824304984846
0.2577584879183872
0.2579599485476779
0.25820415186509627
0.25838282569378157
0.2585763550778831
0.2588313995107392
0.25902336475671295
0.25922924047931817
0.25938822821726715
0.25957389001674647
0.25986971059065467
0.26007146122216795
0.26028559726883393
0.26053336457901943
0.26074345086490514
0.2609767874679194
0.26109756506937454
0.2612676596516087
0.2614651400220124
0.2617060136645325
0.2617896204296821
0.2619802903174987
0.26222173853668007
0.26246595084796087
0.2625896206538251
0.2628158768427
0.263052614502135
0.2630891872842429
0.2633379233342322
0.26355604266991217
0.26378957305754946
0.26411013725857
0.2643427821801315
0.2645622240248129
0.2647316975616284
0.26488270019962046
0.26509654761732315
0.2652564963674382
0.265392877750423
0.2656696689326029
0.26585715242589014
0.26605322497278727
0.2662693601280416
0.2664967906532748
0.2666967599685601
0.26687695508704246
0.2670579825157262
0.26725055378302587
0.26749041060781165
0.2675675694694798
0.2676457777098944
0.26787368345288265
0.2680257544680046
0.2682346143716948
0.26827393373631536
0.2684029362828486
0.2686499025728639
0.26879647364829196
0.26903241283306867
0.2692786712169287
0.26951332155090446
0.26971530082986184
0.26982325747586444
0.2699772563158662
0.2700869914825339
0.27034233178332656
0.2705758215108037
0.27073648267676
0.27084402978625244
0.2709927801369557
0.2711605085353812
0.27131710379123564
0.2715083466461067
0.2716853870991537
0.2718473317173935
0.2720785592803743
0.2723466651229224
0.27264003882252663
0.27287549624138185
0.2730019497567556
0.2731972682746887
0.2733857806614636
0.2736303718251888
0.2737886174199412
0.27395055154907044
0.2741684173277238
0.2743500662331724
0.27454086733747163
0.27465611958264635
0.2748624281595169
0.2750871207869321
0.2752354930759784
0.2754247356714806
0.2756420109727299
0.2759171449926031
0.27619818567953325
0.2763254172602113
0.27659364324767655
0.27689019940525805
0.2770872813233066
0.277254026535115
0.27742488568833856
0.2776131765066213
0.2778153349384106
0.2780213900927694
0.2781822122297458
0.27838060433696765
0.2786173365627236
0.2788343608579118
0.2790421201000586
0.2792456635293423
0.2794898480437079
0.27963310057834323
0.2798265657823974
0.2799948469974408
0.28018207973633047
0.2804013271522804
0.28054082639904787
0.28073448014013813
0.28086950217807394
0.28105196106823194
0.28123240491668466
0.2814123287328889
0.28157158240731794
0.2817516344292227
0.2820031592640736
0.2821952364164413
0.28241146783475457
0.2826446245166905
0.2829053541478286
0.28302698486001576
0.28319443034223435
0.2833179890844838
0.283595441467958
0.2837659918172032
0.2839517809841652
0.2841626852581739
0.28440200243797875
0.28460166115102725
0.2847548311200112
0.2850072124710361
0.2853535745477743
0.2855036944389302
0.2856357239660604
0.2858801735795854
0.2861370751880683
0.28630183161222944
0.28655711190961985
0.28676767911030665
0.2869688245328501
0.28721807350153283
0.2874181714687598
0.2877014103567176
0.2877554915485555
0.2879287274329896
0.28808291552638887
0.2882693969384347
0.28838874284961713
0.28859402528847267
0.2887554218610817
0.28884055763205574
0.28915466265800793
0.28933550818866294
0.2895132735115631
0.2897258473868034
0.2898826208440557
0.2901376472482211
0.2903201989181393
0.2904783534238766
0.2906361196716738
0.2908690478610668
0.2910338933677111
0.29122584080885994
0.29139053474238463
0.29159239075332033
0.291771533459638
0.2920063711324835
0.292231172163672
0.2924565878948625
0.29267449520485267
0.292900253011937
0.29309307845820687
0.2931884844340211
0.2933125144340898
0.2934954527053004
0.29365478312114335
0.2938274498202872
0.2939898991558282
0.29414268551080347
0.29435250732779095
0.29452459276039
0.29452999335671104
0.29476676498616694
0.2949135445764526
0.2950991348209292
0.29528745546721014
0.2954693160456522
0.29567595058039764
0.29583414492846494
0.2959697635284957
0.29621316605746495
0.2964227405236216
0.2965695232980715
0.29674549653686033
0.2968325441264743
0.29698592889139086
0.2971709300499322
0.29738179600245696
0.29750779580679554
0.29774163125835074
0.29793346084899464
0.29811230809380285
0.29821966282106127
0.2984510004402665
0.29863005368054507
0.29878211802839516
0.2988709022196595
0.2990375673892486
0.2992272539148988
0.2993996329807731
0.299595909879269
0.29980344220570354
0.29998699257617534
0.300161548076354
0.30032451876540434
0.3006123597640433
0.30068897193307786
0.30085975745457116
0.3010349119260961
0.30122032242046026
0.3013812236698722
0.30155629533091355
0.3017069947163533
0.3017658773448094
0.3019196670536035
0.30207919618375834
0.3022875666612783
0.3023796663153778
0.3023303878494009
0.30253523308031904
0.30263776885566684
0.3028438714013464
0.30306327232057795
0.30315221413476934
0.3033666490840933
0.3035143711815099
0.3036198569752563
0.30369282595278857
0.3037979380825705
0.30385793382269366
0.30400658674440384
0.30407341798660037
0.30410770783803265
0.30423404378486185
0.30433497802695564
0.3044248191405241
0.30443495671204346
0.30449119634590094
0.30457723782400836
0.30468942213290284
0.30473085400610755
0.30477678920361784
0.30480282040209283
0.30481823777348926
0.3048951232925652
0.30488509211589054
0.3049070590591355
0.3048972860574001
0.3049579709193231
0.30500175889106573
0.30506869302744377
0.3050529093528038
0.30504864523854835
0.3051007560943756
0.30514754825077883
0.3051804524722964
0.30515000647710155
0.30518640524742824
0.3051512741098733
0.3051280973203435
0.3051695714433351
0.30517668665210673
0.3051050344893548
0.3050872625196124
0.3049356213850887
0.3049029984795727
0.30489578388071836
0.3048511888997585
0.3048171892613263
0.30484105280038143
0.3047822513170735
0.304724227067504
0.3047468293758405
0.30471055141579073
0.30462686220222257
0.30467093649519106
0.304596491848923
0.3045617970302228
0.304501376249357
0.3044230394391474
0.3044790853788589
0.3044122647286648
0.304282079553713
0.3041796144027822
0.30421372644737077
0.3041864431814588
0.30415153908694803
0.30406674148826496
0.30403615220808267
0.30402453430698184
0.30391915866475694
0.30383148095699997
0.3038222127831107
0.30370627098277947
0.30362395621187843
0.3035504706272173
0.303413746627738
0.3033059898456709
0.3031957157515047
0.30321812074339105
0.30311562992201946
0.3031209892950689
0.3029758645154619
0.3029071832536121
0.3028413645948914
0.3027446421708023
0.30261810135402245
0.3025467186479829
0.30244558463094673
0.30231715763976175
0.3022908590354052
0.30222582939694786
0.3021761145453915
0.30208477964067104
0.3019888973816759
0.3019042110426352
0.3018666532614288
0.30179972771092434
0.30165769554908406
0.30160661228785457
0.30151307831450225
0.30148791184553003
0.3013807206548399
0.30127518155428723
0.30122424058662545
0.3011340207774299
0.30103409454899954
0.300938187246945
0.300873285259889
0.30081997875645006
0.3007314492951586
0.3006390070185935
0.30055878671900416
0.30051040001960816
0.30041780631932824
0.30031032993270046
0.30024517989489663
0.3001386404676031
0.30009496303916894
0.29995817341116937
0.2998610190271085
0.2997308079892721
0.29963143683419236
0.29954273265328746
0.29943011123698904
0.29934941702870876
0.2992493744665845
0.29918498020334416
0.29908800932387414
0.2989517394784198
0.2988146115987268
0.29879244009780714
0.29873104742390877
0.2986410968579206
0.2986304015089837
0.29854672540960026
0.29856184623189064
0.29850673423206
0.29851777170644267
0.29849128082576715
0.2984912061886199
0.29850451504370146
0.2984488491090924
0.2983277967137342
0.2982691845974629
0.29816723892218233
0.2980893757990717
0.2980608464253115
0.29800277703269074
0.29792143280961014
0.2978618233604289
0.2978609054708893
0.2978719650366145
0.2978404516969706
0.29779328556759455
0.29771733015266955
0.2977737070984282
0.297762567134201
0.2977544621451852
0.2977739220235447
0.2977475822122977
0.29778877786835467
0.2977256926811186
0.2977502529771663
0.29774378988117445
0.29775103377792667
0.2977212747722303
0.297692537034296
0.2977352220394598
0.2977405908241002
0.29772614650769424
0.29767001337250176
0.2976582702462819
0.29764096191924705
0.2976160834266356
0.297619703474159
0.29764647333503236
0.2976317573999123
0.2976463633402706
0.2975640195719711
0.2975310460353089
0.2975738841378016
0.2976651458874635
0.2976207990671601
0.29767000962019696
0.2976837806296424
0.2977377887750714
0.29780553180340585
0.2977864842956601
0.2978549222132807
0.297903027688184
0.29799883151815865
0.2978712411311064
0.29793362125708234
0.2979429739241355
0.29799762582304257
0.2980669481304713
0.29813518341864387
0.2981094992730583
0.29812353495436494
0.2981796286573667
0.2981951764229338
0.2982401476461122
0.29830839229621664
0.29844385947948837
0.298478641997884
0.2985561584026968
0.2986217624341756
0.2986508838023172
0.2986715528197762
0.2988138966195225
0.29880953441478253
0.2989591305201762
0.2990213106587575
0.29905430238822006
0.29907907123541444
0.2991682083532221
0.299193032929423
0.2992886869223347
0.29936636818552964
0.2994295175745415
0.29947090508021146
0.2995382226974904
0.2995864881427013
0.2997029686534386
0.29979853591920647
0.29986436533766914
0.2999262475188025
0.29998204516550964
0.3000920247841571
0.3001180498367888
0.3001666154445255
0.3002233957918309
0.30029087046337943
0.3003527301014852
0.3003926652923725
0.3003727268185139
0.30040136481707713
0.30045949623909474
0.30056811950463946
0.3006328967280163
0.3007119575902065
0.30074804932484545
0.30076182035008636
0.300875440150265
0.3009415669884453
0.3009651439936868
0.3009586744541436
0.30103776196986476
0.30111415360617966
0.30112067397990083
0.3011746292030886
0.30119606090489315
0.3012940891051179
0.3013035954817376
0.30135759913208016
0.30143165410121764
0.30152575114199354
0.3015471236594818
0.3016333298526138
0.30159734357710266
0.3016936660953127
0.30157497009651146
0.30158967021131755
0.30161713740767726
0.30159773220823227
0.301609208821927
0.30157658316103386
0.3016068515825525
0.30162348320917143
0.30165427621959906
0.30173377448493444
0.30180734169991363
0.30178091555051145
0.30169986013229577
0.3016743785369289
0.30175892646386704
0.3017992576514813
0.30180728120307787
0.3017328405463552
0.30171881939137823
0.3017838682708265
0.30171726017815226
0.3015145611981572
0.30150827842815375
0.30151301681417464
0.3015078676831118
0.30147319428551866
0.3014624796888917
0.3014576797500209
0.30149223340325126
0.30153726668186676
0.30163394867686344
0.3016029728808146
0.30160544416028234
0.30165160822789594
0.30167359672148764
0.3017414417855455
0.3017880852355118
0.30185905755334674
0.3018694749621941
0.30184502680871894
0.30175308795238986
0.301766719785328
0.30174023190746335
0.3017126338711634
0.3017561975900178
0.30176050230629514
0.301758455804345
0.3017331848007878
0.30181714797071324
0.30177849608843343
0.3018247360662236
0.3017627811564475
0.3017505130411886
0.3017122943128401
0.30173834610649897
0.3017071295437903
0.3015739189398544
0.30157002976944336
0.30155010864367304
0.30158908298490505
0.3014999627067514
0.3015674710832593
0.30155972457964886
0.3015658070231676
0.30155033001115883
0.30152615392223925
0.30149512358274944
0.30146325707305455
0.3014733942888048
0.30146195429603795
0.3014018452511591
0.3013895790698059
0.30136594722423926
0.30123206109747946
0.3012085331056238
0.3011570222429857
0.3011789398923538
0.3011057155028277
0.30107392159327695
0.30108170990697025
0.30105954733892304
0.3010611455314851
0.3009943360508339
0.3010074737006643
0.3009857972519877
0.3010018736355413
0.3008838828737739
0.30090586567181155
0.3008286826751495
0.3007549763701901
0.3007610875910105
0.30074976910075746
0.3007286692414034
0.3006877579010523
0.3005804096825687
0.30060390681083515
0.3005874036269761
0.30059488301396864
0.3005670864797818
0.3005055961000792
0.3004478705051047
0.30042538096280635
0.3003714711636346
0.3004585126992212
0.3004343717975734
0.3003713831799405
0.30030539345543694
0.3002542521871737
0.3003132810571365
0.30036476599032313
0.3003075286887551
0.30025357206094927
0.30016316962594347
0.30010555458540555
0.3000963014481597
0.3000588526876068
0.3000301835845507
0.30008305505466637
0.3000435792441212
0.3000209992252202
0.2999980078082316
0.29992692419130706
0.29999828802738315
0.3000180072852987
0.29999452652598757
0.29992231154826743
0.2998488556769239
0.2996507072274168
0.29959961509208344
0.29950905737647826
0.2994917306429602
0.29936189332900565
0.2993245092009691
0.2993333055603419
0.29922654917256086
0.2991972793156671
0.29917446290393934
0.2991404993306722
0.29913174586962166
0.2990877961276156
0.29908637469968224
0.2990652060264246
0.2990886070246984
0.2990469927967039
0.2990415921001992
0.29907536035293136
0.2990148961899468
0.2990290470737319
0.29906896590771426
0.29909542978376424
0.2990277563325996
0.2989873290590769
0.29893466795400336
0.2989027311434629
0.29887150476050883
0.29885021204350803
0.2988396618326473
0.2988311521691046
0.2988244253519251
0.2987973000025781
0.2988712524951562
0.2988449569460683
0.29879801509550075
0.29884723150336523
0.29877603277045606
0.29879255261390125
0.2988722442221696
0.2988797727684478
0.29885105891379027
0.29898239833292894
0.29903347336908526
0.29903862933583003
0.29907758629724013
0.2990214391643411
0.29897042353906134
0.2989576566021571
0.2989956611083744
0.29899985451151856
0.29896686086400825
0.2989997800730325
0.29899338887426885
0.2990800591912818
0.2990759148216722
0.29913525696531185
0.29912663401837636
0.2991412117853185
0.29911631713368525
0.29906511165259353
0.2992160592393853
0.2992009930560341
0.29920870061952765
0.299169659301024
0.29918412117697823
0.29926193442419924
0.299243049199456
0.2992322585640449
0.2992516411584495
0.29913730227178004
0.2991669366642594
0.29919381180304405
0.29926303664911436
0.29920723178129105
0.29926305525131014
0.299329756145978
0.2993583313249021
0.2993890054067483
0.29941412326521866
0.299429803072745
0.29937176483403494
0.29938859887077796
0.2994043125677708
0.29940388877882784
0.2993968962458128
0.2994240482387771
0.299449070487375
0.2994694798503301
0.29952196265765385
0.29948580527648827
0.29946686326455874
0.29951729663124504
0.29952324866646396
0.29960670326926964
0.29966003850368284
0.2998261297237961
0.299835474968841
0.2998532272911838
0.299824414970162
0.2998464208343
0.2999020181739701
0.2999331709378802
0.29992457073873924
0.30001070798273366
0.30004462943329335
0.30008561568402914
0.3001720509996224
0.3002058000228308
0.30022443044973235
0.3002553825326888
0.3002890698031827
0.30030557366746735
0.3002826114950259
0.3002731564278268
0.3003232928807654
0.3003569677891288
0.30039799193273276
0.30029032512207054
0.3002961714645368
0.30032259124699223
0.300343258789892
0.30031836819601876
0.3002744833697256
0.3002578393963723
0.3002516893210734
0.30025253451933875
0.30027261850526
0.3002615136769753
0.30022664589836046
0.3001853576473783
0.3001654690629938
0.3001337014136153
0.30015431994124286
0.3002297036114061
0.30030343489442524
0.3002901170016504
0.3002942481683454
0.3003359304311062
0.3002414994216812
0.30024926322698087
0.3002977120050607
0.30032064137550885
0.300309231314708
0.3003224771570877
0.30039697155572076
0.300314849212147
0.3003412113222168
0.3003826097965103
0.30041862669018427
0.3004592893378917
0.30051510932217895
0.3004918028909844
0.30049079051615446
0.3004510035575626
0.3004597026920304
0.30051395844022843
0.30051248862216584
0.3006061131557731
0.30064561048552985
0.3005776376457775
0.30055849426123227
0.30052898332809175
0.30055836148787995
0.3006293308628103
0.3006230721182218
0.3007063575318689
0.3007314150649629
0.30069683808392644
0.3007453343689114
0.30079411285709257
0.3008797803251493
0.3009386383458015
0.3009099494312556
0.30091452711719724
0.30095757520514976
0.3009825207384521
0.30096193471961485
0.3008594949982256
0.3009538966719024
0.3009822086725714
0.30102507967379366
0.30107645057849
0.3009692564953267
0.3009347758819244
0.30091429159947225
0.3008626223149311
0.30084786853468837
0.30077610157459245
0.30079750592526866
0.30076699420468256
0.300769789995308
0.30071690453196864
0.3007083237901812
0.3007398307161069
0.3008023007529661
0.3008851179912012
0.3009360374037011
0.30100526972413133
0.3009996774914473
0.30098570303995487
0.30097939575495003
0.30095857848455443
0.300890861432609
0.3008938582038295
0.30092667540610474
0.3009250999092745
0.30092398380644014
0.3009215692571934
0.3009420926209796
0.3008449242010133
0.30082454675659087
0.3008622194624542
0.30088286199112124
0.3008464645320921
0.3008452202985751
0.30085478648440944
0.3008416280388849
0.30080888045123344
0.3007853309523104
0.3007077409254143
0.3007097348505522
0.30068774033894385
0.3006319653560118
0.3006563232644289
0.300620692870997
0.30066569070494864
0.3006353151254718
0.30065086596952906
0.30062243389514265
0.3006343701838694
0.30065892019533436
0.30062275237182434
0.3006364812953164
0.30067122824418957
0.30064766387517083
0.3006232494475165
0.3005782345538268
0.3005611481842603
0.30061768703940783
0.3015243144832831
0.3015166384178295
0.30149892284940727
0.30152226056493636
0.301489540071581
0.30148367280840216
0.3014479386380913
0.30142563370898956
0.3014805150096761
0.30145179574853465
0.30148627202442235
0.30143139947008635
0.30135021536862905
0.3013737378498823
0.30130326748883174
0.3012925857843066
0.3013025211633833
0.3013112095758337
0.301387210920112
0.30134877662942394
0.3013630402573476
0.3013461616860236
0.3012712720844788
0.3011241163841666
0.30111870704671584
0.30111261025884906
0.30105560794823083
0.30101771786357123
0.30099456219263887
0.30103561481066476
0.3010012415868343
0.3009588125459026
0.30099150646820805
0.30096637110438096
0.30086581321035333
0.300867591286921
0.30086224934795924
0.30084920199998777
0.3008918453765339
0.3008954076264869
0.3008182984624116
0.3006379768032249
0.30064359158601794
0.30068111446817714
0.3006417814471426
0.3007244383483646
0.30069978354537386
0.30066007552865504
0.30060085312913964
0.30058924402848297
0.3007007202035591
0.3006839128677219
0.30063613241620857
0.3006041764783003
0.3006111484753414
0.3006803353381773
0.3006705891455045
0.3006958024599704
0.30070336338380077
0.30066235444089595
0.30061049305497256
0.3006756060332444
0.3006339518714114
0.30061231275398004
0.30060943913878013
0.3006228972056274
0.3005557162414825
0.3004471143846653
0.3004243641585259
0.3004050082076605
0.3003949033348602
0.30040751709539637
0.3004418457623058
0.3004265500393474
0.3004408119544185
0.30039383337894154
0.30038320234336835
0.3003774878582893
0.3003618302528013
0.3002849280052883
0.30020188845365714
0.30017968061862643
0.3001363123525187
0.30012069732044167
0.3000590618382911
0.29999457136030516
0.30001244728542154
0.2999862267209661
0.2999701299188411
0.2999216406930695
0.2999211779023785
0.29988401583720914
0.29984910510258944
0.2998718253154439
0.2998343803339757
0.299760660625494
0.2997315820308636
0.29969810766716565
0.2996733518058444
0.2996338359116153
0.2996242777213921
0.29957769263649225
0.2995315636653012
0.2994644787136478
0.29940718655374576
0.29943242153439975
0.29935715132190144
0.29929513895193616
0.29923830415005614
0.29917078098195093
0.29929917552442253
0.29928177404774114
0.2993060644616291
0.2993019782873052
0.29928527629866963
0.29925059068466153
0.29913861020735577
0.29909768259018976
0.2990813034142852
0.29904404765932613
0.29906520038530104
0.299041197874076
0.2990594648492414
0.2991063468396634
0.2990402684860247
0.298995257664888
0.2990173636718291
0.2989890926546832
0.29896418734532315
0.29892378585685675
0.29886416198351584
0.29887228186369286
0.2988230342024951
0.2988101932841317
0.29887546105350826
0.29887216558434715
0.2988393562338064
0.2987459837484723
0.29872040943134126
0.298736119384832
0.298654656562262
0.2986364553407558
0.2986715931498838
0.2986714070828803
0.2987361614482563
0.29877082992905024
0.298650357026644
0.29863760708667475
0.2986110129716778
0.2985969880488264
0.2986100719907234
0.29866130012072944
0.2987093516261158
0.2987145747533394
0.29869233022323405
0.2986545638185768
0.2986169657070864
0.29861948926884163
0.2986533828262906
0.2986857345443097
0.29865701385855825
0.29869136955125963
0.2986686400690728
0.2987050767215984
0.2987219486348427
0.2987943762289931
0.2987864467153498
0.2988145587770279
0.2988407059300703
0.29883193648997874
0.2988145617450113
0.29878871886277447
0.2987932822034113
0.2988438294513064
0.29890240469134677
0.2988861660229274
0.29888567022713397
0.2988723046123768
0.29888528540779535
0.2988481770014937
0.29885094034768167
0.29889908025314293
0.2989098962180363
0.298918350890343
0.298937815031339
0.2990530095541254
0.2991081869446214
0.29907814255679277
0.29915128559246784
0.2992004897783167
0.2991883436436543
0.2992202450664212
0.2992745220719507
0.2993109378269204
0.29936522239631136
0.29936429787657814
0.29942260584083236
0.2994965557572865
0.2995175439409885
0.2995206950548577
0.2995754812047806
0.29961669445625516
0.2996805710783075
0.2997034003075125
0.29973934590548557
0.2997767067623106
0.29981610758790944
0.2998069567954442
0.29986948657975565
0.29987975389371324
0.29988784357326426
0.2998746983780366
0.2998583536085132
0.2998276697526958
0.29978561379250845
0.299821522508656
0.29984305970381275
0.29985239010287024
0.2998509271658547
0.29988419140441613
0.299936371623008
0.2999805928706051
0.3000005084804639
0.30004514736473864
0.30006524397495704
0.3000835818756007
0.3000905434557677
0.30013432639307136
0.300138580374922
0.3001504181311607
0.3002061092656052
0.30026375351245105
0.3002205483808743
0.3003070958869646
0.3003163386604055
0.30039129696190214
0.30043718398320507
0.30050213310234375
0.30043133124935584
0.30043246745190233
0.300425629693134
0.3004739942781224
0.3005016995549835
0.3005500173400658
0.3006009085866016
0.30062590927137245
0.3005652592448299
0.3005241410436553
0.3005887997013582
0.30060907844716345
0.30062508729439574
0.300641190533652
0.30060180353204236
0.30065956740722244
0.30070410500683464
0.3006740557260147
0.30072231881239975
0.30073879226148137
0.3006602748632249
0.30066557190429277
0.3006616859494208
0.3006907419583347
0.30071125439205326
0.30076274943052017
0.30079222989764387
0.30090430430716186
0.3009202663662137
0.3009481154528969
0.3009851908286635
0.301023836789578
0.30104779344043786
0.30106247874890135
0.30103778139490733
0.30109929582321193
0.3011154833438071
0.30117730968385903
0.3010701330357284
0.30111105539237093
0.30116607899122694
0.3012415921537861
0.3012654848885632
0.30129545167902516
0.30127001222559324
0.30127117396830305
0.3012788032024315
0.30133777351908897
0.30131151537299394
0.3013910608812431
0.30135738004265067
0.3013617465336711
0.3013369066389684
0.3013193899534836
0.3013925584337678
0.30135117157892055
0.30133345676806056
0.30129594494084033
0.3013447676341594
0.3013932876066374
0.3013731901103588
0.30140111399619984
0.301405103766866
0.301342711773947
0.30131322522505966
0.301330252103711
0.3013070553055972
0.30128756161385384
0.301312691304472
0.30130281144087623
0.3012663224602061
0.3013340314662415
0.3013364227004839
0.30138966307717874
0.30138677989578055
0.30140080998961594
0.30140866681138845
0.30139511129151764
0.30139807721422673
0.30139130745939535
0.30137294684272253
0.3013328623993955
0.30128734102358545
0.30131488728499944
0.30125830925795105
0.3012208714888096
0.3012132959881906
0.30117279113056517
0.30122809452667065
0.3012323040080792
0.301252190669957
0.3011675206823483
0.301274835547942
0.30123742212446014
0.30128309927502384
0.30126065892279563
0.3012612658772531
0.30126983972879373
0.3012184982063437
0.3012577373646631
0.3012576135456032
0.30127543905933596
0.3013385855861427
0.3013417564473361
0.3013581441249945
0.3012678875378444
0.3012687774594772
0.3012650258080891
0.3012506500801827
0.3012763832293065
0.30137448804818123
0.30131757308861973
0.3012802681234501
0.3012496754184675
0.3011609480403974
0.30116716518009157
0.3011422202846661
0.3011609190427911
0.3011281488880091
0.30107653109354227
0.3010671022225333
0.3010358951634948
0.3010439320114826
0.3010172392285462
0.3009907782679596
0.30098594616929963
0.3009475302106649
0.3009952882415584
0.30105583903072186
0.3009782696644071
0.30100246327957647
0.3010104190010038
0.3009695159955511
0.30097625101445413
0.3010259407853374
0.3009551231846128
0.30083346795350274
0.300763290556187
0.3007836860060801
0.300785989169731
0.30070193152765234
0.30065871420745927
0.3005971449046664
0.3005700251687502
0.3005742247274694
0.3005585512552018
0.30051385459534175
0.3004408387959371
0.3003745375014768
0.3002931707157306
0.30035006294561595
0.3003324571348307
0.3003636504475574
0.3002806678186922
0.3002870761258619
0.3002266532620067
0.3002713467772393
0.30027991799415843
0.30026504658000164
0.3002114251224395
0.3001678904823263
0.30017623329130727
0.30014715243900336
0.3000963377173703
0.30012769621735613
0.3000525928377763
0.30005552077102804
0.3000166914026583
0.30001283570508086
0.2999852720083822
0.29999583919120776
0.29995166517540095
0.2998889930793235
0.29981551473755474
0.29981433239444866
0.29978393475979725
0.2997988651935004
0.299801201250661
0.2998721491043378
0.2998390557573961
0.2998943676892796
0.29989031773780095
0.2998716818091729
0.2998137433238174
0.2997877363250864
0.2998104251130629
0.2998005113536186
0.299765309494071
0.29974288771791846
0.29971185110226284
0.29976249230822727
0.29976588438644836
0.2997667690637519
0.299740370756298
0.29973285470793476
0.29967591480897016
0.2998025590910861
0.29979309989058966
0.2998054728479529
0.2997954909760189
0.29976320880653695
0.2997828647615298
0.2996763781452012
0.2995885375129942
0.2996129103036298
0.2996058356301192
0.2996221305008241
0.2995177047484332
0.29950346315788745
0.2995069771237885
0.2995326793661297
0.2994964808427607
0.2994625944662844
0.29946398117652295
0.29947313370298734
0.2995136664476985
0.29951084352200974
0.2994778506089091
0.299513552069668
0.2993506498562105
0.29930657982428976
0.2992870685338527
0.29914937866498814
0.2991461798571048
0.2990901010604573
0.29908673492407345
0.2990625479373956
0.2990892888677743
0.29912108342079957
0.29911438130324497
0.2991176736871656
0.29898859329138516
0.29897988211799775
0.2989551112038735
0.2989271378907351
0.2988890119090992
0.29887232020076004
0.2988967346273068
0.29894797580057053
0.2989544046215735
0.29894418455996896
0.2989728622577369
0.2990195055385263
0.2989662585817706
0.2989540763562609
0.2989046519653953
0.2989426921859627
0.2989293890262421
0.2989148615702413
0.29898996895629903
0.2990457029682314
0.29902007030940125
0.2990170087752958
0.29905769256854375
0.2990549903153682
0.2990761189365464
0.2990877696667924
0.2990827621049843
0.29905285665951287
0.2990742459324517
0.2991180818195207
0.29916713087309255
0.2991994902417433
0.299225883061887
0.2992157457362036
0.2992115786349535
0.2991580442681119
0.29915708361548776
0.2991934960110174
0.29917226057136437
0.29928432019981777
0.2992444895334181
0.2992769420379391
0.29927586752993574
0.29921121077980284
0.2992413058389939
0.29922787004639073
0.2992731767478035
0.299200116087017
0.29918856637828484
0.2992002368309329
0.29921285128872677
0.2991129647017625
0.29905070042256776
0.2990716502936731
0.2990344977242477
0.29900806348506537
0.29902368887858244
0.2990227190456771
0.2990424040533456
0.2990356910615787
0.29907246104064056
0.29907064313363585
0.29906569550564566
0.2990506900390497
0.2989441320910855
0.2989853189204099
0.2989803570213927
0.29896151357822776
0.2989713722227868
0.29900538769104734
0.2990370516327323
0.29907296194936317
0.2990591528641461
0.29909122818589706
0.29905303229536373
0.2990969500966473
0.2991532284502175
0.29921913224953567
0.2992745692474684
0.2992571647911091
0.2992546871887518
0.29937809146042804
0.2993362646494496
0.2993774307185947
0.2994322580179739
0.2994637742756041
0.29946919326362165
0.29948062665778974
0.2995067308354826
0.2995219317996587
0.2995696597671381
0.29962868437136214
0.2996615430870577
0.2996963689738473
0.2996650766069766
0.2996571818428765
0.2996554039954522
0.2997222691320408
0.2997474786106027
0.2997593396268591
0.29979400316577054
0.2998069297765211
0.29982543293113273
0.2998641683871197
0.2999026535786392
0.2997844894639563
0.29982242460885566
0.29987691508374514
0.299895754408384
0.29993504893578504
0.2999530294311952
0.29990932304619833
0.3000114251896012
0.3000390445055353
0.30010024541508007
0.3000821960879476
0.3000813520152742
0.30005698854042107
0.300079664314992
0.300072903173774
0.3001276070092933
0.30017145369311915
0.3001549836216939
0.3002178278785794
0.30010368893237427
0.30008666481934365
0.30014096405374213
0.3001809304428852
0.30010387709397723
0.30011389758072904
0.30017968955594676
0.30015279473638123
0.30010892267446354
0.3001365893617396
0.3001576081397562
0.3002084937928666
0.30017565653970013
0.30019446249741044
0.3002616706684693
0.30034523441816763
0.30036742406728556
0.30032552320662487
0.30036339590467576
0.3004098390956378
0.3005036084181697
0.30050552866709523
0.30049387480686185
0.30057452294562137
0.3005983381686421
0.30063095227766423
0.3006385948239344
0.30059820060545217
0.30063787508089
0.3006740929695685
0.3007426635042453
0.30076113219860356
0.3008296754765446
0.30086684654667095
0.3009702741899465
0.30100819916210697
0.30087453818889676
0.30090381660074683
0.3009694287345198
0.30098639540140704
0.3009720414004021
0.300930887896264
0.3009543144339547
0.300985441480045
0.30097694400394115
0.30098909893873527
0.30099821319757236
0.3009891363330316
0.3010526827696539
0.3011207834715911
0.3010518325394186
0.30108850865331693
0.30112633081576345
0.3011196586375353
0.3011261319446972
0.30115065811014596
0.3011695681140414
0.3011747812550255
0.30122725525092475
0.30122612974231167
0.30120146078073884
0.3011895938073874
0.30127381780330764
0.301349549473907
0.3013502432479094
0.30132682446163406
0.30130578811619124
0.3013438792273885
0.3013582125837433
0.3014184774090757
0.301474757675233
0.3014502579754409
0.3014607653698632
0.30140670352386223
0.3014627487867144
0.3014133911859568
0.301474797743968
0.3015297625958827
0.30154219550453865
0.30155219759519125
0.3015911266261663
0.301496014661337
0.3016346540358319
0.30160357070752597
0.30165416934817657
0.30161113306719145
0.3015878593485066
0.3015944614602536
0.3015724567276059
0.3015776278179092
0.30157851634735233
0.30155371233104733
0.30151668018817124
0.30152244324792066
0.3015433492636821
0.30158205658919623
0.30159998465624027
0.3016372982674108
0.3015800307826192
0.30160381273488035
0.3015689327900781
0.30152809489301324
0.30153010811720615
0.3015343794114097
0.3015796213855131
0.3016531876343832
0.30163492709279804
0.3016457189276388
0.30161608428983533
0.3015702095619959
0.3015251531039155
0.3015297806802204
0.30147755796727405
0.3014721037120349
0.30146908086387325
0.3015001088323658
0.30145101027027
0.30143446777213956
0.30146710007593625
0.3014571454211439
0.3013913474346337
0.3013980772429379
0.3012999688932271
0.3012034038932513
0.30122131440025224
0.30117746371226006
0.30120410500342476
0.30115458036570397
0.3011880753399201
0.30114684720766083
0.3010957016864506
0.30109862356307104
0.3010706286921211
0.3010957373259563
0.30113096354719115
0.30109909891547604
0.30101488016001743
0.3009855535003686
0.3009447848615193
0.30091625598626703
0.30085774602526716
0.3008547254171696
0.3007899312778274
0.30066862331194133
0.30068325211107394
0.30064049991592035
0.3006164821390983
0.30062334298769045
0.30009626997650696
0.30015726319267877
0.30019597519907937
0.3001576219470298
0.30011150330830605
0.3000679700999771
0.3000487746806699
0.30010807467135536
0.2999256906204415
0.2999070888756482
0.2999355950794621
0.29993206689552343
0.2999202532143347
0.2998273488343963
0.2998084246069769
0.2998465431656684
0.29986242014705156
0.2998290100730764
0.29982564449417126
0.2998436429992404
0.2997923181387263
0.29972937215260975
0.29974579500401444
0.29973765589721635
0.2997138967612487
0.29974536748625746
0.29971924632250235
0.2996264021415874
0.29958843960880877
0.29956298692446215
0.2995263899320991
0.2994733452178516
0.2994777832693235
0.2994965354382335
0.2993897780554461
0.29940847889719324
0.29942004623522955
0.29936935119315955
0.2993318979306725
0.2993301745006739
0.2992966510713059
0.29929734455061985
0.29930663719542616
0.29928871017731595
0.2991485478258201
0.299122732290544
0.29910334028744867
0.29910579973307616
0.29913728739652257
0.2991329405910569
0.2991562727785959
0.2991792710132334
0.29917156931989664
0.2992063086474641
0.2992648469991245
0.29929458411243415
0.2992795770031418
0.29929066892142697
0.2992989156121475
0.2993012027426254
0.2993779351868262
0.2993466545055212
0.2993276534522925
0.299300797554823
0.299259087022265
0.2992584454484828
0.2992807379992839
0.29927941882509856
0.2992235394468157
0.29924803485575746
0.2992537684814278
0.2992215474430452
0.2992136846560287
0.2993160076177096
0.29931585115056825
0.29929939908780245
0.2992675664526233
0.2993544545846225
0.29938112633926395
0.2993985897803022
0.29943469772005893
0.2994669688406596
0.29949041536084764
0.299366401448653
0.29937294700917505
0.2993781677577879
0.299396678488153
0.2994303370562108
0.2994589783585846
0.2994117516833237
0.29945434516171177
0.2994604330422961
0.2993808157238004
0.2994719384719581
0.2995052264836341
0.2995226308139006
0.2994995138330918
0.2995326703160197
0.29956807609371994
0.29963727966132914
0.2996917430942333
0.2996269783797928
0.2996610481209676
0.29969218225147654
0.29969069790716296
0.299673271822144
0.29964443296685306
0.29963318418624385
0.29961601162830953
0.29957626204197096
0.2995140163806246
0.2995005621596205
0.299541215171483
0.29957487537916283
0.2995653824827389
0.29956791441032793
0.2995884229090977
0.2995559635099184
0.29956072559717717
0.29954310069467804
0.2995835958531453
0.2995513928165857
0.29957995201548004
0.299658091538092
0.29970688883994656
0.2997137949853357
0.29971032071306136
0.2997465582546016
0.29980043380255883
0.2998320347171286
0.2998902130865808
0.2998834912748173
0.29986917319459827
0.29983098744263514
0.29982338738153813
0.29977771669995623
0.29970368683569104
0.2997741964670071
0.29980183689431605
0.29980773424198326
0.2998348282502872
0.2998552055041783
0.299845894982111
0.2998639386739991
0.29988410525934306
0.2998539347034609
0.29988591776608375
0.2998859020058908
0.2999247552555211
0.29987509212645636
0.2997977266693512
0.29986750962921227
0.2997891000888715
0.29979458606515874
0.29988678077985453
0.2999191321889859
0.2999225851372488
0.2999486001192979
0.2999759363257153
0.2999998369978829
0.29997282280862037
0.29994705997670057
0.29998967784573627
0.3000095734978512
0.2999748876680607
0.30002683693071774
0.29999063016590577
0.29998188500363143
0.3000045124591306
0.3000224533576734
0.300052061876219
0.30008816015343887
0.30008718127510203
0.3000995578320125
0.3001000730623705
0.3001212046081343
0.30009101621526946
0.3001272923390992
0.30013516997387846
0.30012263300329245
0.30008289769061636
0.30014486404617025
0.3001925364387156
0.30021702247531923
0.3002178120796756
0.3001064451309966
0.30011807400642265
0.30015457119721023
0.3001359242313797
0.300164756354114
0.30026752614106833
0.3002842379227283
0.3003560162004898
0.3002662618544334
0.300294740595516
0.3002743334521486
0.30027640540114886
0.3003433138309838
0.30034279178219325
0.30036781193199713
0.3003361669037997
0.30033246719269513
0.3002777562092862
0.3003289657292957
0.3002477317409529
0.30032685400816894
0.3002932797398217
0.3003028552882745
0.30027376937937056
0.30028402665067
0.30035580771087333
0.30044914214715535
0.3004711693491663
0.30044779136076216
0.3004511642132578
0.3004181717827171
0.30034690854219237
0.30023403340048227
0.30026593957147485
0.3002555231272743
0.30026715230086876
0.30027203323961704
0.30027484369581836
0.30024092082124254
0.3002173106251701
0.3002446271776381
0.30025987112364105
0.3002098266351402
0.30024080641209727
0.30017816414549103
0.30017896191201887
0.3001594996855589
0.30014506501641247
0.3001824431191703
0.30017466346881916
0.3002284572994325
0.30025047053149756
0.30026911402132905
0.3001350922775262
0.3000110956760005
0.3000374415212559
0.3000744821262121
0.30006862067259
0.3000802128563368
0.30008890430255497
0.3000526709083622
0.30006996056146285
0.3000546962295064
0.3000950473477829
0.30008060638942247
0.2999944800515638
0.3000280685149288
0.3000130897581096
0.29999433435833767
0.29995621999584876
0.29999094940644455
0.300016689917711
0.29997286792660993
0.3000229217328648
0.30005981862728215
0.29995605535870307
0.29993287486087317
0.29993555342505185
0.2999037379355195
0.29994956575528764
0.29988029893777957
0.29994658990475576
0.29991911020528783
0.29993823636889405
0.2999636889305587
0.2999720709413042
0.2999852291237922
0.2999812437609618
0.299971095520432
0.29996900854128483
0.2999580983865745
0.2999446089814978
0.29993916591362424
0.2999483492503592
0.29993065360579196
0.2999301356610503
0.2999317391630586
0.29994201224179695
0.29995631700769654
0.29994069830748504
0.29996033422625357
0.29993032744405157
0.29991830800147534
0.2999569714325553
0.29998015142253853
0.29998721684407825
0.30010852471414384
0.30015596653949117
0.30010757986850356
0.3001755731887107
0.300232355220843
0.3002601908955358
0.3002796632955479
0.3002377964981695
0.300332843698514
0.30030110062658844
0.30036086546565444
0.3003624709987266
0.3003445030149522
0.30038922811440716
0.3004515967900898
0.30044028542033696
0.30040105716119536
0.30034171154423006
0.30037058185282595
0.3003898636075425
0.300342555872251
0.30038516348880206
0.3004374781787671
0.30040771127170096
0.30047700614427353
0.3004407879567502
0.3004361683544151
0.30046777593689944
0.3004687131121898
0.300462298427853
0.3004734576694358
0.3005019408520184
0.3005169575429799
0.3005338156975128
0.30059131519034543
0.3006275463856424
0.3006342921543721
0.30065066965739573
0.30064044361609
0.3006805608323302
0.30069964092845536
0.3007220676593989
0.3006823783022845
0.3006681648730535
0.3006506044003431
0.30074730624305557
0.3007753892255832
0.3007692760145311
0.3008269523625756
0.3007097771560563
0.3007273316095236
0.3007224813259979
0.300737464127401
0.30069792956646435
0.3007382537918566
0.30071194971224935
0.3007105475387818
0.30071836548020814
0.30075075325650613
0.3007315320025714
0.3007155806667242
0.30075477469837686
0.300750855462261
0.3007342680818037
0.30072584334861974
0.3007365648025071
0.3007527272715519
0.30073647678057214
0.30073864693512076
0.3007066931268002
0.3007010721278891
0.3007418580970266
0.3006517400273264
0.300699860143933
0.3007205439148004
0.300750573943259
0.30072334505370246
0.30081731814884893
0.30079693818939557
0.30080557279788545
0.3007559501649394
0.3008071950481729
0.30078349954748174
0.3008530112281371
0.3008995174210882
0.3008915660135575
0.3008020982571926
0.30079132152474375
0.300834153130061
0.30083201710991003
0.3007695503732325
0.3007974009479699
0.3008612923537821
0.3009465289185961
0.30083181132209447
0.30080121147303884
0.30076901845335735
0.30079332884149323
0.3008319913634817
0.3008161690002912
0.3008159733400053
0.30087811961062405
0.3008947952637375
0.3008096793869335
0.3007523240281412
0.30074041357046877
0.30073245437800655
0.3006443745078543
0.3006097953838075
0.30060019774581637
0.30051829922412787
0.30050216565413657
0.300494443118814
0.30053655837315185
0.30050836419371807
0.3005137722513832
0.3005358209550796
0.30041127979555793
0.3004449564761805
0.3003679990994301
0.30033053128927434
0.30026267681656493
0.30023057613310644
0.3002012445550887
0.3001727748444105
0.3001834469473186
0.3001817698905206
0.3002337477654603
0.3001593889342259
0.300198375661923
0.300225545214574
0.2996713720906353
0.29964843470552494
0.2996100183569529
0.2996171961913021
0.2996606128721072
0.2997419722911323
0.2997098771551654
0.29970809768273654
0.29970026845622244
0.29973943782963686
0.2996760983980651
0.29968982909390596
0.29971917470278364
0.29963558318527983
0.2995872050110453
0.29955581266574594
0.2994595056298709
0.2994802176572666
0.29951377715446315
0.2994769253105858
0.29951540162862667
0.29952093166292626
0.2995136967108126
0.2995091225847437
0.2994787215222061
0.29941795970964546
0.29944767974714503
0.2994538825425854
0.2994702137268025
0.29946097613324885
0.29943278748503865
0.29940139799652166
0.2994277451052878
0.2994269399758376
0.2994177589402608
0.29942708176176414
0.2993599962201099
0.2994102717872955
0.2993850185682527
0.2994122183167054
0.2994025092707364
0.29941364134633497
0.2994182752777367
0.29947971964647424
0.29954137020670246
0.29956824727547116
0.2995198757035098
0.2995083689192428
0.29951542821497723
0.29953982461468176
0.29954771863082763
0.29950353045415956
0.2995194724474527
0.299473874744009
0.29946838644115825
0.29946195621701677
0.29934951039443014
0.2992701759079889
0.29928554809923325
0.29933284656729253
0.29937146521149194
0.29941002658934424
0.2994485179817489
0.29942856603674106
0.29946239490108606
0.2994488483612622
0.2994989239113477
0.2994875189461944
0.299406459310799
0.2994214194131386
0.2994185577154165
0.2994545551279144
0.2994745300302416
0.2994819782454954
0.299462178537342
0.29946305040625576
0.2994700026441498
0.29942892999549164
0.29944287587076646
0.29941541485033807
0.29941412838214343
0.29943153997360095
0.2994438083577362
0.2994536594313667
0.29948415471527035
0.2995085328554917
0.29954182257169193
0.29956345195559864
0.2995973933828793
0.29964238893450046
0.29971656069246055
0.29979307997251625
0.29979388290516007
0.29977635528607427
0.29980889891273155
0.299828441740136
0.29985231628410913
0.29980441822090886
0.2997920168290229
0.2997526000510341
0.2997882384515962
0.2998011048501982
0.29978912754151454
0.2998081014218871
0.2998965635250418
0.29995135286491414
0.2999630184911195
0.30005074848137847
0.30006003853023755
0.30015926307923824
0.3001475064495287
0.30014645735410317
0.30016615408818026
0.3001994533073533
0.3002109741488096
0.30022905149908363
0.30026451133135956
0.30025912908944574
0.3002902265629037
0.3002442742761614
0.30026111082599616
0.3002789375437427
0.30033001824192107
0.30040922309289375
0.30044512178055893
0.3004706567939315
0.300444764528062
0.30043817063815836
0.3004154573547013
0.3003789001994176
0.3003922535292587
0.30042027809259064
0.3004505698599056
0.3004422524173781
0.30046363429773393
0.30046292272231545
0.30047735194636505
0.30050366508819903
0.3005210351628116
0.3005711262720635
0.3006003758557487
0.3005934369542246
0.3006291641793264
0.3006658210444967
0.30062596234577044
0.30061196379641086
0.3004285121526936
0.3004021748156891
0.3004010085357618
0.30040265673206445
0.30034542377075035
0.3003204861577391
0.3003396306385583
0.3003497052041336
0.300363326987396
0.30033584088418463
0.3003382873714927
0.3003344042416616
0.30037783944675067
0.30037272491474853
0.30039764783588063
0.30042264129742524
0.30044670291382336
0.3004477990705853
0.3004723488566796
0.3004711481578143
0.3004457940935985
0.3005267904165517
0.30037914568412105
0.300400251937342
0.3004322580282537
0.3004082405700903
0.300527996197294
0.3005491249594874
0.3005295293401915
0.30055713543297546
0.3005936337592875
0.30058375861479825
0.3006135084890741
0.30059879408101886
0.3005973008150421
0.3006448350960155
0.30064169778989025
0.3006601042836028
0.300684483218259
0.30070359448097206
0.30073633046260495
0.3007327003189827
0.30075812058387186
0.30079151062007925
0.30079449220846743
0.30076453240910095
0.3007872966651377
0.3007774629123118
0.3008306354387935
0.3008388363843162
0.30080609192677876
0.3007858134047241
0.3008187252709247
0.3008706130409601
0.30088234368958555
0.3008913001267085
0.30090649661015545
0.3008673223472199
0.3008050202184387
0.3007995495933129
0.3008594873703122
0.30087692220692386
0.30090829934300534
0.30088140083167714
0.30089538506899316
0.3008790221955824
0.30086403031484077
0.30084689456362557
0.30081409772367895
0.3007819490499133
0.3007738099840286
0.3007586612463685
0.3007984708943895
0.3007192172801142
0.30078019827766334
0.30077536108869796
0.3008017892537288
0.30081896195554547
0.3009165549459153
0.30099840535365163
0.3009448230585462
0.30092532228735913
0.3008880048899538
0.3008745667987367
0.30084535152956193
0.3008542119029515
0.3008189603140402
0.30081666682982533
0.3008543908644712
0.30079709322078285
0.3007194015420924
0.30071248996691047
0.3007963518845824
0.3007802266731069
0.30076732380709925
0.3008419340065571
0.3008341351427277
0.3008982993985685
0.3008993649571392
0.3009057968293348
0.30090685422678287
0.3008130414266268
0.3008177349883032
0.3007934418798275
0.3007486314986687
0.3007014418861217
0.3006915398611357
0.30066157757901857
0.3006218552109099
0.30059161096077625
0.3006477081730432
0.3006045873824792
0.30058045894164154
0.300607704767341
0.3006250090277769
0.3005820629993339
0.3005710858786238
0.30056244619972694
0.3006010691774036
0.3005318276910619
0.30060949028872486
0.30070754973298386
0.3006668082147288
0.3006337483794017
0.3006754240884554
0.3006229826156852
0.30058603005916384
0.3005826832567803
0.3006336355964412
0.3006028215368447
0.3005280749174558
0.30049935870805256
0.3004795661245607
0.3004891081611323
0.30051590898179215
0.3005498182243177
0.3005551809400028
0.3005059231493069
0.30040788282278275
0.30038621955648825
0.30034552077590493
0.30029584697177436
0.3003062296964182
0.3003164200898377
0.3002961468238615
0.30029591704478953
0.3003061929948986
0.30031685348401616
0.30029120779670615
0.30032580481687066
0.30029981677850237
0.30029389361042447
0.3002859973571319
0.300258597438787
0.30024308881091233
0.30020736639187384
0.3001800484413406
0.30019189154048154
0.3001975512366616
0.3001651052224339
0.30015595866948475
0.30016523919650107
0.30018458257203107
0.3001711673723474
0.3002096557967757
0.30020535661543557
0.30011612480904115
0.30011483966678376
0.30014381277065216
0.3000704144482371
0.30006240210779045
0.3000764978036733
0.3000388366381276
0.30008838891982004
0.3000478864396152
0.300073747330031
0.30001131453251795
0.3000349721695006
0.30002290657335906
0.2999715828735908
0.29988742564457216
0.29991640652995455
0.29983882542896245
0.2998232207036181
0.2997721821087662
0.29967625089652383
0.29971226921247096
0.2997112836137671
0.2997211460432242
0.2996891754122667
0.29966415546641734
0.29969251411128783
0.29964730099376513
0.29962179080326745
0.2996007933843323
0.29961100436121724
0.2995266129121247
0.299492981438485
0.2994934641266156
0.2995191554032277
0.2993816398269742
0.29941511297202705
0.2993701503268249
0.29935553977854723
0.29935319868589283
0.2993627987913722
0.29931505306950057
0.2993235149867495
0.29932986064293576
0.29936821663548907
0.2993419131082381
0.29931470849189934
0.29929029880964575
0.2992681961469982
0.2992850370201081
0.2993145480657444
0.2992657918465851
0.29927875691885997
0.29935622103677184
0.2993055370344533
0.2993008797622638
0.299283438202091
0.29935553222960776
0.29937192945295055
0.29939990244878
0.29940571230434265
0.29940350122914694
0.2993904878073954
0.2994684646840381
0.2995012099442995
0.2995348729170324
0.29943881131858785
0.299399445443549
0.2993712209457543
0.2993542645338414
0.29937757743558036
0.2993819606016407
0.29938725303449887
0.299399667685183
0.29937552857064764
0.299385576537725
0.299391656917819
0.2993929644804717
0.2993919512751885
0.2993923749024805
0.29938275269218584
0.2994124877283675
0.29950889971880634
0.2995405851540517
0.2995254515064921
0.29955052114761505
0.2995678135230403
0.29957994862259296
0.2996200211409866
0.299615946886297
0.29961310698848154
0.29959896071070513
0.29960802403487463
0.2995484740564732
0.2994432691436687
0.29946730621982753
0.2994740387111572
0.29944586567640197
0.2994653009130003
0.29950599073004003
0.29948781163002214
0.29966599590539467
0.29959726690004784
0.29964223517233635
0.29964575294735873
0.29967477247815577
0.29965539736418856
0.29965139711898114
0.2996586121584365
0.2996636768073281
0.29959465688194553
0.29961727648925496
0.2996888546409273
0.29975565310108654
0.2997197627654834
0.29972377581633214
0.2997315142609137
0.2997842953544416
0.29979034320903153
0.2997565815739046
0.29976538328462965
0.29973232340013556
0.2997853201990729
0.299792524229334
0.29977196878813583
0.29978145845478876
0.2997691142954392
0.2997739376774139
0.299794390410284
0.2998163515509866
0.2998742948880866
0.29987854410557047
0.2998924670295301
0.2998590999299703
0.2998685611922751
0.29990823533758015
0.29992333865103205
0.2999615188252698
0.29996418305678985
0.2998768367806751
0.29988517493879263
0.29977437240401905
0.2998204842912251
0.29984760669220234
0.29990988821366926
0.2998469062763469
0.29974862934853186
0.29977041172603125
0.29975281054451897
0.29976603300583937
0.2997305396197526
0.2996647711901176
0.299728220569241
0.2997455945389066
0.29975344638923773
0.2997893509798958
0.29980372891570606
0.29980607123518177
0.2998022956846985
0.29981897379231215
0.2998043276626998
0.2998292995589975
0.2999358181211711
0.2999560378198276
0.2999454156245951
0.3000136990446046
0.3000094338191739
0.30004301800184985
0.3000668618028275
0.3000998031366736
0.3000679200236902
0.30003325597109687
0.3000554985148852
0.30007618413637493
0.30002963580261965
0.30004358157041555
0.30007254923592064
0.30008155707202844
0.30009098255884226
0.30013314795642765
0.30006407153995973
0.30005313172767045
0.30007671780795053
0.3000687459976378
0.3000603892256717
0.30008672370634737
0.3000577172306731
0.3000976165039998
0.3000978685481053
0.3000971392675268
0.30011160947123516
0.30013358421843184
0.3001636389372828
0.3001542778186802
0.30015562606592994
0.3000395935425718
0.2999904053694935
0.30001697488487256
0.30005644345974936
0.30007547841291227
0.3000234054375793
0.3000369484646769
0.30005683727039956
0.30011366042082943
0.30009958888615607
0.300123572596278
0.300085970726508
0.3000816116031043
0.30010629025997504
0.3001202328257745
0.30014667902456216
0.30013620968521426
0.30012922152080945
0.30013650695628336
0.30017151535825837
0.30019680385681047
0.30017771660894343
0.30017555125244966
0.3002385088461855
0.30038962027403304
0.30038121429688347
0.3004073122794835
0.30044365558184016
0.30042169371501837
0.30042096179494027
0.30048499190572264
0.30054532324301464
0.3005806657320046
0.3006442828313661
0.300538189410954
0.30053191449507166
0.3005635134568291
0.3005710255436487
0.3005569794553712
0.30057881418603827
0.3006047296610532
0.30068771988372944
0.3006893256911978
0.30073672449346867
0.3007339191365024
0.3007580766963641
0.3008815153599702
0.30086774810442585
0.3009021080962263
0.3009315961123611
0.3009073598175833
0.3008516043172499
0.30055667880007386
0.3004732972327613
0.3005389964420099
0.3005803675843556
0.3005850587074431
0.30063003592489557
0.300583975727727
0.3005803207320188
0.30051625787831815
0.30049305264785964
0.3004756891615765
0.300545270028715
0.30050680745186964
0.30053097941498397
0.30066693423017976
0.30063311700885753
0.30067459475832237
0.3006325412352818
0.3005887074281802
0.3005860223491943
0.3006142891068885
0.30055340116024476
0.3006012143456118
0.3005523901654459
0.3006002894520665
0.3006457306151864
0.3006569626058838
0.3006242974925324
0.3006451675508348
0.3006386257413308
0.300656727736467
0.3007217665602312
0.3007123807944263
0.30077685102110274
0.300798541175578
0.30084710445838714
0.30086192095387165
0.3008492567033345
0.3008516464903158
0.30089567691459174
0.3008960437660201
0.30090663329302414
0.30088110959364633
0.30082038078723494
0.30082110745247026
0.3007382246081217
0.30074569931484163
0.30072005176616634
0.3007271422069887
0.3008684927417451
0.30090037955864946
0.3008862494361615
0.3008939139736537
0.3008738841747657
0.3006837645996111
0.3006925054498487
0.3006951706963792
0.30072135203171213
0.3007784163891578
0.30078140903755124
0.30075595682066913
0.30078701793458995
0.3007616459266097
0.3008218017153649
0.30078155479776425
0.30070273212901566
0.3006801819612507
0.3005588813790492
0.30060340965140153
0.3006544702328706
0.30068649068027176
0.3006587612083369
0.3006559117824409
0.3006607495830961
0.30070474868808195
0.3007545492079622
0.3007731062439293
0.30081506654413714
0.3007759399654545
0.30074900472097743
0.3007257696074561
0.30071488365095433
0.3006742615180935
0.3006884000542043
0.30067975105479117
0.3007251027036739
0.3006794036998769
0.30069061696430777
0.3006488151502765
0.30062156582889765
0.3007103530313573
0.30071189339353666
0.3007051083829747
0.3007187923584044
0.30065058354048424
0.3005917440378535
0.3006054710393886
0.3005822619328705
0.300560747938301
0.3005416146431916
0.3004769519040852
0.3005446432163248
0.30059984765060865
0.30057643300233394
0.3005338306810079
0.30050952161088895
0.3005707669473605
0.3005786007074097
0.3006397244001009
0.3006109238588598
0.30067665447464353
0.30064724799788256
0.30061107543299936
0.3006337494052409
0.30061090362716825
0.3006203727706812
0.3006287906553684
0.30059180158866916
0.3005863453595601
0.3005985318245512
0.3006887329394775
0.30070530332563783
0.30063780075875357
0.3005818106278211
0.30055180665217407
0.3005950244060105
0.30048591430136207
0.30045960837417407
0.3004233233144409
0.30040810827555486
0.3004079731486142
0.3003690117739085
0.3003420971856172
0.30032844230650635
0.30033481919184735
0.3002926513963482
0.3001654248412101
0.3001778564601265
0.30020950378467526
0.3002106762529938
0.3002311697727643
0.3002023850957063
0.30025448439492186
0.30020901270792955
0.30019294212192227
0.3001674042816498
0.30014975573223734
0.3001730556360953
0.300176412518544
0.30021144831199953
0.3001789765379568
0.3001430472539053
0.3001609185154426
0.30013903194436586
0.3000122568229957
0.30007837515959845
0.3001149220661493
0.3001475849781178
0.3001362697246285
0.30017621155863605
0.3001367734184055
0.30018616102042395
0.3002162776136087
0.30022030387043297
0.30025266011522267
0.3002456189602084
0.3001892133335803
0.300263979632605
0.3002083398648593
0.3001962608764085
0.30024389708485166
0.3002644579988405
0.300254621988601
0.30025439706844004
0.30025256874494566
0.3002628571989783
0.3002790190082786
0.3002561783026634
0.30018367386225664
0.3002605752360381
0.3002612067113146
0.3003011488304612
0.3002899178648135
0.3003423482516303
0.3003715632442502
0.3003692620711139
0.3003060900700709
0.30028953295369154
0.30030509625472
0.3002951294480364
0.30025833576781835
0.3002685785438438
0.30027890811903846
0.30029140759167217
0.30026176351777356
0.3003429450744165
0.3003397801047528
0.30038965167458587
0.3004167473192919
0.3003931689711308
0.30037168043359663
0.30037362243141286
0.300378164389399
0.30035213034133545
0.3003080007069582
0.3001962075500213
0.3001723633074528
0.3002140187450919
0.3002426250835226
0.3003581633761535
0.30039118464504966
0.3003938032800654
0.3003840515367042
0.3003988043691881
0.3003911951280014
0.300396539950772
0.30036309373027625
0.3003676115018663
0.3003271229278327
0.30025449613018695
0.3001981575197391
0.3002454219692401
0.3002301873203195
0.30023782597296333
0.30020727702127425
0.30022757834224945
0.3001491994369697
0.30015416031978437
0.30012951283070555
0.30009015666045946
0.3000333258393677
0.30007272149459685
0.30001744766243765
0.29999971933552183
0.300006261666768
0.30003937021559957
0.3001030703692471
0.3001045211510621
0.3000974613955485
0.3000491780032952
0.2999880112447133
0.30004978220574274
0.30000527637506125
0.30000066823158145
0.2999693808210582
0.29997734146212596
0.29996885615173674
0.29994009465953064
0.2999168181846813
0.29989031279620926
0.2998617029518562
0.2998617944645291
0.299861591475313
0.2998682215823475
0.29983800191111576
0.29978698609928445
0.2998201169624287
0.2997583777593096
0.29970409473369475
0.2996678402284023
0.29962698870172033
0.29968202472903815
0.299691869499108
0.29973317723288373
0.29969336815671477
0.29968131798378383
0.2996841995147168
0.29964724030120116
0.29963840186178714
0.29961591801812093
0.2995948087605834
0.2995859365014909
0.29962981617919937
0.29964251441181267
0.2996332721553624
0.2996324482192464
0.2996226798363253
0.29960192489284876
0.2995927536308789
0.29957249877756376
0.29957818959725957
0.29957801911639037
0.29957885348176894
0.2995503251439643
0.2995147232254818
0.2995143202966548
0.29944918146454624
0.2993616767466357
0.29937602229923643
0.29922371766604583
0.299169543110133
0.2992136172803306
0.2990792161882918
0.2990829918631479
0.2990598460296561
0.29911052036363384
0.299001115096313
0.29893702142953893
0.29890701115781815
0.29887639041351266
0.2988917175635727
0.29887419708755747
0.29888467071448754
0.2988915703097368
0.2988847097600229
0.29887921447936516
0.2989105882509251
0.2989144087537887
0.2989227588874921
0.2989023310520603
0.2989802742980586
0.2990126563315214
0.29904811162838707
0.29906875678595024
0.29904460717997694
0.2991051833554651
0.29910613471246816
0.299183893287029
0.2991785467269039
0.29915889668877604
0.2991300607065648
0.2991384970042329
0.29915679494917913
0.2991748758231759
0.29908874951368647
0.29915359185964774
0.29911655524038716
0.2991112854120478
0.29909106312701184
0.2991854949634549
0.29926138235472277
0.2992791776874093
0.2992947409988185
0.29921281699905644
0.29921993969607386
0.2991825193950949
0.2991374730400821
0.29918968851981387
0.29920310665331395
0.29919973651470444
0.29927064255996283
0.29927076973862043
0.29935437725547964
0.29945483440889886
0.2994436792200248
0.29937995009656737
0.29935092240629557
0.2993138176753648
0.2993856183649046
0.29943904833533574
0.2994645977533219
0.29952173708364893
0.2995385569686879
0.299564492077105
0.29957586916948375
0.29962856492983825
0.2997110514867094
0.2997371798208657
0.2997354212680905
0.2997529840262584
0.2996477473071275
0.299672713236637
0.29973737676386436
0.2997813602202075
0.29978234309156016
0.29977376267074873
0.2997765543972898
0.29978720815363
0.2998582508107388
0.29986589543560804
0.29985273809517377
0.29985860792765007
0.29988322890340524
0.2998012472019179
0.2998863846714729
0.2998856704647086
0.29982881796710426
0.2997822084006767
0.2998110947588466
0.29979924048619033
0.2998797264551797
0.2999184083813037
0.30004533884276474
0.2997172694973267
0.2996916573277939
0.2996784283683457
0.29969770419995156
0.29972314395265076
0.2997287031114203
0.29969545237616935
0.2997172017643528
0.299756495987183
0.29977780816537725
0.2998080502474575
0.2997626038769392
0.29979635340027033
0.29981175298134644
0.29979883379799876
0.29981676135618296
0.29985829110385953
0.2998422392351111
0.29975133216130934
0.299781014254788
0.2997993390111393
0.29982890241584537
0.29980836185613147
0.2998711575326992
0.2998866837688966
0.2999579224765714
0.2999529987802244
0.29990343505741934
0.2999538845615022
0.2999734907960864
0.30003972812642443
0.3000358958516788
0.3000802932968897
0.30019095908254934
0.3001969682617507
0.3001952487342484
0.3002027184251732
0.30007417934813496
0.30008766883040816
0.3001327952759223
0.30018126021486924
0.3002388199122238
0.30026597060363147
0.30026919887533643
0.3003123943716063
0.3002803247340159
0.3002983481831407
0.3002960203725681
0.30036392753422536
0.3003432909466688
0.30038146607526994
0.30042148142310776
0.3004430809216807
0.3004230296748345
0.30042978281481547
0.3004235725341299
0.30049743889750147
0.3003812218011733
0.30038643366328355
0.3003905403360989
0.30041583771389335
0.30037307195958896
0.3004014867543986
0.3004424068853573
0.30057359659498384
0.3005901833446245
0.30063576497032085
0.3006100419707928
0.300701000238894
0.3007608307782441
0.3007639945467038
0.30088646293768917
0.3008694228215608
0.30086751697558356
0.3007807593028702
0.3006842402190947
0.3006045370400694
0.30063285267507855
0.30062248125293145
0.30062180651609993
0.3006770972715205
0.3006877489918328
0.30068801443751636
0.300717253548098
0.30071103036740876
0.3006201116346119
0.30062893564065796
0.3006832154596777
0.3006801963730166
0.3006997478912813
0.30070218365257184
0.3007090286414672
0.30068259364982197
0.30061727832236695
0.3006256171342606
0.30059024894056374
0.30060658360637194
0.30057115970316095
0.3005953660737386
0.30066764875253194
0.30066073990164566
0.300681680206609
0.3007391893067569
0.3007250627508007
0.30071519121180945
0.30069471886142873
0.3007134424289417
0.3007357104797267
0.30068563623155153
0.30075996077652223
0.3007604716730097
0.30075006374910973
0.30074171110474934
0.3007108358294873
0.30073639425318954
0.3007513116310402
0.3007672530624791
0.3006379129535235
0.3006481037980774
0.30068232490176383
0.30070652078225835
0.30068530934585824
0.3006991460938111
0.30061946383292304
0.3006556961870257
0.3006727268648921
0.30073503439580784
0.3008522058590368
0.30083541998353736
0.30088354402479767
0.30090164731309876
0.30095480821025267
0.3009653124437649
0.30093440170139685
0.3009139436177076
0.30092008804749093
0.3009685300158038
0.30096265812761946
0.3009469957315435
0.30085959575790466
0.30095605053795493
0.3009005690686999
0.30088883414226053
0.30089761275912463
0.30087502445605274
0.30081288310594323
0.300758338592539
0.3008454931066462
0.30082986670416456
0.30085585286026184
0.30090195957674093
0.30079349849138326
0.3008066399586058
0.3007645464871448
0.30075173034049596
0.3006567436963785
0.30057774826292427
0.3006536767381819
0.3006973428433921
0.30072802835005497
0.30070772584392236
0.3006637687362258
0.3006609923634789
0.3006111745781249
0.30058373767249547
0.3006216366467509
0.300576258180805
0.3005026954493477
0.3004734887495396
0.3004702193988277
0.3004273556488797
0.30047376778127366
0.3004937236530447
0.30052868039365044
0.3005003688621055
0.300512121623713
0.30047053879415175
0.30044641652407644
0.3005120456934859
0.3005016178141523
0.3005436158939757
0.30060709482418824
0.3005860913473476
0.30049852142671074
0.3004617592110722
0.3005013142903099
0.30045018977308724
0.30042897628285814
0.30046673919333133
0.30046466496907154
0.3004871255834768
0.3005480345827246
0.30046262932219736
