0.2959758276869645
0.29581638791429643
0.29573683998466005
0.2956698410161792
0.2956746249981882
0.29562317167793584
0.29548721051543536
0.295412502218236
0.295242960492634
0.29522731039288974
0.2951118143419731
0.29503822013406233
0.2950165180877634
0.2949535936340124
0.29487742725201516
0.2948161021934219
0.29486038009568105
0.2950582995704897
0.29508690087336864
0.2951441745649165
0.2952698910227489
0.2952010779632388
0.29532284732799685
0.29546075270555516
0.29559878017871055
0.2957507119572963
0.29592355974109974
0.2959966960947188
0.2961489015931579
0.29625716335837515
0.2963898731357869
0.2964601249892289
0.2965770048733253
0.29669339410110207
0.29684007090122033
0.2969715418945703
0.2970302543957597
0.2971494230399241
0.2971568823967964
0.2973323493645851
0.29750201156449607
0.29772577040252945
0.2979554374134399
0.2980881456430272
0.2982633919092156
0.29847559989274686
0.29860798292974966
0.2988541941102587
0.29890983585081154
0.2990924993137225
0.2993319166605072
0.2994127961509595
0.2996145476820249
0.29977342666706974
0.29994326397958615
0.30018313498122573
0.3003818604371692
0.3005667497505343
0.3007540147607468
0.3008996571413951
0.3010128336716327
0.3011590100170277
0.3013686502908911
0.3014899043970588
0.30172040852493043
0.3018775114842589
0.3020714393757957
0.30214965974700103
0.3023500956070946
0.3024441150067433
0.3025385026604277
0.30262533191406205
0.3026884273378728
0.3027549931883775
0.30284342621250493
0.3029088470467919
0.3029912645731052
0.30300151335323766
0.30310331968573645
0.30308033366189646
0.30324627080110533
0.3032042497118116
0.3032478331212729
0.3033476829520607
0.30346642415556335
0.30349641614713596
0.3034901806055669
0.3034640867770091
0.3035102329728233
0.30349503084180696
0.30340264761059055
0.3034258983069793
0.30339394539420483
0.3033828345241929
0.30337138282294784
0.30335925726438506
0.3032959169799089
0.30325160375386107
0.30322456190772407
0.30314064220291626
0.30302368205365515
0.30306938461598676
0.3030630365743616
0.30293041025501066
0.30293204526087647
0.30285732332941107
0.302782604971337
0.30273214171041285
0.3026779450885909
0.3026765725494125
0.3026018873149512
0.30252441314554
0.302523361009046
0.3024229044852944
0.3024162737262356
0.3023239376150004
0.30227307518279545
0.3021831813403466
0.3021371796862867
0.30214531586130766
0.30209343016388746
0.3019904922429085
0.3018576411941398
0.3017645218180931
0.30175307885048264
0.30167290830993765
0.30163566767040173
0.30161656281773863
0.3014983799196279
0.3014311099484599
0.3013774262126896
0.3013390936750229
0.3012495156808698
0.30114788157599104
0.30101426880245885
0.30088503921115295
0.30076367569111984
0.30068631000478985
0.3005690987923314
0.3005600847361922
0.3004472863537685
0.3003391515032722
0.30017430679096657
0.3000339585314956
0.299960323683479
0.2999114904918576
0.2998251536876031
0.29970484454163215
0.2996853024562812
0.2995086891187446
0.2994260625930807
0.29926313997554366
0.29922544884501356
0.29904731206860413
0.2988628197263111
0.2988136258889412
0.29865622034000117
0.2985985096949195
0.29849060419226825
0.2983596838653211
0.2982342531026425
0.298174861908448
0.2981808303525537
0.29812021089078844
0.29802478440691427
0.29798068201976347
0.29788202702092714
0.2978015996589244
0.29776562998487877
0.2976522464671726
0.2976285935468742
0.2975760312427925
0.2975706311705538
0.2975363884610239
0.29747194373953334
0.2974586678928818
0.297449564332984
0.2974832960248587
0.29745770869968946
0.2974881568358465
0.2974917972603296
0.2975296880869309
0.29751724938259927
0.2975280918316757
0.29757858679658855
0.29762207637672733
0.2977454377363683
0.2978340225595395
0.29783040378061465
0.297898962266986
0.2979062753542512
0.29797203684538043
0.2980441220734952
0.29812891021197396
0.29815030480233373
0.29819955338695336
0.29821002478556036
0.29819441414963477
0.2982132391882868
0.298333461522041
0.29839573867455293
0.2984560194959722
0.2983963715567698
0.2985354709150765
0.29866785070961144
0.29878414076143345
0.2988234309202302
0.2988764329868169
0.29890692170524824
0.2989013298912113
0.299020073290559
0.2990966357379572
0.29920909874308277
0.2992789469629117
0.2993737419030189
0.2994970425505361
0.299548483221991
0.2995798401270816
0.299593550616403
0.2997101558351538
0.2998450728415012
0.2999045534217224
0.30004796818977264
0.30014907124509094
0.3002177972170258
0.3001992658244593
0.3003210767958391
0.3004091092907669
0.3004331358405512
0.300565655917546
0.3006843293260292
0.30076536931472486
0.30080402711534926
0.3008847389883016
0.3009679499004655
0.30105556823432
0.30112038396403706
0.30110614777789146
0.30110436359371484
0.3011327600393221
0.3011636543497057
0.3012419598831332
0.30135800508590505
0.3014314466506789
0.30140192936369836
0.30146266980967884
0.3015049311125948
0.30154934870425787
0.30155800625533813
0.3016325770336177
0.3016230203727891
0.30169282842005574
0.3017843041821878
0.30183545018235347
0.3018276726737129
0.3019216307417466
0.30191796762152445
0.30192871492868045
0.3019392953272316
0.30188595690869025
0.30187013006008967
0.30189000056632054
0.30186360405834534
0.301897718863949
0.30191165700788447
0.3019473020660801
0.3019113668975353
0.30195865778037756
0.30200829530470596
0.3019436219252487
0.3019606560607532
0.30186710827344576
0.3019126211513816
0.3018842951223869
0.30179735993380097
0.30177327846212687
0.3017406263575112
0.3017679210128704
0.3017664972863293
0.30179930943195765
0.30182056382772116
0.3018295534864066
0.3017704077179415
0.3017882120871921
0.3017407459387492
0.30178654355839885
0.30168717639993214
0.30161035211004905
0.30160184728323003
0.3015492968506348
0.3015480492801408
0.301507595456763
0.3013728606064404
0.3013341070671609
0.3012353674300211
0.3012481615550683
0.30122319581641877
0.3012245027567263
0.30119826976912367
0.3011199616924166
0.3011188969546392
0.30111395053150647
0.30112575007233167
0.30111614815188825
0.3009999773108609
0.3009691431304704
0.3008659892904728
0.3008140058968086
0.300809032058585
0.3008086144884965
0.30076343628732294
0.3007870166075356
0.3006780930141081
0.3006433835224992
0.30057833170809867
0.3005323896065921
0.30050551296284556
0.30050018707066595
0.3004414591798328
0.3003142765823774
0.30028659010024683
0.300209362269117
0.30017200620766726
0.30011150889906935
0.300063777557977
0.300011081118588
0.29998858067549095
0.2999544924138192
0.299926057523191
0.2998850835861532
0.29976943478225626
0.2997468200993795
0.2996791325583088
0.29967251621134916
0.2996569316046549
0.29958037981310004
0.2995028563079257
0.2994389037186178
0.2993858061117811
0.29925928694068615
0.29918416502444
0.2991168985802892
0.29912276282649686
0.2990728509239069
0.29904725503250673
0.29903906685845527
0.2990279273225591
0.299037604062362
0.2989861949503825
0.2989674763306359
0.29897514914512924
0.2989041272118982
0.2989077653747123
0.2988620512766743
0.29877624993782703
0.29877164776901377
0.29867946052078465
0.298665734460846
0.2987131948260282
0.29868256744490884
0.2986406845212586
0.2986028962461641
0.29860770442410467
0.2986094864411034
0.2985994963811276
0.2985661756546468
0.29853937742107584
0.29856003155735267
0.2985991339309354
0.29859692451071773
0.29859180895335624
0.2985479996107546
0.2985622753510877
0.29857678231617457
0.29859727473794573
0.2986163855194536
0.2986120114809453
0.2985953628852932
0.29862617290906834
0.29864728655839423
0.2986534307681792
0.2986311411659701
0.2986119785656025
0.2986516624253781
0.29866685533212933
0.2986679345105272
0.2987471036359388
0.29879218743334357
0.2988291762635996
0.29884001086360656
0.29886213040532617
0.29886616520890186
0.2988991994992506
0.29891059977733436
0.2989153562571051
0.298979483427288
0.2990478559500148
0.29905083655721587
0.2990153062260055
0.29907086024934537
0.29904686851078643
0.29910551222074533
0.2991513232791214
0.2991502170977052
0.29923125929056327
0.2992588003896942
0.29927619552989104
0.29936841436576356
0.2994214198567723
0.29948002779005567
0.2995558703801716
0.29958744284395333
0.2996510431898862
0.29966007815328843
0.29965834019014614
0.2996404260373965
0.29968781159276425
0.2997780074437907
0.2997707996879221
0.29984137935194044
0.2998817397150355
0.29992255167882464
0.2999765107608432
0.3000362442646921
0.30004260945469896
0.3000914548298319
0.30012499001193793
0.3002228609865255
0.3002832920842293
0.30029614492525614
0.3003299848332973
0.30036080727897096
0.3004343072073806
0.3004496506516029
0.30049880047109123
0.3005985924227039
0.30065414930058953
0.3007123310798845
0.30073602744346106
0.30075483075342924
0.30084594575516654
0.3008680050951942
0.30093503388505605
0.3009946032698786
0.30100681289651743
0.3010182173525553
0.3010677798312612
0.301080984786429
0.30110146154186845
0.30115240803820253
0.30115691455096405
0.30114535527376374
0.30116067206652464
0.3011750319235965
0.3011780015694482
0.3012464715525355
0.30124721512058916
0.3012379860161154
0.3012209615690359
0.3012134469814659
0.3011825565116242
0.3011942730063675
0.301211806219739
0.3011817793397007
0.3011621905313284
0.30115416560952146
0.3011052488704312
0.30113111706070017
0.3011613208686126
0.3011322130425781
0.30107871358798544
0.301051283884867
0.30104793276175223
0.30101163966396305
0.30101698080764894
0.3010267898910506
0.3010074047571214
0.30099353076331625
0.30096677087110546
0.3009706080328639
0.30092840995148296
0.30089533062924945
0.30088798607171763
0.30089740514536434
0.3008935082628821
0.30088151638327676
0.30087237850977355
0.3008717903495882
0.30087300884857204
0.3008190814662547
0.30081377936395404
0.3007661484265226
0.3007301255656887
0.30072818920972133
0.3006680534691448
0.300630893548936
0.30060288411232705
0.30055968436534586
0.3005195599549779
0.3004701838727919
0.3004686957553754
0.30044190064083565
0.30039402389040337
0.30039914457643924
0.30041565845877116
0.3003851455413018
0.3004007076434664
0.30042219612256504
0.3003729365423454
0.3003359979020629
0.30026986558666435
0.30024918468878325
0.3002497296089579
0.3002456419190508
0.3002496029212184
0.30023463293974684
0.3002306421828125
0.3002259191497717
0.30022996579734007
0.3002246702361039
0.3001664341213637
0.30011950809776167
0.3000872458953774
0.30003808132493304
0.3000516028942246
0.299968661537244
0.2999549847328734
0.2999415147097432
0.2999396231122028
0.29991563326013493
0.2998905531713897
0.29990212582811016
0.2998674203129945
0.2997856459928865
0.2997038330589684
0.29970726816353055
0.2997230922264106
0.29971688113385675
0.2997162249287446
0.2997019532180256
0.29969637472921007
0.29969984563584784
0.29968431845445065
0.2996655080073619
0.29964517346996533
0.2996155043256634
0.29958839432718465
0.2996019751347443
0.2995758243754161
0.29957459535890574
0.29957033681320167
0.2995749316856018
0.29961353453957296
0.29960758651627506
0.29958725495281113
0.2996116346355123
0.2995905190279896
0.2996055104560713
0.29957761834218677
0.2995540463447809
0.2995672269427361
0.29956625265963466
0.29955738242259744
0.2995690813341857
0.2995890708194473
0.2995650942873729
0.29953303613327076
0.2995005375650718
0.29947917010055247
0.29951404333818854
0.29949775509745946
0.2994948301627526
0.29947845046527577
0.2994947295925322
0.29943871776162145
0.299372420045523
0.29931348075756736
0.29928759673271876
0.29932074579098344
0.29934330443539814
0.2993287261186386
0.2993259350674774
0.299334806925014
0.29933871306890847
0.2993695470212214
0.29938817947372753
0.29940552069381665
0.29942239302385765
0.29940376894542864
0.299363150877179
0.29936842333684677
0.29937292522062986
0.2993465569791556
0.29934176598557527
0.2993123135703457
0.29930754270157744
0.2992790118867036
0.2993119634795699
0.2993547655848524
0.2993569115102309
0.2993352630401249
0.29936508380827653
0.2993587661240438
0.29939674017125395
0.2994460949627119
0.29942827375029313
0.2994424613040577
0.29942676603100504
0.2994177774416059
0.29939753463696683
0.2994659595410972
0.2994708814316971
0.29952785954571337
0.2995651864422022
0.29953666022785197
0.2995667384716849
0.2995533322677042
0.2995495451792505
0.2995959200309728
0.29967042520976706
0.2996630787632597
0.29968523760472854
0.2997169562344114
0.2997236081773633
0.29974492697277944
0.29980241063267754
0.2998176481035678
0.29987319339092255
0.2999238486008643
0.29998505694909905
0.3000183033044296
0.2999929461920193
0.2999992401137046
0.30001245965955836
0.30002716537771146
0.300082344846593
0.30011780424054346
0.30013971201473155
0.30017053830255414
0.3001814308511551
0.3001789879599772
0.3001766593276105
0.30017376439879173
0.30021351968379806
0.3002256150391177
0.3001974856824373
0.30021807484483864
0.3001969099279279
0.3001869491246676
0.30019899357694724
0.3001807843033666
0.30022932955575776
0.30022908875534604
0.30026228816987444
0.3002357043904218
0.3002605388930307
0.30025175525657655
0.30026294613485693
0.3002283897535388
0.3002711303482326
0.3002982930809217
0.30031234063929146
0.3002861216158985
0.30031107737386287
0.3003262950210336
0.3003435438949654
0.3003745774620399
0.3003751774840807
0.30042505069582703
0.3004196984609796
0.30044168359571033
0.3004428853707406
0.3004617418886172
0.30047662156347466
0.30046194900728607
0.30047507608308965
0.30046363271387244
0.3004530166568844
0.30045170542592914
0.30045422434200986
0.30044729751797716
0.30049759192959113
0.30049225419826775
0.3004865196459645
0.3004962581284425
0.30047627867813453
0.30047620762081684
0.3004916466575144
0.30046529319725535
0.3004942412998022
0.3004886505248192
0.30048408607463395
0.30050545373040605
0.30053974295510966
0.3005313475205571
0.3005204423899409
0.30051745174946065
0.30048454125481716
0.3004530316841728
0.3004546711535999
0.3004889304305053
0.3004968471590408
0.3004817017656506
0.30046079561688344
0.30048823193578444
0.30047663421817805
0.3004604744811371
0.3004956626600943
0.30049830625815066
0.3004639788453598
0.30046355850635453
0.3004331445729609
0.30042730610928015
0.3004004657176593
0.30041907814782587
0.3004439394558923
0.30043474126952274
0.3004119001098494
0.30037428488348383
0.3003845787149312
0.300350238319006
0.3003329935154616
0.30034748736305183
0.30028598479432445
0.30032961874712305
0.30031370363648224
0.30029594154215067
0.30031129993192596
0.300338079153039
0.30031753822219176
0.30025835501465803
0.30023101583000156
0.30022775363879795
0.30019161065898636
0.3001695801915737
0.30015012934520424
0.30014187302246587
0.3001347630946175
0.30013981505194265
0.30011027678029023
0.300107383665015
0.3000712048152995
0.3000274130684254
0.30003484880286013
0.3000407946980844
0.30005298762422095
0.30002988188560886
0.30004123758208756
0.3000021711609173
0.30001395222424887
0.2999639042481108
0.29994173891772435
0.299971550897678
0.29996935833079685
0.2999380203402411
0.29991854870137125
0.29992600519040336
0.2999392004099407
0.29992662333325915
0.2999247319499264
0.29995229752529495
0.29996684827813547
0.2999693816883646
0.299947964958167
0.2999456900267292
0.2999570002672345
0.29994868749776793
0.2999363827296223
0.2999189368742562
0.2999256505948271
0.2998980060983154
0.29988613342274917
0.29991283623153353
0.2999604471013476
0.2999810106098152
0.29996775336329684
0.2999851266191005
0.2999615546108756
0.29993292766486146
0.29991129455221943
0.2998978272232391
0.29990439530544977
0.2999297762244568
0.29994049327827865
0.2998877145522857
0.2998616779274945
0.29987937521634656
0.299851276777405
0.29985366002280467
0.299829651258801
0.2998532135886893
0.2998700965363805
0.2998461416741126
0.29983096713377744
0.29985304444027316
0.2998478837309272
0.29985927422765213
0.2999098840263198
0.29991198147679043
0.2998938484596336
0.29990151272977306
0.29987059483170087
0.2999034963754066
0.2998954321441585
0.2999011406938068
0.29989539028047796
0.2999133911404459
0.29990191553313983
0.2998890026091998
0.2999284771591094
0.2999215239697114
0.29993488326762197
0.2999418223270415
0.2999299133768002
0.2999197974179697
0.2998988287327816
0.2999083651033688
0.29991181583018056
0.2999262664922907
0.2999103254846631
0.29988837721687356
0.2998801312431053
0.29983321742405433
0.2998235856019231
0.2997564769148735
0.299761273945383
0.2997298945467549
0.2997311997270813
0.29973433381960235
0.29971340244294176
0.2997073845280396
0.2997114304777285
0.2996967884006255
0.29968885018318603
0.2996651041239615
0.2996771305656717
0.2996836657843752
0.2996666090883866
0.2996683169364054
0.2996711967513158
0.2997172579476126
0.29973267279404114
0.2997243677705558
0.2997061471766116
0.2997446651430067
0.29972462792769383
0.2997500545383034
0.2997598413044412
0.2997353428224846
0.29975563535446437
0.2997057269932175
0.2996900922919782
0.2996710525690215
0.29969015295352797
0.2996829157957529
0.29964151927512916
0.29963581948786655
0.2996164137591377
0.29963957561447263
0.2996669376941492
0.2996766846876925
0.2996633368423869
0.299659278237859
0.29967625856442814
0.29968028756717047
0.29969896188072453
0.2997289458133947
0.29970635803658274
0.29971165166142677
0.2997302661927541
0.2997300103593913
0.2997198182979207
0.29974652768569066
0.2997524537060853
0.2997645979199344
0.2997381326663543
0.299743014996913
0.29977403430308347
0.29975228486379635
0.2997264543467095
0.2997099097828059
0.29978010329992755
0.29977538339842635
0.29973593261551834
0.29974350424034657
0.2997575095868873
0.2997692886871739
0.29976670850687515
0.29979001585518616
0.29979144217312115
0.2997611764018099
0.2997806636136259
0.29978210580968645
0.29976416986058296
0.2997832857105609
0.2998190061593965
0.29981350920904937
0.2998169372868206
0.29982783689271686
0.2998633634275989
0.29986532330583704
0.29987220194081143
0.2998874981516739
0.29989974409709697
0.2998669600714766
0.299864766486337
0.2998677151485032
0.29987167406480497
0.2998890928514307
0.29990084791637284
0.2998939499908333
0.2999180466586626
0.2999194287737198
0.29992735605042475
0.2999434266517019
0.29998251665285525
0.30000408341490714
0.3000136155442584
0.3000245667538656
0.30004375040444
0.3000714222126649
0.30008955099857393
0.300061689732267
0.30009519339113777
0.30009783028160475
0.30012272602655576
0.3001298039368322
0.3001121911925073
0.30013723563114447
0.3001623212282617
0.30017195174918176
0.3001650646757116
0.30014956371022916
0.30015373381047483
0.3001290664123013
0.300141277384799
0.3001309614130184
0.30013800154120496
0.3001149498738128
0.3001005725731246
0.30013430049526013
0.3001066433851123
0.3001051544454947
0.3001131057104297
0.30011000296898516
0.3001273033613333
0.3001230870547007
0.300107480924806
0.3001102780711019
0.3001326193268865
0.3001430374162315
0.3001402563413025
0.30015348818427035
0.3001807229357637
0.3001916535068232
0.3002140880792499
0.3002151749856148
0.3002319238213955
0.3002415320782632
0.3002537889755865
0.3002745973351786
0.3002841283502967
0.3003094073023429
0.30029768710515237
0.30030905154155974
0.30034548486615975
0.3003712992315396
0.30037077047315974
0.30039748577283865
0.300378765016338
0.30037870794015653
0.3003591601146416
0.30033106545740307
0.3003287771927363
0.3003396431208717
0.30035492484465676
0.3003189931010002
0.30034201332662347
0.3003521228416757
0.3003551067748118
0.30035036266239235
0.3003621102258953
0.30035008254322215
0.3003567354726998
0.3003623822989703
0.3003607243881353
0.3003415149591905
0.3003287633912146
0.3003240701345782
0.30031223418475217
0.30031088487269264
0.3002966623792468
0.3003089923095468
0.3003253132221143
0.30031660999517096
0.30029846120777404
0.3002976953025538
0.30030174158030076
0.30029742499634227
0.3003088939799773
0.3003068096550492
0.30029188489282055
0.3003239915353988
0.30034059397111657
0.30035067079302813
0.3003438804860502
0.30033793931912334
0.30031498999998596
0.30030485980939325
0.30027931441763844
0.30024498555631784
0.30023899245459884
0.30020531857288124
0.3002016136354372
0.3001971096869518
0.30019736799630603
0.30020047054764454
0.30016234682879717
0.3001802043140116
0.3001823315358033
0.30020345357126366
0.3002024485009761
0.3001771894932813
0.30015989764116935
0.3001250159344714
0.30011823082680256
0.3000934721357551
0.3000715228552857
0.30009675548922876
0.3000935855366026
0.3001103950144376
0.3001007314375176
0.3001279453924347
0.30012092227432063
0.3001270277382656
0.3001129755196893
0.3000829435448734
0.3000838037094731
0.3000729781394724
0.30003266602162326
0.3000398509515185
0.30006264474520294
0.30006936827736685
0.30004618354601986
0.3000390188982378
0.30004359497401367
0.3000386205200831
0.30003097588328886
0.30003796863918875
0.3000201262784459
0.3000038576765175
0.2999972959579684
0.29996844332208383
0.29994516123740433
0.29994520825848114
0.29995001235496566
0.2999666592996717
0.29994880033919613
0.29995684830633296
0.2999746029606576
0.29997696745165636
0.29999410590633013
0.29999393952980913
0.299980867998463
0.29996190727531524
0.2999262902051393
0.29991836913058145
0.2999049438117046
0.29992290043694236
0.29990296335762445
0.2998907886362009
0.2998885390797287
0.2998639635141208
0.2998309404328261
0.2998193753630396
0.29981208769304735
0.2997922997204572
0.2997771863849178
0.299765359496451
0.29974188857204653
0.29975366074316867
0.2997598570890102
0.29974145126199914
0.29971995876752666
0.29970258929396154
0.2997041942531027
0.29968772217609907
0.2997016774905511
0.2997155765227991
0.29971158694007594
0.29970241973655964
0.29972567731602573
0.2997180594115304
0.2997114914324571
0.29970504043223456
0.29969476677045415
0.29968973331969906
0.2997037183858241
0.2996931384524383
0.2996957868731436
0.299718220156583
0.29971025441463195
0.29971193758192805
0.2997281716168826
0.2997425820905971
0.29972292623488606
0.2997135728411251
0.2996832643154441
0.2996820439816127
0.2996759594153515
0.29968487340114924
0.2996905853919598
0.29970248068657124
0.2996950066907508
0.29968614538864224
0.29967728154397577
0.2996723208025174
0.29968725656484163
0.29968093662426276
0.29966186914567583
0.29966212962369887
0.2996612960957492
0.29963199599477286
0.2996136726858091
0.2996252319755306
0.2996570871102112
0.29963884705579047
0.2996281105115297
0.29961745320865185
0.29962643577184644
0.29962206093774146
0.29960884323016634
0.29961758821995876
0.29962147339141065
0.29961903176040383
0.2996197342650282
0.2996029584773072
0.29962173564542427
0.2996201223774192
0.2996133259048753
0.2996465271568092
0.2996585838279612
0.2996819136364868
0.29970168963514443
0.29969132611496285
0.29970153672223376
0.2997277524778308
0.2996996775846854
0.2996989281115894
0.29970155407511745
0.2997353444042876
0.2997555142287177
0.29977257960637593
0.29978012703791057
0.2997679466342029
0.29977576111918347
0.29975483889506893
0.29978041337640504
0.29977451208483685
0.29976129440572896
0.2997490405720261
0.29976663152976635
0.2997775527704233
0.2997595469288582
0.2997760323710704
0.29977320568026133
0.2998024544447391
0.2998185934287805
0.29980166578157896
0.2998078468750437
0.29982600243797775
0.29982816537402324
0.2998326332903074
0.29983010730272563
0.2998460400833839
0.29983614326327224
0.2998463146863992
0.29987992536852603
0.299898108813739
0.29990542001940834
0.29991762216053097
0.29993516006934007
0.29997987296466455
0.30003824574795457
0.30000674818914463
0.30001390835599795
0.30001767558605974
0.30002654618227453
0.30003432782769435
0.3000382725932115
0.3000568096960121
0.30009212016504694
0.30009929238363586
0.3001122375698535
0.30013053844206783
0.3001329505706549
0.3001799525279608
0.30017623904945745
0.3001891762303187
0.30017976268460245
0.30020511044113096
0.3002104694108869
0.3001978365978122
0.30019650005765675
0.3002200635936353
0.3002352061117104
0.3002278105542211
0.3002367158153566
0.3002347717364299
0.30023637126173086
0.30020911618409407
0.30023670294472915
0.30021952591803436
0.3002170303352192
0.30022048093655296
0.30022116913374663
0.30022930077404786
0.3002533184429238
0.3002634589231682
0.30026982537731783
0.30028420660638844
0.3002973213946307
0.300306893635899
0.30033310622548215
0.3003337997965726
0.30033254340372273
0.30034400469927225
0.30036943514897385
0.30036515050689927
0.30040095094685915
0.3003951420672464
0.30040238354952287
0.3004199687210338
0.30043270253524357
0.3004399335035687
0.3004413358557274
0.3004213347768344
0.30045079994025514
0.3004393096350845
0.30043461362597157
0.3004360474376333
0.3004191277033649
0.30040696332562145
0.3004088144087287
0.3003851708405936
0.3003884353938797
0.30039794673665077
0.30040869753614674
0.30041795744023825
0.300437841998604
0.30042675292379883
0.3004359719879254
0.3004254222929269
0.3004534123312236
0.30042957058842623
0.3004330204600847
0.30042412379846795
0.3004429782159308
0.3004348418882995
0.3004196557455432
0.30041187390643587
0.30042571505172355
0.30042488220679675
0.3004237321263983
0.3004131169810239
0.3004382232098187
0.30044165983491633
0.3004416464420352
0.3004286895455178
0.30042723898420365
0.300429628487653
0.30042129722938393
0.3004159542401358
0.3004137703075107
0.3004222828055616
0.3004177107628614
0.3004038772287986
0.3003675291849782
0.3003591128662474
0.3003178020341053
0.30028233749389044
0.3002434390815364
0.3002151783867357
0.30021443770163936
0.30021589175429964
0.3001916239429191
0.30020552253009714
0.3002078678937746
0.3001889480435195
0.3001986193038485
0.3001844960994071
0.30020531934781813
0.30018694134775714
0.30018868289921663
0.3001859435281028
0.30020106193672946
0.30020524748563604
0.3001996800230581
0.3001779588734882
0.3001773356083506
0.30016717387973557
0.30018174059817715
0.3001768185476853
0.3001927172127463
0.30016786705702103
0.3001665687073687
0.30016197746151196
0.30014029521292396
0.3001277613827257
0.3001169289318545
0.3001123265259611
0.30013037284180455
0.3001083946671249
0.3000992099816715
0.3000951292286882
0.3000988570421531
0.3000894855034595
0.30007137576302934
0.30007327913573967
0.3000467999384614
0.30001393978490154
0.3000085868383443
0.3000144102937764
0.30002340856711895
0.3000071627533596
0.2999852588879065
0.3000022339887488
0.2999893304425222
0.2999834030879207
0.2999620419344933
0.29997719893930896
0.2999563120692844
0.2999586944416699
0.29995953145098264
0.2999388904115715
0.2999482393676096
0.29995734737382296
0.2999366786911032
0.2999212451043993
0.2999131826337138
0.2999150637886443
0.29992078494664187
0.2999221874682506
0.2999040476942928
0.29989923169809785
0.2998901855158811
0.29988924827932606
0.2998793427197982
0.29989084822622103
0.2998725782519367
0.29986402905003295
0.29984793157062073
0.2998526446681552
0.29983227173258276
0.29981425296400577
0.2998035044798917
0.2998180741994044
0.29980111137647014
0.2998001109729763
0.29979399083548997
0.2997784683372523
0.29976497082436004
0.29976249600733185
0.29974029513851685
0.2997246746614144
0.29973617829428545
0.29974203112841336
0.29972440700552283
0.2997540779011
0.29976706876567594
0.2997691322125081
0.2997518091541933
0.299758805902139
0.29973956594454965
0.29971934105307296
0.2997333073762547
0.29973511851637014
0.2997212165878195
0.29973672711043287
0.2997371258100904
0.2997409137887306
0.29973448781070644
0.2997181343952393
0.2997028343589898
0.2996987083597642
0.2996949303564683
0.29968640443920325
0.2996961141859924
0.29969487274179396
0.29969296386099376
0.2996892450991613
0.2996908517388691
0.2996740441443331
0.2996669286377466
0.29967852835757025
0.2996806891752787
0.2996812145971369
0.2996893735355546
0.2996826238745838
0.2996710420907044
0.2996687875898205
0.2996483487005507
0.29964672334075426
0.2996637230708473
0.2996918568818707
0.2996705586452436
0.29965141558525943
0.2996402007046789
0.29964233525009387
0.2996507071475615
0.29968022832992125
0.2996941891204713
0.29971720089703713
0.2997118376432667
0.29972453862339754
0.2997200719124077
0.2997227441651086
0.29971181347762843
0.29969876411243335
0.29970651919794333
0.2997330457191756
0.29972130728706414
0.2997329284202277
0.29972709048236823
0.29972480024514736
0.29973504243601357
0.29972944883382224
0.29975673756857657
0.2997729939858478
0.2997923411553466
0.29978458270063324
0.2998050925639246
0.2998215996977196
0.2998212563442826
0.29981815891340446
0.29981974798888655
0.2998298846477623
0.29984405494754196
0.2998536220277296
0.29985149372795417
0.2998389259880282
0.29983622553887146
0.2998585926118712
0.299874771694303
0.29989595468819275
0.2999131948390241
0.29989492348590896
0.2998748915184617
0.29988362861531603
0.29990728370875064
0.2999240729291106
0.2999063587386982
0.29992185781080327
0.2999141747870905
0.2999401440344893
0.2999252066758249
0.29993873037377305
0.29994586314500615
0.2999480126852384
0.2999549314659513
0.29994607042360477
0.2999551630733971
0.2999525141586691
0.29996705655852285
0.299954227165664
0.299994344420634
0.29999989754786516
0.30000600224400875
0.3000136363297512
0.3000211999161254
0.3000308614158099
0.30002931539533806
0.30003273510386297
0.3000383678580647
0.3000511487804127
0.3000455829661358
0.3000609350593161
0.30003714333560494
0.3000779898071926
0.30009909666394574
0.3000927898336401
0.30010529498180327
0.3001205188377577
0.3001205352567725
0.30012949971436076
0.300135593071866
0.3001460004704647
0.30013159391839106
0.3001556032198137
0.300154414591274
0.30015082363244605
0.300147496735925
0.30013516092025316
0.300150158118926
0.30015181286955117
0.3001853743678471
0.300164608882066
0.300174917750307
0.3001722099289412
0.30017572579960783
0.3001692388159568
0.3001551709630257
0.30016030884969536
0.30019023239961573
0.30018658796926645
0.3001826856216038
0.30017025831968513
0.3001744966870076
0.3001711172795801
0.300173264484903
0.3001846667548611
0.30020628808567207
0.3002085996967738
0.3002459662464547
0.30025861305469137
0.3002639540404717
0.30026374554906077
0.30027483007247535
0.3002697049478267
0.30027004019703496
0.30026224120439493
0.3002585725101734
0.3002509415641219
0.3002453296899428
0.3002728946979263
0.30028053827445833
0.3002848764306575
0.30027660069860684
0.3002841900765635
0.3002870363971495
0.3002766624501675
0.3002655080530737
0.3002754757728897
0.300275594622331
0.3002671298015739
0.3002757505149106
0.300281728244325
0.30027486325101505
0.30026565787028536
0.3002713413764406
0.30026450211743816
0.30025670933542736
0.3002680227131381
0.30025975766488233
0.30027146138327676
0.3002726334246889
0.3002719789079539
0.300285976480303
0.3002854114253436
0.3002792734857309
0.30028023487779065
0.30025422922409917
0.3002500959735942
0.3002192669579897
0.3002246987013224
0.30021639747216033
0.3002239905635713
0.30021272161944257
0.30021520296260473
0.30018955803916525
0.3002087560494985
0.3001920374348428
0.30019390131227297
0.3001965024799822
0.300181183668879
0.30016577788939536
0.3001714782099981
0.30017681140800345
0.3001809754104907
0.3001764322146865
0.30017463744912876
0.3001833977621381
0.3001770029031311
0.30017424636837753
0.30018371218116147
0.30017329337359544
0.300149875377518
0.3001575895899241
0.3001463618172654
0.3001667208312929
0.30014695200698693
0.30013505036167787
0.30011960162610607
0.30012816400217157
0.30012348588112925
0.300136840939189
0.30014226918063036
0.30014298311765975
0.300128944573518
0.3001237955215562
0.30011699321699314
0.30011779132213035
0.30009779080698373
0.3000956101803397
0.3001103870363143
0.30009294123984165
0.3000890155423883
0.3000908095573588
0.30006592287442513
0.3000632847817669
0.3000489987552226
0.3000357568729556
0.3000242768630983
0.30002915422668086
0.300017652152584
0.30001849599850716
0.3000089739176328
0.30000886257695836
0.29999777512168
0.29999890886469427
0.29998769276009174
0.2999797164569187
0.29998341946925766
0.2999988841313733
0.30000531789063023
0.3000062958086872
0.2999999892398709
0.3000000089787953
0.2999971931924982
0.29999168702975565
0.2999893924033422
0.29999654288187394
0.3000011812019501
0.29999363098242104
0.29999382546098863
0.2999883077034966
0.2999892442919885
0.29998737210345827
0.29997456984746795
0.29995822742346967
0.2999352986620576
0.29992198355902355
0.2999175708301379
0.29991714989441987
0.2999196330916175
0.2999281678515088
0.29994035175009937
0.29993889989145084
0.29993215921109295
0.29993239319901743
0.2999403779906127
0.2999319822837466
0.29994237294578263
0.2999338887811873
0.29992132991366105
0.2999082919788729
0.2998882149690808
0.2999221026952871
0.29993984124377193
0.29992674019110266
0.2999211540011204
0.29991788298678623
0.2999146341558043
0.2999180341425439
0.2999282918878796
0.29992293793989144
0.2999144822986276
0.29990587247786404
0.2998930067630625
0.29988759012816824
0.2998710788126364
0.2998517618075923
0.29985469358561145
0.2998322768280528
0.2998125235414886
0.29980329648510506
0.29980071994289026
0.29981425239696924
0.299802471898433
0.2998224530278527
0.29982737223785794
0.2998530988496866
0.2998621584650899
0.29988124894983104
0.2998688320238312
0.2998714267351815
0.2998488338914994
0.2998353095690557
0.29983736833081254
0.29983154191626804
0.2998278521797628
0.2997924312696617
0.29978353048138673
0.2997584319717458
0.2997469601212609
0.299747115844502
0.29974076377935466
0.29974430352341774
0.2997326818233381
0.29974104491762266
0.29972729678790166
0.29971985323165473
0.2997153421649308
0.2997212180896035
0.2997295285451792
0.29972911565711713
0.2997224319301347
0.2997086031405821
0.29970756907739016
0.29971583766319354
0.2997007577258367
0.2997076987282792
0.2997173778573653
0.2997386883470785
0.2997464117752241
0.2997383064192023
0.29973731629235945
0.2997397050918329
0.299762849162275
0.29976087858506717
0.29975867533837297
0.299778233359956
0.29977714107176356
0.2997735676623341
0.2997817343519157
0.2997690474061623
0.2997662358101937
0.299760959718815
0.29977411773883245
0.2997715519695181
0.29977257546720704
0.29976968997624587
0.2997705646065334
0.29976962519421013
0.29977158544665927
0.2997584899845338
0.2997732616790839
0.29976070459588633
0.29977027097312525
0.29977883392130333
0.29979450606963187
0.29979388799055395
0.29979540102278335
0.29980462370940164
0.29981324338921955
0.2998207326067437
0.29980610876617775
0.29982153844577397
0.29983106325052455
0.2998282080299749
0.29981877629653597
0.29982907906004563
0.2998242967697925
0.2998263425233094
0.29982600773074064
0.29982124818677325
0.2998378611668472
0.29984530917506647
0.29986510080176165
0.2998611210385558
0.29986736348829945
0.2998807394546408
0.29988637112522765
0.2998961943561669
0.2998965715310272
0.29989216572024546
0.2999156572628413
0.29991917325258266
0.2999462865740651
0.29994140842914563
0.2999438879667169
0.2999532026284685
0.2999631309973584
0.2999378560863839
0.2999340495253445
0.2999493337465138
0.2999374917624005
0.29993862621830625
0.2999477106039582
0.299941796091598
0.2999474108691843
0.2999419706941502
0.29994234082707694
0.2999486402644438
0.2999586229474569
0.29996575475126297
0.2999780542342674
0.300000301509192
0.29999240831115925
0.2999879154754823
0.2999775246370088
0.29997420709649203
0.29997983985386867
0.3000007377115711
0.3000067915285245
0.3000180137749556
0.30001455147044764
0.30004162488996355
0.3000390010363977
0.3000264914292782
0.30003050357318517
0.30000993303946666
0.3000101129065512
0.2999941224640241
0.2999733211191662
0.2999777232451004
0.29997383506240727
0.29998395005342093
0.2999689176348891
0.29997385502386154
0.2999823617034948
0.2999732299169876
0.29997918289257053
0.2999630017740639
0.29998962989126454
0.29999044270017405
0.2999934825753453
0.3000028141658224
0.2999934379562109
0.2999746663133539
0.299975846734997
0.29997942519534004
0.30000327732068166
0.3000164486877631
0.3000115997406474
0.3000056391061924
0.2999999192272409
0.2999957874232486
0.2999981595136082
0.3000024756415214
0.3000210985839449
0.30000282734453376
0.29999616209333513
0.3000029960617968
0.29999777448323584
0.3000090468984761
0.3000196357062931
0.3000154327361938
0.3000051496918228
0.3000337117764287
0.3000495581692484
0.30003516942005304
0.3000346830817868
0.3000421055212711
0.30005191992149716
0.3000484035175086
0.30004814616931985
0.3000482023571005
0.30005867718743506
0.30006558574084985
0.3000619562328498
0.3000522386070533
0.3000549020913873
0.3000649088015169
0.3000571804411538
0.30005325831774576
0.30008771860613337
0.30011365814236435
0.3000882997239148
0.30009501903056135
0.30010310407354346
0.30010968050391906
0.3001072136226468
0.3001155158776101
0.3001068270378331
0.3001010942173018
0.30009512144317874
0.30010264949505905
0.3000965890622479
0.30009070673486715
0.3000974410550141
0.30010629943311273
0.3000979418995967
0.300099590320801
0.30010562920459916
0.3001198876658353
0.30011921759157967
0.30011716523246845
0.3001210477796733
0.30010241702713214
0.30010535632048807
0.3001315346177418
0.30014692624621064
0.30015986864640276
0.30016031126121834
0.30014810560009253
0.3001659892090893
0.3001712378410475
0.30017090128575274
0.3001784837732494
0.30018407238783607
0.30016547347487854
0.3001634623590421
0.30017080686507347
0.30019139816163753
0.3001969309777177
0.3001924392791283
0.30019395323809595
0.30019891792769193
0.30022187083242347
0.30020956096483564
0.3001967964335476
0.3001845484661585
0.300181420305185
0.30017908687420736
0.30018440753527775
0.3001835848079659
0.3001937729464872
0.30019136663030044
0.3001968473770874
0.3002212967283955
0.30022515268295336
0.30022594284251114
0.3002404198360742
0.3002371475688398
0.3002095273516435
0.30020447487433066
0.3001864285597139
0.3001958389092657
0.3001943588567131
0.3001914849064524
0.30017575810061004
0.30018383314714314
0.3001760699750925
0.3001608735463628
0.3001542113154505
0.3001344189461901
0.3001371971097525
0.3001286665194729
0.3001343122664769
0.3001302553049402
0.30013209200522695
0.30013636109464936
0.3001355309348742
0.3001440247163879
0.30013231249020345
0.3001249385487489
0.30012701842278
0.30011993893921207
0.3001215338362837
0.30012618874033226
0.3001339169875411
0.30012972692547135
0.3001306383530844
0.30012046076831134
0.30010754303415177
0.3001128726452452
0.3000966677432192
0.3000901403663888
0.300092568065192
0.3000753516385972
0.3000809132972466
0.30007740746378186
0.3000792006623041
0.3000667202775873
0.30005339851668655
0.3000514334052914
0.30004732859340566
0.3000659874181403
0.3000681544452348
0.30006967387260497
0.3000671611750624
0.300076436559218
0.30007495554376273
0.3000500074027135
0.3000549386511109
0.30006623479816974
0.30006459498487104
0.30006494051092947
0.3000671977772881
0.3000613442711766
0.3000338605937246
0.30004806977071663
0.30006172318729296
0.3000583350954802
0.3000443814268474
0.3000328186303187
0.3000325103344639
0.30001949917535675
0.30000625818096527
0.3000149990882345
0.3000240599110122
0.3000201052225906
0.300021740093781
0.30003078937146765
0.30001988119067613
0.30000987402336454
0.30000686829230694
0.3000130742990572
0.3000237909784772
0.3000217644533594
0.30001549269384575
0.30001157868861095
0.3000150802466195
0.3000251220761254
0.3000258469526905
0.3000143283091221
0.2999959329961893
0.30000077756528576
0.2999956159196465
0.30000240108533416
0.2999961770063948
0.30001014830153894
0.2999949205950233
0.29999676380762386
0.3000009688989347
0.29999128569516675
0.2999905539597456
0.2999981788190853
0.29999784898119475
0.300007695193108
0.30001243626083474
0.3000152463642175
0.3000020544567381
0.30000614971511985
0.30001261359222664
0.300021566491363
0.30002672579786993
0.3000071018255599
0.300007537253028
0.30001697381568093
0.30002351336101896
0.30000922552372045
0.3000044560499018
0.3000073023987643
0.3000050029731983
0.30000206537680574
0.29999246270495483
0.29999325460729376
0.29999548776903073
0.29997395907321733
0.2999723056127567
0.2999647063032125
0.299951756885949
0.2999528675865797
0.2999590973791354
0.2999708644259971
0.2999706892660561
0.29997151556317925
0.2999846677201048
0.2999728418629851
0.299985336079751
0.30001431819354474
0.3000116721339927
0.30000385114881434
0.2999942060484303
0.29997372434482783
0.29998122801898486
0.29996867162473173
0.29997215375431086
0.2999525884510926
0.29995204100533734
0.2999458949803385
0.2999470971439847
0.2999500960473479
0.29993704931735177
0.2999313270613413
0.2999307467893746
0.2999059445125668
0.29990013403833604
0.2999076998436584
0.29990445624092343
0.29990767490469117
0.299896135279038
0.299902683119061
0.2998915383298486
0.29988078149292896
0.2998757248283135
0.2998551767870151
0.2998571016258418
0.2998620853134295
0.2998513268727858
0.2998655635643719
0.29986871651331704
0.2998602308490146
0.2998599479272305
0.2998617326023688
0.29986572673857625
0.2998514679188604
0.29985593122705234
0.29985804367584157
0.29985738198902223
0.2998585082663241
0.2998617836180295
0.2998633975550705
0.29986166242387313
0.2998502144410413
0.29986585554150025
0.2998703160533087
0.29988457981886674
0.29988913718002985
0.2998993345638977
0.2999124874899578
0.2999017805068437
0.29991211404339535
0.29991776835091655
0.2999269870408551
0.29994488525821805
0.29994966777395327
0.2999366735787704
0.2999533240426592
0.29994573614213205
0.29993875446742957
0.29993821161662937
0.29994642751312106
0.2999504388426658
0.29996933844320706
0.29997987321888564
0.29997935556567434
0.29997457734123345
0.29997602970201565
0.29997801073517383
0.2999698747371614
0.29996566945138825
0.29997894930704005
0.29997820300453515
0.29996592866925964
0.2999591824069785
0.299958519665226
0.2999687009676071
0.29996926815021274
0.29994031086101614
0.2999447649839533
0.2999355865521891
0.29994407515378385
0.2999517025360021
0.29995171548037647
0.29995395587966434
0.29995386918818745
0.2999631209672763
0.2999572321401045
0.2999438073834907
0.29995248898300875
0.2999551803041298
0.2999407046887961
0.2999469589325119
0.29995191944157684
0.2999539943665702
0.299941053775456
0.2999445723864296
0.29993228223014357
0.29992839183659326
0.2999273886918873
0.29993224697777976
0.29993004530663936
0.2999389174372632
0.29994235038676387
0.29994001416569627
0.29993487349676085
0.2999330655418325
0.29993817320641036
0.29994319093938926
0.2999442918842413
0.2999670037344331
0.299977912355452
0.29999114261537574
0.29998192197333495
0.29996162726760045
0.29994736016212686
0.29995374322293344
0.299945546129333
0.29994241065397165
0.2999430770047439
0.29993433479074105
0.2999461540141608
0.29995542444867407
0.29995097852765273
0.29996571349101175
0.2999724533274559
0.29998093957254923
0.29997008472380116
0.29997905350373677
0.2999713831037193
0.2999696836919422
0.29998139555664005
0.2999637869233296
0.29997326480843545
0.2999764939670112
0.2999747410975494
0.2999538111312997
0.29996870703000544
0.2999721959490089
0.29997389192400614
0.29997416807910804
0.2999535653665367
0.2999686584670471
0.2999588605250274
0.29997106228918624
0.29997889078739626
0.29997202771110676
0.2999832809909505
0.2999781961236557
0.299974979224521
0.2999567985011943
0.2999634921075497
0.29997775605222043
0.29998358819999094
0.29997926767752614
0.29996539389175814
0.2999459435520919
0.29995199373230275
0.2999582487183766
0.29996003002308214
0.29995521602398467
0.29994402491860594
0.2999271422857138
0.29993600018112054
0.2999354162143584
0.299928632997418
0.2999450634304818
0.29993989474321425
0.29993162131874485
0.299930179655574
0.2999247064865721
0.2999299077505033
0.29992400583097956
0.2999361657768852
0.2999332761431227
0.299942122721255
0.299933460735747
0.29994957087753504
0.29995198248911303
0.29995601712892217
0.29995865364746754
0.2999497971416136
0.29994763523629353
0.29995511260861596
0.29995673365567843
0.2999591355092356
0.2999504125145779
0.2999575474201882
0.2999585198468413
0.2999511532303597
0.29995019449312155
0.29995268887827553
0.2999547649751537
0.2999554394957811
0.29996178647082783
0.2999606769224238
0.29996027424045035
0.29996215868345355
0.29996854529992056
0.2999588978492793
0.29997421178525296
0.2999798667775089
0.29998624777788097
0.2999936667374654
0.2999838652692597
0.29998245398976897
0.2999890129777373
0.2999963529783797
0.2999896536323302
0.2999818742698902
0.29998764514711274
0.29999186005415224
0.30000137122513837
0.3000032539934142
0.30000156018182933
0.3000163115999336
0.30001534600627766
0.3000074943665372
0.3000130332303895
0.3000169758955491
0.30001421578236265
0.3000319055044336
0.3000261641472153
0.3000433168366968
0.3000363750553994
0.3000417467329436
0.300039767508256
0.30003891411154604
0.3000261790536721
0.3000365180662561
0.3000490619895714
0.3000482991385933
0.3000478185778084
0.30005255646678364
0.3000616128215262
0.30008327631312637
0.300084959301948
0.30008054267204676
0.3000898075268985
0.3000803889488358
0.30008044978043225
0.30008660446095714
0.300099800074339
0.3001005084143772
0.300092782726299
0.30010943720940264
0.30009965801387717
0.3001015271386819
0.30010216321231
0.3001020490356976
0.30010040237683067
0.30010223875444597
0.30010707696258043
0.300111713065069
0.3001038693391689
0.30010144106852565
0.30010163082744035
0.3000985616285641
0.30010159007892634
0.30010150999371565
0.3000957408773517
0.3000906856439982
0.30010099844805804
0.3001030746512009
0.30011021633558643
0.3000998765139413
0.3000890820148262
0.3000855059671632
0.30009608660721987
0.30009632167870337
0.3000919644614556
0.3000986848921775
0.30010852302653634
0.3001118652517417
0.300120796629221
0.3001097676304395
0.30010910629577503
0.3001198107498608
0.30012715841761006
0.3001271205195596
0.30013933972775597
0.30013734070289333
0.3001364449441799
0.3001526169131452
0.3001552763148341
0.300163037582872
0.3001625524826328
0.30015899638021715
0.3001483468680681
0.3001418360481961
0.30013978985714596
0.3001319565705608
0.300122352191848
0.3001155466487915
0.3001116153537563
0.3000979399546675
0.30009343044427184
0.3000906471464577
0.30009446347644175
0.3000844349995878
0.30008612860818706
0.30007785770980877
0.30008962418187546
0.30008582285930296
0.30010117247992163
0.30009542925431554
0.30010024983648587
0.30009283490387983
0.30008961351480445
0.3000848085645411
0.3000820842586882
0.30008828278016175
0.3000934780351928
0.3000877503539553
0.30008265968999603
0.30008866076045015
0.300098396519316
0.3000899985434773
0.30009414834780757
0.3001003270096503
0.30009028707223095
0.3000741758134412
0.3000712195090196
0.3000681778511771
0.3000738142203211
0.30006548581321235
0.3000568136921731
0.3000623283482514
0.3000636686854339
0.3000650679401644
0.30005963372494315
0.30005458583603883
0.3000465536191378
0.3000452672516335
0.30004461112323466
0.3000517453936251
0.300048109210586
0.3000405772234369
0.300020442229732
0.30001439418719933
0.30001131132684966
0.3000230121573363
0.30003304397346053
0.3000251759692577
0.3000116434242148
0.30003184772729397
0.30003658912627407
0.30003729328838236
0.30003185964303825
0.3000430443718084
0.3000357656539676
0.30002960868261175
0.30002488423963103
0.30001303827828196
0.3000172625793798
0.30002971460308403
0.3000332291055585
0.300032543951817
0.3000332226584953
0.3000289137251346
0.3000132391817618
0.3000164162028647
0.30001198624740555
0.3000086813319184
0.3000047571818719
0.3000085381114944
0.3000094531217181
0.29999242027930273
0.30000396051509104
0.3000075057663627
0.30000804543764337
0.30000488081370347
0.3000044824898632
0.29999102747942286
0.29997994127081395
0.29996003638043744
0.2999740409180851
0.2999678926722643
0.299964395082875
0.2999644876431522
0.29997262364337474
0.29996791421240376
0.29997364210523336
0.2999711976441597
0.29997324504651224
0.29998649991973114
0.29999244587659646
0.2999906383679424
0.2999787942626593
0.2999846914439911
0.29997091596958403
0.299949308150535
0.2999400156896054
0.29992852061249686
0.29993262942025345
0.2999387664825698
0.2999270091067341
0.29991607015216215
0.2999183666443974
0.29990423983408854
0.2999279782117329
0.2999056516214147
0.29989712871502894
0.29991706536687657
0.29992599636529427
0.29991871321538854
0.299922312546376
0.2999227973493316
0.29991552045985304
0.29990968359725356
0.29992508238701887
0.2999294625294061
0.2999257385819536
0.29991993754897583
0.29992636809686246
0.29992612514074546
0.29992688550324276
0.2999265422563232
0.29990729507675284
0.29990030901489095
0.29990591589655324
0.29991208590229457
0.299908718051461
0.29992083420853743
0.2999186840730269
0.29991305272876767
0.29991603514537124
0.2999281888698181
0.2999303844168475
0.29992056282768986
0.2999196225684808
0.2999298867292185
0.29993050464730764
0.29992361016940905
0.29992129789454147
0.2999102177972327
0.2999108466904109
0.29988846707532435
0.29988585934457446
0.2998770438425009
0.29986444825837544
0.2998568508716025
0.2998771664313111
0.29988631655323383
0.2998949048804329
0.2999048306127635
0.299908897202421
0.2999032977185452
0.2998999418885796
0.29989992434296286
0.29990842171339216
0.2999028677283122
0.2999213681667484
0.2999176141005623
0.2999151153711531
0.2999101799932229
0.29991481491191097
0.2999058568316254
0.29992337071587083
0.29992435163635534
0.2999274126265329
0.29993773019127434
0.29992206431811663
0.2999266022206485
0.29992892839967555
0.2999255789722002
0.2999097672119405
0.2999170790495389
0.29993607752392815
0.29992490963249296
0.29993800496945056
0.2999416627602354
0.29993973944407504
0.2999223002896435
0.299941554639393
0.2999531187478539
0.29995134405710455
0.29995496346230366
0.29995675923092036
0.2999614891591301
0.29996371198338134
0.29997031331758783
0.2999848935965084
0.2999904082641205
0.29999020532299636
0.2999991567617192
0.30000192400267944
0.30001365454856976
0.30002491212890625
0.30001157511021503
0.3000104183500977
0.30000008404913714
0.3000062384369597
0.30000467309582646
0.30000321804781627
0.29999862893031237
0.30000395651851397
0.30001356334256013
0.30001389698326897
0.3000261432536664
0.300021747143559
0.3000218779360584
0.3000229156692127
0.30002064746819224
0.30002503435699657
0.3000260178602563
0.30003611050261814
0.3000272719506928
0.3000248118772023
0.30001796295254946
0.30002181884308754
0.3000059537616476
0.30000554443691685
0.30000656516005764
0.3000099075481283
0.3000326782506276
0.3000397965121978
0.300040064148692
0.30005101246268995
0.3000449502666781
0.30004801481472476
0.30005369241139845
0.3000469197618346
0.3000428907234597
0.30005005470175583
0.3000619931010736
0.30004913731838145
0.300065956071351
0.30007122865784497
0.30006770966871443
0.30007936978094163
0.3000781998508404
0.3000815939372061
0.3000833264672892
0.3000763919223325
0.30008859314210423
0.30007487839870994
0.30007754280372
0.3000798154846128
0.30008638496739437
0.3000983817622406
0.3000847395340077
0.30010435564780946
0.3001052328233307
0.30010613619426607
0.300109666673137
0.30012515384754357
0.30011449994280925
0.3001084984343019
0.3001114093659154
0.30011557194491956
0.3000982458238115
0.30010169242183127
0.3001138791814949
0.3001224056205576
0.30012296025547713
0.3001286829134264
0.3001312829541888
0.30012962627765827
0.3001237914882021
0.3001320237309516
0.30013865169018095
0.30013602518204685
0.30013771326527827
0.3001324046773559
0.30013204869152177
0.30013927633052595
0.30014207285187566
0.30012850603022656
0.3001280621700281
0.3001268666623742
0.30013297308093767
0.3001444570775835
0.3001362837110634
0.3001362008857811
0.3001445602680982
0.3001452787315526
0.30015135248433944
0.30013747066366814
0.30013540981827247
0.3001394974789928
0.3001452840246588
0.30014367592970304
0.3001397413349248
0.30012224091327444
0.30011288164655325
0.30011626386019397
0.30012261664859186
0.30012542040608403
0.3001334692832912
0.3001263324934602
0.30013035216239436
0.30013029418800274
0.30013477169616054
0.3001354078599986
0.300136935376521
0.30012720028114526
0.3001222896199275
0.30012092313115624
0.30012516793239197
0.3001362936814288
0.30013531408364924
0.3001158928183205
0.3001166912781952
0.30010698983064654
0.30010555590915744
0.3001074694702981
0.3000987143598126
0.30009458629602515
0.30009884272532295
0.30010004703573345
0.3000979059580262
0.3001019296902976
0.3001008657073728
0.30009858750316487
0.30007969220385344
0.3000721640877174
0.30006871880308417
0.30008251838126
0.3000873417291585
0.30009940032608573
0.3000802065144951
0.30008126484911235
0.30008415837192326
0.3000804804567855
0.3000769535703738
0.3000843599767743
0.30008965497697393
0.3000757284114155
0.30007583735406074
0.30008313282338617
0.3000811333644329
0.3000736706170215
0.3000655453612129
0.30007401220280283
0.30006641154412705
0.30006265460386783
0.3000451006137016
0.30003409641940704
0.30002357632938115
0.3000214046846609
0.30001580474436107
0.3000183173538523
0.30000613331570525
0.3000010329128817
0.30000274462612986
0.3000118327690726
0.2999993240772324
0.30000745306208554
0.2999983053675973
0.29999908612938
0.29998909288241293
0.2999797774990486
0.29998190987203477
0.29998090660697885
0.29998832891435046
0.29998523877717886
0.29999806741810797
0.30000268268473573
0.2999992847835492
0.2999886420165271
0.2999852179672796
0.2999815266225614
0.29998451402737536
0.2999919148322594
0.29999138345648857
0.2999742998226439
0.2999743852568394
0.2999807871943344
0.29998181804744095
0.2999788991191129
0.2999629743500156
0.29997012884117424
0.29996576512565154
0.2999601089894828
0.29994749188421554
0.29995134790083233
0.2999462720809436
0.2999420166882517
0.2999420967598315
0.2999217867574683
0.2999082388016894
0.2999053606434309
0.29991047703805296
0.299910674263303
0.299903281587776
0.2998983703409207
0.2998915385249449
0.299886219346036
0.2998979100880651
0.2998983357793398
0.2998981803434463
0.29989065211524857
0.29990108903130674
0.2998915428699668
0.29989511013072656
0.2998872541492539
0.29989360712968605
0.2998902253996978
0.2998977601513433
0.2998895044158475
0.2998892016470748
0.2998862410087384
0.2998671714985197
0.29987714177130076
0.2998711707567794
0.2998698714321192
0.2998780067161948
0.2998665049612853
0.299882916486622
0.29987899459498546
0.29988104019089423
0.29987592328109236
0.29987423673906
0.2998805060376978
0.29987525140927895
0.29986591704078314
0.29986430263563457
0.29987480213527484
0.2998704224986859
0.29986246042520426
0.2998571135000717
0.29986650399147163
0.29986922006899563
0.2998566149394475
0.29985016575136725
0.2998585670928161
0.2998421251369874
0.29984100797288427
0.2998439665472675
0.2998489996526943
0.29985321698375356
0.29984872425116493
0.2998483094132931
0.299838248497481
0.29983682865753847
0.2998340017200388
0.2998351205881262
0.2998237969970432
0.29981248064895083
0.2998141577845792
0.2998101900189637
0.2997996810673037
0.2998044435056143
0.29979909049205555
0.2997905714495429
0.29977644570488915
0.29979845573570885
0.29980409708812095
0.2998108356584184
0.2998056257473385
0.2997957157769041
0.2998065000979656
0.2998087242232317
0.2998082421696854
0.29979867310736286
0.29978778661318317
0.29979469368418354
0.29979356144552427
0.2997943835692588
0.29979978239137206
0.29979616098387085
0.2997918625222231
0.29979625158842893
0.29978642001024014
0.2997952556703589
0.29979541732341375
0.299783703478943
0.2997844751694021
0.29977403553800464
0.29977532242472604
0.2997794166020016
0.2997849600528524
0.29978732119858265
0.29977827235205
0.29977810048359255
0.2997739850102422
0.2997756543327047
0.2997690116541518
0.29975905341964815
0.2997661366839197
0.29977716431585866
0.2997763406364903
0.29977630172120384
0.2997774170916747
0.2997796327630934
0.2997813145130471
0.2997874327476363
0.2997911681158577
0.29979919981386116
0.2998105677145487
0.29981733699278723
0.29982422140601006
0.29983497363100964
0.29984151593544384
0.29983959057417564
0.29983442947479433
0.2998346632930021
0.299833289560808
0.2998410626410011
0.299849066758598
0.29986585016390277
0.29987479603993594
0.2998834818136056
0.2998812285686656
0.2998689948084944
0.2998756390123971
0.2998922637490854
0.2999014988628107
0.2999072065234972
0.2999143776294976
0.2999198021019065
0.29991850852135704
0.2999173688067376
0.2999315917909684
0.2999463383955423
0.2999437192044917
0.2999547711992462
0.29996247940047804
0.299975316416503
0.2999747937939282
0.299983815615083
0.29998170602248453
0.29998275779715733
0.2999823087127693
0.29999055109580863
0.2999964195144812
0.2999945919844599
0.3000036000633445
0.30000990838013963
0.3000217821703528
0.30003541474368645
0.30005419807889944
0.30005543379452626
0.30005725636695546
0.30007006868216524
0.30006545188499645
0.3000692176641572
0.3000812749657269
0.3000854393573671
0.300093805052577
0.3000997595613639
0.3001099471597851
0.3001104175352509
0.3001210685859864
0.3001422067166708
0.3001344242228181
0.3001348837902029
0.30014136228584765
0.3001393101089369
0.3001383570229924
0.3001372747038704
0.3001418933182963
0.30013325171920613
0.3001268138470209
0.30012254798213944
0.3001294066258906
0.3001350542030631
0.30013748866251977
0.30012985089633604
0.3001350266031042
0.3001287990489099
0.30012973532813036
0.30012714496500004
0.3001335290193705
0.30013409989969764
0.30011927338729116
0.3001205806770879
0.30011835567402945
0.3001191616057738
0.3001312844136943
0.30013825095851
0.30014278518418414
0.3001494687873756
0.30015932737975715
0.3001614264384729
0.30015941371462107
0.3001625378689987
0.30016070271647255
0.3001577303177184
0.3001572911569612
0.30016530834254407
0.30016506806921384
0.3001717619192795
0.3001793836365396
0.30017732384454565
0.3001781945798706
0.30018967608989555
0.30019451041399603
0.30019417088485656
0.3002071166559357
0.3002143467992484
0.3002133347606205
0.300209615773151
0.3001950900180341
0.30020630132193016
0.3002090385798374
0.30021935037086855
0.30020734361409374
0.3002045819895762
0.300199378222781
0.3001951426406356
0.30019702188162734
0.30020122671920313
0.3002110566543511
0.300215676771611
0.3002209494899669
0.3002113616187233
0.30020971131585283
0.30019891783944974
0.3001901986818961
0.3001852958171114
0.30017884034506137
0.3001759872920068
0.30018136972378295
0.3001896449610749
0.3001920094623456
0.30018696267081124
0.3001745344091249
0.30017326155458746
0.30017716614758616
0.3001746127673085
0.30016408598162614
0.30015795131191403
0.3001568600278348
0.3001710876906696
0.30017564492469284
0.30017455683949956
0.30016693851494425
0.3001615855644042
0.3001505037951402
0.3001505701544577
0.30015108637101406
0.300144131068798
0.3001400083150775
0.300123681600759
0.30012665618624224
0.3001244447481922
0.30013059723785696
0.3001353165199978
0.30014020351179627
0.3001355659784669
0.30014019110203305
0.30014239896184225
0.300141394769055
0.3001426232837209
0.30012435882228305
0.30013197736399844
0.3001377725967399
0.30011829729852435
0.30011680896953086
0.3001190822740615
0.3001058520211205
0.30010444346551446
0.3001105841687278
0.3001100914715076
0.3001106758521188
0.30011104918297005
0.3001110619294688
0.30012133393376483
0.3001239499406111
0.3001301756934053
0.30012289540258175
0.3001306075341207
0.3001334239116079
0.30014383324168625
0.3001518248470664
0.3001468702914195
0.3001441829634611
0.300136205413954
0.3001454323149324
0.30013398373402667
0.3001298505592097
0.3001327672322993
0.3001284933148922
0.30011041814535877
0.3001089265919429
0.3001163969686531
0.3001168281887332
0.30010613057050295
0.3001148860151246
0.3001151213873372
0.300112181379376
0.30010158820874966
0.300093223923679
0.3000912814418212
0.30009237316557213
0.30009048944051864
0.3000886128759038
0.30007992632862845
0.3000763433593612
0.3000809803034248
0.3000737830415039
0.30006559055040194
0.30005884885589107
0.30005246035628874
0.3000473421037174
0.3000559805558026
0.3000390142045999
0.30004876115558465
0.3000512081041
0.30004550682085185
0.3000455945112306
0.30003657988193844
0.30003351803511347
0.30003977977945473
0.3000283056702264
0.30003810836991784
0.3000419284508423
0.300037067750329
0.3000330913021091
0.3000417110258894
0.3000412208053377
0.30003667276427826
0.3000468821214245
0.3000577372803569
0.30005761142388654
0.3000558947721934
0.3000538492654431
0.30005528050565033
0.30004663698910594
0.3000468872672559
0.3000453040954135
0.30004832195517706
0.30004004126913264
0.3000419724002148
0.30002393088724744
0.3000177513070613
0.3000166719197186
0.3000082284033574
0.300012470781728
0.2999932562425194
0.2999930910463833
0.2999932242193465
0.2999953508745188
0.29999131195590123
0.299992250814746
0.2999947540774448
0.29999300539672813
0.2999978184364265
0.300001214643247
0.2999995893797873
0.2999982558956992
0.2999963034402201
0.3000007632353102
0.2999969216152074
0.29999374393450495
0.29998301334270105
0.29998650466141774
0.2999864808055447
0.29998636260312783
0.29998279020194063
0.29998006963094115
0.2999825067977726
0.29996025202187704
0.29996086498620056
0.299959912466369
0.2999597627770073
0.29995432188193194
0.29995865337444516
0.29995070022877535
0.2999595870203122
0.2999581723584436
0.2999532576458971
0.2999437234352572
0.2999474663896615
0.2999376427686764
0.2999357340374552
0.2999408821651278
0.2999372714335258
0.29993849259236705
0.2999216540817611
0.29991164814318527
0.2999117107006317
0.29991176958303645
0.2998990881177307
0.29990325524481687
0.29990345204741586
0.2999133640518967
0.2999169537858908
0.29991879751280026
0.29992388991140184
0.2999228958995155
0.2999148905359562
0.2999245214769046
0.2999294841436986
0.2999298685349213
0.2999301204703232
0.2999152406769985
0.29992331190448007
0.29992692817827815
0.2999142761823861
0.2999187661775198
0.29990846753872613
0.2999053763106453
0.29990759616031426
0.29990968613149815
0.2999189003496612
0.2999198075231898
0.2999240922778613
0.29992699916850085
0.299917173937457
0.29992023865739836
0.29991819809261033
0.2999194837437179
0.29991872706805356
0.2999135723942363
0.29990780507481973
0.2999115906570492
0.2999154294005797
0.2999040752063469
0.29988686729705527
0.2998806613674607
0.2998761635411493
0.2998665980132684
0.2998576226855665
0.2998514424003611
0.2998551828961701
0.29985583047224396
0.29985404522967174
0.299845031122667
0.29984892477492975
0.29985103660647217
0.2998592196069656
0.2998528237470276
0.2998375194717039
0.29983506872236965
0.29982813967963007
0.29983453975611296
0.29983509805996533
0.2998400046683486
0.2998473602391496
0.2998522643649031
0.2998404164096288
0.2998376893137765
0.29983423607279824
0.29981737888649274
0.29982266018025705
0.2998193904045744
0.29981275807524177
0.299811556523336
0.2998024645661075
0.2997980715749353
0.2997968588381812
0.29979533944540804
0.299803055129908
0.2998100495458622
0.2998071716474494
0.2997996759118218
0.2997998435967948
0.2997993176172099
0.2998056245440315
0.29980671872418274
0.2998160833793566
0.29981272677938664
0.2998126319692229
0.29981924963559303
0.2998182587323659
0.2998186438870557
0.29980923903900003
0.2998073631459135
0.2998222614440963
0.2998220470025226
0.2998181320677382
0.2998057369036522
0.29979900559811834
0.29979035294560985
0.29978042220522005
0.29978426003005265
0.29978547490890084
0.29978171939203946
0.2997770135456632
0.2997668680867873
0.2997776507066652
0.29978053407826044
0.29977808075073575
0.299778641546638
0.2997843230300127
0.29979268792747193
0.2997896539423821
0.2997931036671839
0.2997999629690745
0.29981283316570095
0.29981347893738497
0.2998080763761105
0.2998054260779637
0.2998060721444321
0.2997966706868709
0.2997892387161877
0.2997904111731339
0.2997930453581312
0.29979993423221485
0.2998014687765992
0.2998088588057528
0.2998101457850677
0.29981013343052965
0.2998150269387342
0.2998203778683396
0.29981304768637607
0.2998143442692721
0.29982564761221386
0.2998193165309092
0.2998022834031733
0.2997988681836907
0.29978950901536006
0.29977928140311483
0.29978406658485424
0.29979649386109253
0.299797828703275
0.2998097808925416
0.2998109252181359
0.2998070653021704
0.29980489450336223
0.2998040039956259
0.2998070059103122
0.2997959763236612
0.2998029176840217
0.29980714989461743
0.29979820120087475
0.29980584538822797
0.29980701758504924
0.2998093165443867
0.2998082222691526
0.29982020541200505
0.2998175402877231
0.2998196092255231
0.2998211063074988
0.29981675047234346
0.299825603882105
0.29982337141795823
0.2998271834071241
0.2998259695840878
0.2998297619209589
0.2998247701440534
0.2998277128788214
0.29982235841346305
0.29982360441620237
0.2998282158305521
0.2998352828770894
0.2998336740541412
0.2998436308138096
0.29985990573284793
0.2998566700443257
0.2998614225509618
0.2998521349347084
0.29985414726363735
0.29985495047706723
0.2998570928764731
0.2998680486415869
0.2998706870913799
0.29987148181504564
0.2998721875323159
0.29987437443809173
0.2998762739049101
0.2998719464278855
0.2998803757600733
0.2998786600587511
0.29988192831455585
0.29988984717095224
0.2998786416956466
0.299882457457444
0.29989292321432126
0.2998917163787943
0.29990103626607456
0.299907393691607
0.2999204769258236
0.2999218437432428
0.2999246551076308
0.2999289897219024
0.2999247468883335
0.29992676015446285
0.29992384955511553
0.29992244824896275
0.29992951433235426
0.2999350062066216
0.2999423407435937
0.2999636196093679
0.29996738465988426
0.2999758971652229
0.2999682058399816
0.29996487513557646
0.2999574412768212
0.2999768591016694
0.299978633965987
0.299984275226335
0.2999899532671424
0.29999548087716865
0.3000049100830616
0.30000840413208485
0.30001496501337876
0.3000134594768066
0.30002175839408596
0.30003085190407075
0.3000380016798725
0.30004178867636533
0.30005842405480165
0.3000750170500225
0.30008835368361153
0.3001016251278402
0.30010562223710424
0.300103239221608
0.3001050349385871
0.3001184148562964
0.3001226699533742
0.30012386507812394
0.3001373706709556
0.30013208708033456
0.30013963031446955
0.30015299144387697
0.30014760045181255
0.30016180605478604
0.30016802006820464
0.3001754515448478
0.3001770459409191
0.30018130746942107
0.3001719507567594
0.30016062402799903
0.30016045226619803
0.3001675233541736
0.3001724165190942
0.30018756007842673
0.3001947205604254
0.30019775346494204
0.30019243010750407
0.30020038603683885
0.300197039541953
0.30019664489076414
0.3002043904002071
0.3002073217222604
0.30020987800099574
0.3002041122205735
0.30020645792605083
0.30021315926525005
0.3002086087439666
0.3001985292552446
0.30020120354748725
0.3001968825069503
0.3001958523258478
0.3001929312313839
0.3001965498130882
0.3001979882093514
0.30019031981517963
0.300198924438005
0.30020215821561447
0.30019403818011003
0.3001932508412095
0.3002012332020233
0.3002159133065505
0.3002163402354736
0.30021599183332903
0.3002161943138383
0.3002226661690386
0.30022908507461665
0.30023323621350706
0.300220031035044
0.3002141481380455
0.30021161016668063
0.30021551721869333
0.30022176486280705
0.3002153552421647
0.30020973510898497
0.300218271355558
0.30021479575022114
0.30021354257148847
0.3002173021892839
0.30022137726963094
0.3002168956245187
0.30021771376257944
0.3002237312640942
0.3002243666969394
0.30023103568373233
0.3002329841284659
0.30024364547504356
0.30024623278104445
0.3002342552445665
0.3002347365818421
0.30022661666751316
0.30022840080020996
0.30023185141682884
0.30022497128465275
0.3002195309021872
0.3002127501635723
0.3002224683516175
0.3002249799921485
0.3002102966868547
0.30022596474710794
0.30024282953399284
0.3002441280125995
0.3002385570026401
0.3002371968356976
0.3002411940209726
0.3002426240702265
0.30025000268579016
0.3002489727575457
0.3002513711500501
0.3002561820511631
0.30025317403134866
0.30024939382780924
0.30024922736226367
0.3002350026730882
0.30024247917901603
0.30025303046463614
0.3002498657736623
0.30026450866589116
0.30026838469892625
0.3002666611053333
0.3002695403323151
0.30026687811266395
0.3002516502475463
0.3002483285297657
0.30025159883290875
0.3002505656204285
0.3002538298074344
0.30024929499444764
0.3002460532777045
0.30025172926476373
0.3002508638252728
0.3002483930302554
0.3002521041968943
0.3002482828318399
0.3002510070675678
0.3002543911772212
0.30024668292195744
0.3002474833665201
0.30024587150032134
0.3002455446460933
0.30024718032937725
0.300236513662281
0.300231939412007
0.30023815007135857
0.3002407461609843
0.3002382848416546
0.30024474608761087
0.300238946820922
0.30023505593760946
0.30022174467341134
0.30021067579823457
0.30021520583258043
0.30021542505304055
0.3002232272659595
0.30021245805431773
0.3002241329166492
0.3002144603935445
0.30021926305674895
0.30022182903104144
0.30021506312503243
0.300221905231116
0.3002159202652547
0.30021713642618175
0.300217768303067
0.3002295461235789
0.3002244916920861
0.3002149152836536
0.30020562479754853
0.3002008150376263
0.3001954557698592
0.300188667190904
0.30017907563029544
0.3001693574310984
0.30016968532531296
0.3001530817592014
0.30014552051512333
0.3001494462737241
0.3001407975631324
0.3001418866864022
0.3001341403450053
0.3001270356751269
0.30012688697027456
0.3001235552153184
0.3001114248524668
0.30011142438611005
0.3001138216728777
0.30009788546507565
0.30008871429454254
0.3000871206469852
0.3000828957544134
0.30008858912405667
0.30007784080502076
0.3000674423705393
0.3000628357791105
0.3000580267948135
0.30005094013809375
0.3000494800252127
0.30003019425888655
0.3000267591172696
0.3000337533267583
0.30002375134830817
0.30000772371894324
0.3000027548729356
0.2999971525417866
0.2999892365569471
0.2999865142280196
0.2999867252283227
0.299987417015964
0.2999800582575861
0.29998138470359803
0.29998396084486445
0.2999938557836832
0.29998073142894266
0.2999728979568229
0.29996490188430225
0.29997016291590417
0.2999707161828724
0.2999569742812844
0.2999610710215713
0.2999561891875324
0.29994949630260637
0.29995277450773394
0.2999523620614336
0.29994651247293136
0.2999529794348491
0.2999574068069837
0.29995285292179674
0.2999531467407214
0.2999486222131019
0.29992653715337914
0.29992498157362035
0.2999188376862816
0.29991729321751737
0.29991193549315265
0.2999057454482691
0.2998956100886023
0.29989258239222316
0.29989900201664255
0.299890166266784
0.2998776807347182
0.2998700707332178
0.2998693290525587
0.2998715650322664
0.2998691460066193
0.29985756071359715
0.29984681356155685
0.2998484320746828
0.29984928136281763
0.29985007450343193
0.2998484680485006
0.2998431452843153
0.2998467019832671
0.29984568527791267
0.2998413356812334
0.2998354375774228
0.29983092797737343
0.29983244754451566
0.29983527784007913
0.2998299967544502
0.2998209353665674
0.29982124438267455
0.29981537569693006
0.29981869782946524
0.29982125266595827
0.29981435948628077
0.29980184221424244
0.2997983259566088
0.29979231426041764
0.29978631537969247
0.29978678763721245
0.29977317122939307
0.2997811092405547
0.2997694138812367
0.2997639556541507
0.2997785279433065
0.29977258894734704
0.29977722101234516
0.29978698117173286
0.29978529697294576
0.29978332289586973
0.2997807113398411
0.29978191904335116
