0.2964798496578034
0.2960634840072216
0.29581602774770754
0.2955677359212394
0.29534584369972794
0.29522646615164416
0.2949262760878658
0.29471348591599966
0.2945485141077231
0.29429361715330393
0.29397530607288613
0.2936999752967948
0.29330245024857937
0.2930419439335412
0.2927866607861358
0.2926143035967228
0.2923137390316387
0.2919694110979444
0.2916912121084678
0.2914269525732056
0.2911241470890562
0.29091623766235575
0.2907899328237632
0.29054256001182466
0.2903574030295071
0.290168741465478
0.2901107422511111
0.2898495704785835
0.2896745496554779
0.2893183162565661
0.2890446597484534
0.2889298704302514
0.28871870596699534
0.28860327721569845
0.28843970153018705
0.28826075218315594
0.2881036475499892
0.2879301549447648
0.2877475448551109
0.2876238134691024
0.2875011528940129
0.2873583080191042
0.28712084522497894
0.2868906383692643
0.2867691359873831
0.28669089666328196
0.2865990074517871
0.28641505520811916
0.28630480438779216
0.28616138240253775
0.2861499419562694
0.28600291758315655
0.28598577786051027
0.2858533509863973
0.2857519053961439
0.2857645809229288
0.28564758174927785
0.2855541312810761
0.28546255112201335
0.2854769141872674
0.28551731752050014
0.2853764156111067
0.2853093305480108
0.2853386081970748
0.2853445132679885
0.2853158981722028
0.28528014781574706
0.28524905135870593
0.28525785338013976
0.28524668954776444
0.2852851524381351
0.28531124661641005
0.2852991468844268
0.2851815920562818
0.285119994297497
0.28512043389869646
0.28503158984193355
0.2850409007839868
0.28512837224742726
0.2851528721998863
0.2852018779668489
0.2851707033429871
0.28513282452367694
0.28516433372954864
0.2852334693662728
0.2852923070396244
0.2853140895729419
0.2853848124137319
0.28550152289768227
0.28546505396815214
0.2855061920247681
0.28553813188875
0.2855359634898944
0.285565069841232
0.28565763872078864
0.2856881884680731
0.28571864355195076
0.2857612720365762
0.2857821932369812
0.2858396036919595
0.2858820422825187
0.2859258184963541
0.2860999562498291
0.2861337818081161
0.2862872902229192
0.28631321636200524
0.2863266411885317
0.28638419452299624
0.28652160085560185
0.28660205742604017
0.28677680952619045
0.28682755135336413
0.28702742884072363
0.287127288058463
0.2872654762041077
0.28731288766814356
0.28733101228521796
0.2874564537246821
0.2875969950643754
0.2876980642648932
0.287786709006449
0.28793846191511074
0.28807077733374953
0.28818512827440257
0.2882649946254481
0.28843012908459476
0.2885534001992546
0.28874778863235984
0.28894405964334446
0.2890962500788501
0.2892564139126441
0.2894172566257177
0.2894623688648298
0.2895779148357822
0.2897128787238189
0.28980405029009293
0.2900439704907344
0.2901389237254982
0.29027874590783154
0.29036068583127805
0.29050438692504343
0.2906298661701132
0.29072634212442805
0.2908174687792724
0.29093881169246094
0.2910312725451264
0.2911883449221041
0.2913018606889073
0.2914584751199826
0.2916087395661523
0.2917666045235876
0.2919113212524821
0.2920232694778272
0.2921391830876843
0.29233216252539906
0.292501503722137
0.2926255227050272
0.29270227866764986
0.29285725970866094
0.29299518768080035
0.2931646423320784
0.2933802713844882
0.2935139811677664
0.293545575028185
0.2936403154714824
0.29375376505657425
0.29397256344640077
0.29402972246004333
0.29415765487077805
0.2943119668807147
0.2945008082786491
0.29458028943300996
0.2947131127598377
0.2947757621810022
0.2948402854119363
0.29503210506702593
0.2952500933450286
0.29536802067468704
0.2955324035115766
0.2956185362259295
0.295765202254923
0.29593060856381914
0.2961318318642968
0.29624790404014856
0.2964304617187261
0.29661293416112333
0.2967967177742207
0.29694411941078536
0.29715358613239506
0.2973085816647134
0.2974091230304102
0.2974666947310972
0.2976515161179938
0.2977963399546931
0.29791880204901333
0.29808557681182424
0.29818270456338136
0.2983380620693974
0.29853989552597215
0.2986907434835583
0.29878120747936887
0.29899219539180155
0.2991068823754326
0.2992822674788499
0.2994367704780798
0.29953540434277837
0.2996424621508511
0.29980504669383046
0.2998593733313052
0.30004338075405734
0.3002407688411899
0.3003948009494394
0.30054508053080553
0.3006432088064488
0.30075917326658097
0.30089721919110146
0.3010315665545258
0.3011438495816575
0.3012531775578903
0.3013674526787048
0.30143078771678644
0.3016664981505487
0.301757497650309
0.30180055576794873
0.3019044776166485
0.3021012919725732
0.30217953672810305
0.3023029814850282
0.3024251289188995
0.302527170664071
0.30265781486817145
0.30274809437782946
0.3028899719313768
0.30302768562266125
0.3030994633523707
0.30321795013317865
0.30331780005510844
0.3033951879294837
0.30344102574390663
0.3035949586901655
0.303685324262536
0.3037558164541212
0.3038202218411713
0.30398082903776125
0.3041092783158358
0.3042246770219147
0.3043309708261306
0.3044759822708746
0.3046016477253731
0.3046673534669302
0.30479267664447474
0.3049723608846018
0.30508337034250865
0.30523062181183047
0.30535624775978254
0.3054571722020216
0.30557131673068083
0.3056136159328814
0.30569903772166973
0.30582028257184635
0.3058753933593831
0.30597531289213975
0.3060603016675645
0.30609900445469373
0.30615111825257646
0.30622431384981885
0.3063042171722402
0.3063868032106446
0.3065223900365488
0.3066113970880622
0.3067351277503757
0.30686913118687575
0.3069526148170524
0.30703661474850574
0.3071014912324306
0.30718368725164147
0.3072170452391989
0.3073235633873752
0.30736475251381545
0.3074159219620377
0.3074836445902741
0.30758241471031766
0.30769930057601325
0.30779458555435957
0.3078590275476297
0.3079304708790529
0.3080506211224744
0.3080968281114149
0.30812203673936034
0.308186741306842
0.30827180677659083
0.3083673879240739
0.3084590699688603
0.3084542684331961
0.3085408853434243
0.30859856254911366
0.3087220346233276
0.30874618174308843
0.3087651849299009
0.3088545019873118
0.3089330829100927
0.3090359801293393
0.30909777021845564
0.30921086707115597
0.3093362650875774
0.30938647912301853
0.3095154715515964
0.3095343727597566
0.3095723673324996
0.3096012186403857
0.30965984655512935
0.3096546672806304
0.309688757309577
0.3097590712560755
0.309799039500109
0.30988379471391636
0.30996256656354426
0.3100100564238142
0.31005348338869065
0.3100747626193763
0.3101460428658708
0.31021022301018597
0.3102132871947737
0.31026932979353283
0.310312985321486
0.3103467364537046
0.3103809143503107
0.3103987698745453
0.3104022669438129
0.3104164831298596
0.3104023727091154
0.3104594660174522
0.31046377133091996
0.3104876398052214
0.31046271334062736
0.3104563461915334
0.3104726942967675
0.31050510791193553
0.31052233000623
0.3105519061466119
0.3105296000789335
0.3105853855802546
0.3106120332766843
0.31061296550588446
0.31067084183247173
0.31069758939758785
0.3106935862264186
0.3107183223733747
0.3107114090010792
0.31070852650468117
0.31071609162129377
0.31075239383020714
0.3107430242599063
0.31079198870770286
0.3108181301521731
0.3107777387653301
0.31079955012937366
0.31083634611824296
0.31081877322597196
0.3108184060296646
0.31080658053657284
0.31080793283510455
0.31078832302674353
0.3107828395416289
0.3107998002578818
0.3106857243502563
0.3106508395640194
0.31065445084800725
0.3106485767315599
0.31066305613108125
0.31064916140810617
0.3105987126727596
0.31054607684418634
0.3104804689156293
0.3104288646144504
0.31037886440475027
0.3104033783800977
0.3103842970376036
0.31029420709189626
0.3102259744638136
0.3101801379243998
0.31017628843562184
0.31022497910348257
0.3101800899876165
0.3101706717145384
0.3101252423276536
0.31016454388076364
0.31012892855440044
0.31012571585392434
0.3101912267615188
0.310149721624304
0.3101151650815608
0.3100896892510955
0.31006746343079317
0.31009330247090183
0.3100878603425101
0.3100913419139998
0.3100458972636859
0.30999134131520134
0.3099843611479881
0.3099344548998886
0.30989847743151033
0.30981986334941725
0.30983631718651217
0.3097475937287315
0.3096986871133427
0.3096781484758542
0.30964413646055433
0.3095711082423186
0.3094904185358206
0.30943739496925604
0.3093641492427509
0.30931997620432183
0.30926846553697585
0.309157992859206
0.30913058383171843
0.3091537265223402
0.30912157393367334
0.3090607631902491
0.3090445976950489
0.30906643220827024
0.30895306149954627
0.308938096726194
0.3088998765903399
0.3087927081359907
0.30868856093068486
0.30864045679535124
0.30858657272777235
0.3085697042236377
0.3085264925542135
0.3084940342715101
0.30849803614277316
0.3084984484523716
0.30842696684926885
0.3084034263114368
0.30838479025985865
0.3083251551422107
0.3082867957185259
0.30824264797794343
0.3082122080381814
0.3082009122374406
0.30817195316557733
0.30815923722825633
0.3081073097475022
0.3080974903922493
0.30802487046753313
0.3079501398367752
0.3079199155657306
0.30787737617103994
0.3078322843592186
0.3077999737208691
0.307738963156709
0.30765500917635547
0.3076028544677971
0.3075329213725031
0.3074378292204144
0.30737487915676476
0.3072910214325755
0.30726772987956197
0.30725949956156406
0.3072096080680645
0.3071640837292393
0.30713592944020507
0.3070762831071778
0.30696745095526545
0.3069251895432904
0.30687232094137196
0.30683565276089575
0.30674129941070494
0.30669327188457773
0.30668868679246986
0.3066350037116997
0.3065688396118812
0.3064864756205564
0.30641583284125085
0.30631981383008766
0.3062468062004655
0.30622053375543123
0.30613187439611345
0.30604351078405134
0.30597523073085553
0.3059447489219952
0.30584974652409536
0.3058037364025451
0.30573845243501674
0.30569627663972443
0.30560601630807194
0.30556865656333687
0.305527501620271
0.3054986082282718
0.3053833619630266
0.3053092586221057
0.30523025882540755
0.30516917977669944
0.30508784377841547
0.30505837515663015
0.30496224208000455
0.304910255810928
0.30481206324243004
0.304757342700424
0.3047326673245435
0.304654276518719
0.3045776242930357
0.3045386559444818
0.3045143672086811
0.3045089447190049
0.3044673497103706
0.30440349902617014
0.30429763180311953
0.30421500133841417
0.30413121528525056
0.30402541221587875
0.303952283410593
0.3038945438668339
0.30383268513568196
0.30377970265881626
0.3037389391769745
0.30370309083730496
0.3036404658199694
0.3035472259359008
0.30349396385798677
0.3034292844882588
0.30338524181382376
0.303325702948988
0.3032566401641117
0.30316216398323836
0.3030377695251485
0.3029783993135524
0.30290709596395704
0.3028478950966883
0.3027867355036925
0.30271514094610197
0.30270678302926324
0.3025985843024057
0.3024980152500323
0.3024335901240003
0.30237903779923425
0.30234430716854743
0.30229516792229527
0.30219945732235487
0.3021580889643979
0.3020532449069293
0.30194794463853913
0.30185930022938134
0.30180013438183306
0.3017218710405676
0.30167740413682875
0.3016337457340559
0.3016254048547077
0.3015562278544899
0.30150580292875606
0.30143723733035865
0.3013943507159059
0.30128530464237735
0.3011852620026183
0.3011176045960716
0.3010607353224335
0.30098515757012934
0.3009444211661594
0.3008652907436342
0.30077939274101595
0.30071535203986
0.30065291636402547
0.30057013662926346
0.3005176727262274
0.3004448597843278
0.30040974612652893
0.30035111453657015
0.3002487021445851
0.30014593798965894
0.3000858240527021
0.3000355729573353
0.29995248157328225
0.2998527636882272
0.2998184018666704
0.29977435263827956
0.29973603293312967
0.29966957886439505
0.2996055370557431
0.2995603414769291
0.29948395350293633
0.2993937689077071
0.2992649229131511
0.29921248763844444
0.29917351161672356
0.29913228870811803
0.2990947176600758
0.29901699762687584
0.2989827608872965
0.29895670842183864
0.2988713751427504
0.29882692492892093
0.29877999257483556
0.29872314261843
0.2986888222884906
0.2986155110756439
0.2985731257915025
0.2985002506459794
0.2984440332222883
0.29840687156961654
0.29836648963661316
0.29832638699582004
0.29826742918464255
0.2981934473710709
0.29814457760271706
0.2980636334258787
0.29798418677989524
0.29793500852509036
0.29787145181031793
0.2978202565657637
0.2977697734701441
0.29772044156795596
0.2976652390709179
0.29769093057855445
0.29762156351867874
0.2975751599515316
0.29751356571845167
0.2974531321385242
0.2973927383127205
0.2973571958351716
0.29730713748958737
0.2972168599745101
0.29718225752375493
0.2971094997279763
0.29704734457900317
0.29698054315080813
0.2969530977859032
0.29693041934507114
0.29687881229058244
0.2968467483094289
0.2967563951084521
0.296698732370283
0.2966302109984855
0.29657091940732383
0.29652862036134153
0.29647340856154747
0.296428202921994
0.2963802186823661
0.2963516661291338
0.29627741768811766
0.29623199377522624
0.29615359058723223
0.29612684263658295
0.2961092231894078
0.2960312104956556
0.2959848232887645
0.2959635580749206
0.29587981301762145
0.29582505543488735
0.2957552412752431
0.295730627982317
0.29571664696823186
0.2957130663146258
0.295722984803358
0.29571274363297684
0.2956575379484281
0.2955868365606691
0.2955446182654513
0.2954759452733059
0.29541693342737785
0.2953772745369617
0.2953134861129526
0.2952344297284136
0.29520259031237706
0.2951416969119124
0.2951258463736677
0.2950427482207215
0.29495476667551845
0.29484584553960214
0.2948321229511084
0.29477580977001816
0.294716220196522
0.29463325532949236
0.2945582409201125
0.2945146339753395
0.2944984412874494
0.2944264028110549
0.2944059781158751
0.29438071338366434
0.2943159287712189
0.29423532942262287
0.29417054605049675
0.294119239595677
0.29413565166633415
0.2940752438304276
0.2940439505825583
0.2940458531858635
0.2940036348288694
0.2939457476243127
0.293886396699539
0.2938242285895065
0.2937729509045429
0.29371714122893133
0.29362331808398556
0.29356609613423224
0.29351600401086686
0.29349729583597806
0.2934707728469248
0.29346585372897793
0.29340879983552726
0.29337107220013003
0.2933143651023674
0.2932914841573456
0.29326854046458306
0.29326282327257325
0.2932216289177201
0.29320970772349053
0.293207018633874
0.29318050246959315
0.2931614703511535
0.29313690149446703
0.2930752381360182
0.29301837418605026
0.2930263264939029
0.2929927062147797
0.292962314066336
0.2929599450443072
0.2929332202896545
0.29292303372878326
0.2928877154786813
0.29287820137734766
0.2928541261788261
0.29282260056996556
0.29282050542013316
0.2927902428399344
0.29278107538515474
0.29272505462157505
0.29272572423170473
0.2926854590254113
0.292691004022834
0.292668906261239
0.29268052687208923
0.2926574643738431
0.29262896715479814
0.2925846414067157
0.2925903833893161
0.2926101726181023
0.2925509681795434
0.2925318017975642
0.29247426697000334
0.2924774302216179
0.2924942627180933
0.29245517839440693
0.2924331169698473
0.292414905225139
0.2923555523039866
0.29238066553748354
0.2923872710238047
0.2923692004649403
0.2923375413935141
0.2923182627901083
0.2923169571351546
0.29230608159394433
0.29227936815024624
0.2922829649191837
0.2922532627523824
0.29220541596126237
0.2922150675493874
0.29218348404706174
0.2921684011435436
0.29217279089365966
0.29211723692098535
0.2920787009875443
0.2921167686560421
0.29211763478302344
0.29205518562584776
0.29204794582983995
0.2920173653651069
0.2920352891940392
0.2920584304638345
0.2920323046310247
0.2920725933490148
0.2921096169367462
0.29210518513133577
0.29209860709224156
0.29213257997059916
0.2920726603248909
0.29209731120018745
0.2921265236136761
0.2921272599281075
0.29213676980969716
0.29212675268976096
0.2921484671954149
0.2921658237482375
0.2921679501975716
0.29217866289315964
0.29221060453278347
0.2922089405328998
0.2922227414403029
0.2922537190220501
0.29224211390352306
0.29226662742152776
0.2922572485145565
0.2922518662541418
0.29222109787557793
0.2922483560968565
0.2922172177731638
0.29220968170618344
0.2922364681067352
0.29225842706108696
0.29226402803971574
0.2922529287414183
0.2922297632504345
0.2922460286002121
0.29226116336270735
0.29226125886626975
0.2922439318156774
0.29223621353527285
0.2922344422568838
0.2922332468141867
0.2922725422500694
0.2922704389360179
0.29229556267686196
0.2922955914891112
0.29229978039179805
0.2923088633614095
0.29230491746316056
0.2923142252880607
0.29228456349277443
0.2922836530246592
0.2922990133317289
0.2923182391847916
0.2923440409805861
0.29233798254336174
0.2923366068664617
0.2923366559298073
0.29232921719938054
0.2923673116690567
0.29242865901237314
0.292450003147705
0.29247797319027946
0.2925032976684896
0.2925415334002147
0.2925874762469449
0.2925902946789304
0.2926323002928519
0.2926346002160516
0.29267573789212165
0.292721849073476
0.2927600958528357
0.29278944782311644
0.2928050751480018
0.29281455513507204
0.29283271912644704
0.29287050234529877
0.2929295586128424
0.2929427319151783
0.2929591593622265
0.29299678838917076
0.2930468761666023
0.2930507894456976
0.29309248119346754
0.29311682348149526
0.29315089572588393
0.29317085549185995
0.293167208960014
0.29318339981579755
0.29320407403958026
0.293204920039306
0.293200012135559
0.29323700147559284
0.2932264502383166
0.29324899457389075
0.29325117132941303
0.29325616194059967
0.2932970760738448
0.2933129219638275
0.2933730419311541
0.29341564274748466
0.29346813974689556
0.2935194909679547
0.29356594046204587
0.29358032929848554
0.293609450521357
0.2935945403341751
0.2936353785764648
0.2936920018538133
0.29372565132191353
0.2937794995023284
0.29380253794032263
0.29384394999062013
0.29386544564747585
0.29387643123286566
0.293903221660049
0.2939659348777973
0.29395052208574857
0.29399508070228497
0.2940479943685341
0.29409416455187143
0.2941263369150684
0.29414297206611095
0.29417330864459434
0.29420904778655566
0.2942014684596599
0.29422002625770916
0.2942207437865806
0.2942227119796508
0.2942604421735917
0.29427951342433245
0.2942936519383528
0.2943421930415161
0.2943655149740886
0.294403543145645
0.29443112434291596
0.294441504629383
0.29447722947107136
0.2945002006082077
0.29455382756845494
0.2945856620419758
0.2946179701561338
0.29463816596691816
0.294645168122889
0.294674727949664
0.29473901169918615
0.2947839303382632
0.29480472498826404
0.2948388985503748
0.29489787309400617
0.29494344675217876
0.29496958625972347
0.2950035583512155
0.2950711248251312
0.29511214206027336
0.2951462965435808
0.29517250085832214
0.29518665690884927
0.29522672444120435
0.2952744906125514
0.2952964732383755
0.29534870746632935
0.29536509681357737
0.2953794981051425
0.29542003177351983
0.2954466584462523
0.2954681573930912
0.2954920880179748
0.29553743868861615
0.29557430597521284
0.29557054787915116
0.2956435091823709
0.29570474489591836
0.2957252876762215
0.29571488700427073
0.29572542294962745
0.29575752504804276
0.2958061232562704
0.2958484698355013
0.2958574555010397
0.29590214315485
0.2959056247323396
0.2959447291834254
0.2959874687545464
0.2960345858070277
0.29604248648934195
0.29609054162836024
0.29611650229524134
0.29614340914115544
0.29613755118880936
0.2961780732135574
0.29621356802566556
0.2962349336276403
0.296261464859905
0.2962805623623359
0.29633907886246
0.29640281266784974
0.29642523509125107
0.2964608179663053
0.2964874564814183
0.29655638614860114
0.2965891107891382
0.29662219524955824
0.2966408048382402
0.296704927937667
0.2967506791766872
0.2967800402890757
0.29680778152748244
0.29686204929588644
0.29687428691317497
0.2969166040585073
0.2969525518395274
0.29700129453423674
0.29706294574111547
0.2970755249648347
0.2971213568145826
0.29716741960892346
0.29721640418122464
0.2972857607245857
0.297298305223057
0.297317723058259
0.29736599151678567
0.2973832289760415
0.2974582374849929
0.2975334608180612
0.29755945211611134
0.29757760466895256
0.2976028266232408
0.29763091256175345
0.29765226489305596
0.29765134311270325
0.297714855095607
0.2977655135681043
0.29779215576492657
0.29784259453625295
0.29785123814754166
0.29788803760684246
0.29789027871417484
0.29790526328427025
0.2979343272185282
0.297960866940574
0.29796387521335477
0.29803512497904927
0.2980462780383927
0.2980982160312462
0.2981159499872804
0.2981435742185031
0.2981985803488848
0.2982324046737793
0.29828805268122316
0.29829383612582083
0.29831422255314555
0.2983722076534373
0.29841025843502234
0.29840731299904055
0.29843806299799447
0.298469973179879
0.29852316156538194
0.2985616688881182
0.2985807191102562
0.2986074296348118
0.29864751125435895
0.2986825408090844
0.2986882156671974
0.2987240910181568
0.29873500268191633
0.2987826596712738
0.29878541354382493
0.2988058701326003
0.2988752652042366
0.2989317191045844
0.29896298945892263
0.2990164051260761
0.2990157275199552
0.29904758863304226
0.29907601290573016
0.2990858574771078
0.2991385207402347
0.2991683099839424
0.29918057910855056
0.2992034138592782
0.2992355069712226
0.29928585806281927
0.29933163152858533
0.29934417105905764
0.2993678226491082
0.2994077848467006
0.29945978288024966
0.299498145154359
0.2995563310924759
0.29958593117974264
0.2996223582332992
0.2996408796474552
0.29969037687338806
0.29973549950475475
0.29976696302371075
0.29982184358459096
0.2998439920596503
0.2998848913074409
0.29990961924119064
0.29994049261230393
0.29997500943206135
0.3000070041986542
0.3000485411864162
0.30007054274027345
0.30013206154020433
0.30015965425829394
0.30020381428123144
0.30024075631326563
0.30028970005339617
0.3003156674941767
0.3003726289759959
0.300414696529794
0.3004533705611946
0.300493389267278
0.3005086655173014
0.30054232964167293
0.3005500846154979
0.30057986240623313
0.3005995266526743
0.3006389590640308
0.3006761510022028
0.3006991162654884
0.3007151294005722
0.3007616565401551
0.3007970465695895
0.30084233848715225
0.30086584713069386
0.3008914799355643
0.3009169024776409
0.30098765104463
0.30102382415351114
0.30107037638460454
0.30111401193118725
0.30116085775245716
0.3011982592177914
0.3012240300185336
0.30124378104789573
0.3012394669386108
0.30129037467419206
0.301303500136364
0.3013290852259186
0.301317181864713
0.3013742186380258
0.3013862792198151
0.30143094541161564
0.3014737479970446
0.3015095997502947
0.3015400993972469
0.30157263192224215
0.3016117388897106
0.3016233440462316
0.30166216125772716
0.30169972488533625
0.3017351666255439
0.30176747066858534
0.3017806084492939
0.3018261924771237
0.30187937393147646
0.3019252239755681
0.30197422168299326
0.3020376308481233
0.30206856047864994
0.30209702011293993
0.30214344337671006
0.3022081046119308
0.3022218265826768
0.3022804090361283
0.30230159275755863
0.3023459346424494
0.30235531092417434
0.30239204350167015
0.3024423413449566
0.30248054259257584
0.3024914675147776
0.3025082094117313
0.30255401190992526
0.30258017193591247
0.30261078626065074
0.30264432542623687
0.3027081992403071
0.30275688807811163
0.3027729116319381
0.302828336871668
0.30286393106777354
0.3028964199570313
0.3029457174497665
0.30299070912550685
0.3030309161314382
0.3030724464230331
0.3031042905666972
0.3031278631330315
0.30317120009070075
0.30321554184028243
0.303228654616609
0.30326210395690256
0.3033034993691225
0.30333053235623153
0.3033350002982237
0.3033546808556511
0.30337082645225155
0.30338609383925763
0.30337803630131166
0.3034183854755035
0.30344924696491393
0.3034949288628287
0.3035417677295047
0.30354804952435266
0.3035523629916306
0.3035562765674563
0.30359120061864053
0.30361675735274685
0.303660500579246
0.3036944361966514
0.3037443442768144
0.30377395539730756
0.3037778322181083
0.3037862150297366
0.3038386202238348
0.30387728513122736
0.30390374693835653
0.3039177876395094
0.30394919606149506
0.30398558311753054
0.30399931523010637
0.30402406578174146
0.3040378320920599
0.30406940681546024
0.3041072460862343
0.3041204368642648
0.30411282464281664
0.30413274559694914
0.304162871879344
0.3041959710688654
0.30418203384867726
0.3041891815116945
0.3041978142476013
0.30424680364929246
0.3042825083941936
0.3043027918401878
0.30428981506775654
0.3043033502203215
0.30430353333769544
0.3043509333139215
0.30437207456482707
0.3043894258649733
0.3044388309591515
0.3044822276704341
0.304489016468655
0.3045401718994124
0.3045396823583322
0.30460279914401367
0.30460817927383954
0.3046239775891816
0.30462884746182284
0.30463558399949053
0.30467331428802247
0.3046978385294662
0.3047265164138342
0.3047400242394921
0.3047755312277548
0.30477692700052117
0.3048072435454191
0.3048187167808857
0.3048376540044506
0.30484984826518347
0.30487681432702485
0.3049293668442151
0.3049366386836436
0.30496110802806076
0.304984195005091
0.30501902913163026
0.3050308571283117
0.305047317198446
0.3050702745402839
0.30509012799773505
0.3050815201711248
0.30508850753898187
0.30509589999504827
0.30510135546331374
0.30510732666746276
0.30516327457899284
0.30519215770139485
0.3051878604308975
0.30518813392073885
0.30516624229253453
0.30519995492783036
0.30521190932361486
0.30522711659917967
0.3052678919830737
0.3052742038059997
0.3053238749237568
0.30535174329550097
0.3053525085009078
0.3053688287904651
0.3053619376711747
0.3053698829986655
0.30539344369366406
0.3054168251990753
0.3054528121083031
0.30547008220510397
0.30548997640259246
0.3055149400177858
0.3055391441274766
0.3055570207574563
0.30556698047175346
0.30558745901123396
0.30561853972526976
0.30559638920093624
0.3056266941632413
0.3056656362152087
0.3056554358264486
0.30566321581445643
0.3056461678842909
0.30567011556751245
0.3056766527780894
0.3056995256192747
0.30571102302185604
0.3057604562033682
0.3057903348147729
0.30577574755682857
0.3057674616450402
0.3057826156266067
0.30578599116518645
0.3057777805849361
0.30580928398036866
0.305842150166843
0.30586359761125825
0.30587044216933423
0.3058729911810091
0.30589613535847227
0.3059310111539043
0.3059316182825945
0.3059238197823726
0.30595214749082655
0.3059786188892223
0.3059727226052773
0.3060031980212222
0.30603528570546124
0.3060617502175309
0.3060653871541178
0.30605577726093924
0.30607224136307143
0.3060967672245988
0.30610469384981864
0.3061096188155762
0.3061249313514285
0.3061107204761977
0.30612357129034895
0.3061315458385012
0.30612403775930286
0.30614386540643757
0.3061632019227767
0.3061681581376754
0.3061781871572601
0.30618361740752165
0.30621037682857766
0.30622595449677736
0.30623494093887205
0.3062614125059442
0.30625672722293107
0.30627153027203025
0.30626610892656203
0.30625963809263423
0.3062749992824333
0.30627414317170765
0.3062792479119817
0.30627282380839416
0.3062778125748138
0.30630266170882847
0.3062848329345915
0.3062671674867552
0.3062659094467536
0.30629320387573267
0.30628453696864966
0.30627935559538577
0.30627638834251814
0.3062747767233922
0.30628915511293286
0.30631463769452205
0.30631586167902336
0.30630773667735844
0.30630621841615735
0.30628961770541485
0.30626860541271894
0.30625384521139565
0.30625046479644524
0.30623126405808954
0.30622916050867555
0.30623626840551044
0.3062206198197057
0.30621412223190747
0.30620155333508847
0.30619878475300377
0.3062044989892766
0.3062088102750258
0.30622237759005355
0.30620648304955844
0.30620496137946107
0.30619929375272237
0.30621202982230566
0.3062090411568761
0.306239696786176
0.3062655563902935
0.3062689018730661
0.3062659254805671
0.3062323136012485
0.30622393246378987
0.3062309461712722
0.30622201177617425
0.3062358985860164
0.30621394668971125
0.3061981509476547
0.30619471613033633
0.30619828202933264
0.30618669457523107
0.3061672801195988
0.30617228398026075
0.30617007379740957
0.30617168889447843
0.30614947880920895
0.30614328854173267
0.3061477398308221
0.306144834919306
0.3061232450868425
0.30612101411094195
0.30612377186670947
0.3060965320737197
0.30610156434281766
0.3061140175030631
0.30608457608913264
0.30607607382650515
0.30608722296930724
0.30608053559418624
0.3060772114538759
0.3060909321466434
0.30607858343835015
0.3060794549635868
0.3060757268455141
0.3060867524345101
0.30608112033126555
0.30608589926981766
0.30606876809754735
0.3060348724161147
0.3060556377120063
0.30604569560690686
0.3060520365702155
0.30605186186505406
0.30603399226067063
0.30601295666442985
0.3060154727740403
0.3060014039381125
0.30598299375190574
0.30596216325741477
0.30596150508897935
0.3059319875962767
0.30592990232268513
0.3059211204589869
0.30593310962212383
0.3059479227522294
0.3059177308136354
0.30589688982804775
0.30590267978552155
0.3059053690443988
0.30588046469105834
0.3058745723001326
0.3058657335853944
0.30587147834306594
0.3058341128213573
0.3058278522229043
0.3058268403970136
0.305825414954478
0.30584490826476574
0.30583805050032464
0.30581911913511794
0.3058251997033995
0.3057942009646182
0.3058009040441013
0.3057900020366402
0.30577678285060084
0.3057558930633941
0.30574594668740906
0.30575659812537437
0.3057393805904144
0.30573030013995717
0.30572181215438765
0.3057038607337561
0.3056883448668577
0.30568146686116493
0.3056650435619106
0.30565844428098954
0.30563961277647167
0.30563771544140683
0.30564781416121234
0.30564019737200565
0.3056236383594644
0.3056103546535269
0.3056152713762894
0.3055879077696245
0.3055965070820533
0.30558310871470573
0.3055651494040973
0.3055627811306182
0.30554815464981877
0.30552375581695634
0.3055064582118515
0.30548686198180686
0.30546694850604617
0.3054634387735299
0.30544640460668215
0.3054368293822346
0.30542734095006985
0.30540358635300147
0.305390369423976
0.30536372649442545
0.3053474804516433
0.3053477029014814
0.30532898156093036
0.305337088013806
0.3053316295536421
0.3053254074029582
0.3053148330856589
0.3052899496736312
0.3052978438693781
0.30529604331865756
0.3052873929452369
0.3052927842361177
0.3052703258481111
0.30526676995463786
0.3052408773370502
0.3052142734950456
0.30518776478550536
0.3051683787103441
0.30516419347377655
0.3051522828998775
0.3051393836271653
0.3051178131847577
0.30508722609631966
0.3050683118667139
0.3050409831413492
0.30502075549609553
0.3049941539282479
0.30496032652117344
0.3049320677064734
0.304911458284556
0.30491034239245174
0.3048938500975573
0.30487435799933305
0.30484962175453967
0.30483405161811283
0.3048333426694426
0.3048189919325991
0.3048014997943004
0.3047944392485129
0.30476321952714247
0.3047303096019759
0.3047268506999491
0.30471775195633277
0.30473046511411683
0.30469454268925433
0.30468273372831134
0.304686230620145
0.30466362429239613
0.30466931022082455
0.3046628022273966
0.3046514976340686
0.3046240293457092
0.3046298983340857
0.30460093823323564
0.30455969107312897
0.3045542860926962
0.3045305880252315
0.3045192295581841
0.3044930562717133
0.30447510899089025
0.30447826111445075
0.3044567563528724
0.3044347884754869
0.30441152874389443
0.30437281090731827
0.3043461081165558
0.3043436357770656
0.30431687491517845
0.30428020314146165
0.3042628091364008
0.30423706687424035
0.3042529343716236
0.3042484905328148
0.3042223612638467
0.3042051069701138
0.30416994031498
0.3041490690188614
0.3041583547800557
0.30415225535490154
0.3041341193043806
0.3041238613521149
0.3040985240106625
0.30408063694241716
0.3040656811393535
0.3040570490207881
0.30401897949340706
0.30400309297937633
0.3039811340213475
0.3039546453858105
0.30394846341923654
0.3039330896955015
0.3039031118982982
0.3038846415966162
0.3038530682306829
0.3038506258184457
0.3038145592701803
0.3038045302207444
0.303793989039185
0.3037713445216921
0.30374888418562673
0.3037410467045125
0.3037256770568476
0.30370760943118735
0.30369580520621764
0.3036764883089518
0.30366087243330564
0.30360444032460276
0.3035602420602419
0.30354295036776646
0.3035293434858576
0.30348898910533106
0.3034654229195838
0.3034527572596083
0.30343057081811653
0.30341769558315457
0.30339360666693893
0.303383748415877
0.30335495766662457
0.3033451914919856
0.3033187882890539
0.3032852780777726
0.3032471602255812
0.3032213569442749
0.3031539978710296
0.30313129641179626
0.30313131440169905
0.3031283360359941
0.30310932634586774
0.3030942697617711
0.3030880662592149
0.30306900323183705
0.3030378432192127
0.30301960110577875
0.3030009400799013
0.3029781346602217
0.3029708146654976
0.30296283042171557
0.3029324756970203
0.30291573846946196
0.3028887661306753
0.30287500932120937
0.3028598827530804
0.3028246149627667
0.30279601974068737
0.3027641053157637
0.3027349804072429
0.3027179615673973
0.30268702724218366
0.30266283837612784
0.30265005617047613
0.3026217497031324
0.3025970398209783
0.3025743552805431
0.30255289682590114
0.30252422239787247
0.30249849394384176
0.30247719626861513
0.30244603058149333
0.3024334766781831
0.30241081862652885
0.30239545708276383
0.30235416733609277
0.30234800763796377
0.3023287622847882
0.30230944113703573
0.30228449191884543
0.3022413304918218
0.3022334236246832
0.302204247553855
0.3021769473103272
0.30215912114311305
0.30215151012743235
0.3021521672175955
0.3021113856838197
0.3020948524381737
0.30208035839493075
0.30205917618093403
0.3020520509681651
0.30202346395312785
0.302009537171368
0.30197888092511427
0.301969345100622
0.30195557576441046
0.3019428921415147
0.3019239824978166
0.3018761510838798
0.301879834324035
0.3018528736085323
0.3018124047211963
0.3017959668549154
0.30177411029679335
0.30174484630023635
0.30171975848418076
0.3017003359543009
0.3016698221081189
0.3016703574428712
0.3016412282826505
0.3015923501362202
0.3015595910660842
0.30153000194072843
0.3015058604929389
0.30149641680651085
0.30147766088559513
0.30145429461287654
0.30144918736212434
0.30141637780398267
0.30138789527193455
0.30136989511418577
0.30135271780363415
0.30133121715624844
0.30132533335742584
0.3013054001952473
0.30129802660145055
0.30128540036600215
0.3012635276350525
0.3012295337092351
0.3011917167299354
0.30118724140970754
0.30117003796308683
0.3011457595130298
0.30116595027539084
0.30113242860210854
0.30112208493814174
0.30108729072522744
0.3010561057686403
0.30102566225274996
0.3010119238432504
0.300984581211869
0.300950611646027
0.30091602376628057
0.3008873107746687
0.3008515003309795
0.30083877283649196
0.30083308535567754
0.30080029854282897
0.3007819987612771
0.3007816130405008
0.3007678988430975
0.3007507692639786
0.3007275176618365
0.3007018235366371
0.30066367625461676
0.3006502105388389
0.30063696548405017
0.30061595761905247
0.3006162422041554
0.3006054963118244
0.3005817976465398
0.3005790646231338
0.30055293300927455
0.3005352661085079
0.30051852539041546
0.3004923632562828
0.300487707537472
0.3004446961757766
0.30043074835265204
0.3003971587688775
0.30037948435300854
0.30035757346124914
0.3003415078452676
0.30031201505993044
0.30026595094331565
0.3002543305376618
0.30021925447055153
0.30017740480056077
0.3001551466683472
0.30014103570267314
0.3001146390876287
0.30011219751244567
0.3000850704764758
0.3000754736712655
0.3000686563481113
0.30004859986013843
0.3000341613427159
0.30001732821165494
0.30000683773693515
0.29999639547846524
0.2999785668926884
0.29997697786916433
0.2999635600953592
0.29991954166547785
0.2998944235459279
0.2998836836631573
0.29984570564862656
0.29981620589453917
0.299792219919394
0.29977136417747974
0.2997369539788569
0.29971447080648417
0.29969753968610413
0.2996964987599622
0.29969978608039016
0.2996855176068811
0.2996632689508407
0.2996499196615634
0.29962967763224646
0.29963024973069863
0.2996163022066687
0.299596808303796
0.2995589604552559
0.2995508682634458
0.29954341407786156
0.29950905075995515
0.2994889622850294
0.2994589800263815
0.29944673352751006
0.2994156914194557
0.2993731038846398
0.29934726692164193
0.29933744762710945
0.2993043070397704
0.2992852041608023
0.2992619226865513
0.2992402837173923
0.2992080517517459
0.29917682307683247
0.2991599589497138
0.2991204582990573
0.2991017005895076
0.2990952602127127
0.29906051202938266
0.2990398628183044
0.2990194944645548
0.29900161218557064
0.29897393186642474
0.2989557574894115
0.2989098121764868
0.2988922563894203
0.29885059518288637
0.29882686474065223
0.2987959833522118
0.29879100403867265
0.2987671475659752
0.29874102878798625
0.29871941860747064
0.2987192122255047
0.29869628155790184
0.29866661754853596
0.29865636643331817
0.2986307820168298
0.29860728321297214
0.298576773032026
0.2985566146367916
0.2985539261663025
0.2985296949751408
0.2985066055465644
0.29847347688564263
0.29844893138297435
0.2984072529292753
0.29839496422387524
0.29838564679950663
0.2983654447998616
0.2983588914555826
0.2983453040474656
0.2983201025546085
0.29830584698029083
0.2982816677471478
0.29827175553044927
0.2982509159937059
0.2982387322724088
0.29822497143805726
0.29820245439436954
0.29819132744241905
0.2981626798428012
0.2981406525836532
0.2981107289731877
0.2980822273415028
0.29804914314083475
0.29802786442093276
0.2980028754225247
0.29796245820809386
0.29794775675596874
0.29792253211702624
0.2979174602095854
0.29790006687257775
0.2978832931069604
0.2978524517870883
0.29784138091751633
0.2978162428148329
0.2977870083512397
0.2977618610311139
0.2977425222889378
0.2977269345291734
0.29770500580404724
0.2976928284521989
0.2976740805742587
0.29766725157284046
0.2976383764371724
0.2976149098771679
0.2976097550479886
0.2976010212010698
0.29759025647132786
0.2975554262191914
0.2975240628382002
0.2975019480559231
0.29746371342981937
0.29745936195662903
0.2974380231773128
0.29741929700506076
0.29740398002092494
0.2973957059709603
0.29738616589901123
0.2973658606238436
0.2973373475935084
0.2973306049896429
0.29729317962852886
0.2972815201231146
0.2972646817084187
0.29724794884654404
0.2972237269537158
0.2972008282247748
0.29719336813660424
0.29717469403444174
0.2971579511343895
0.29714435426471975
0.29712654179076414
0.2971110416726217
0.29708781522754557
0.29706889395836766
0.2970512176048594
0.29704582563409054
0.2970216922400105
0.2970024216867573
0.29698013115728084
0.2969705145192184
0.2969529351621528
0.2969213850982193
0.29689717982515496
0.2968723356935249
0.29686160789113514
0.29682928310743273
0.2967988215996744
0.2967834159857341
0.2967735833822729
0.29676185050438375
0.2967316649756572
0.29671437957439206
0.29670521614181644
0.2966766827770765
0.29665183563622266
0.29664068627577045
0.29663658297907713
0.2966323504345614
0.2966169937645494
0.29661285384069647
0.2965898113685298
0.29658393423166685
0.2965776159637743
0.29655088718572165
0.29652693307167644
0.2965033186541345
0.296497785492991
0.2964795871894135
0.29646176535529867
0.29645709566007294
0.2964604555029434
0.2964481327783166
0.29643244777229616
0.29641022893256397
0.29638637575372084
0.2963651478666789
0.2963505332629849
0.29633967544770734
0.29633737049012776
0.29631534731891995
0.29630655539148043
0.2962797870112649
0.29626491590247106
0.29624804129440185
0.29624763738157267
0.29622346908461206
0.29620836963483044
0.29617050441480297
0.29615443554897336
0.29613976817893384
0.29613146354008746
0.29611862897309327
0.2960990469190269
0.2960753843740064
0.29607873606976065
0.2960777097157268
0.2960650013184509
0.2960684252365686
0.2960373910247399
0.2960143948795918
0.2959984491997051
0.2959695254052337
0.29596763282994365
0.29594047109657373
0.2959282878491082
0.29591373513532127
0.2958949993246639
0.2959064360640973
0.29590729589882303
0.2958930733079793
0.2958853574416729
0.29585130527526604
0.29584109484610455
0.29583551964493493
0.2958213056198207
0.2958063193533801
0.2957887449362949
0.29579004466809566
0.2957672112414117
0.2957303771634352
0.2957108500507506
0.295692461519351
0.2956853731544775
0.2956827581697278
0.2956640752406955
0.29566136276434685
0.2956398924624729
0.29565108087407965
0.2956364601300584
0.29561579369820834
0.295616622688225
0.295605573520609
0.2955974107032454
0.2955736918072932
0.2955546153023344
0.2955477311626451
0.29553529182708516
0.29550536646407144
0.2954858388955619
0.29546517051317367
0.29545659483589326
0.29544145824014734
0.29542785018830586
0.2954107293768933
0.29539842700117824
0.29537724760812845
0.29536653008789604
0.2953466443271292
0.2953435865157349
0.2953579178062775
0.2953408847124256
0.2953285841322225
0.29531670997260084
0.29530797993252134
0.29530305904856835
0.2952980220287893
0.29527202495647076
0.2952506736350502
0.29525064051776717
0.2952411218228328
0.2952356841145891
0.2952308347116316
0.295219405999513
0.295192436126535
0.2951882341426979
0.2951811746878221
0.2951684146222706
0.2951550516605739
0.29515749195216023
0.29515333670072486
0.2951553776596224
0.29514955087754247
0.29514123987039986
0.29512190275145056
0.2951039536736979
0.2950955783086656
0.2951009439290496
0.2950813653616011
0.29508348614290403
0.2950844502925928
0.29506693422858765
0.2950641798813989
0.2950233695311948
0.2950250549573791
0.2950156424984911
0.29500917962580564
0.2949807344811156
0.29495825432718403
0.2949507836583811
0.29492948182365775
0.2949223243292741
0.2949226320150927
0.2949255640692825
0.2949253887700435
0.29491175712925344
0.29490976046078476
0.29490980873872963
0.2948888431424995
0.29488255168219035
0.294881965750477
0.29489201661986797
0.29491043098864944
0.29491094049269395
0.2948986465124115
0.29488811409195337
0.2948749227345332
0.29488317631495664
0.29489156635136127
0.2948766254035603
0.29488093187047193
0.29488472104881125
0.294864340991837
0.2948555355466149
0.2948316988612596
0.2948260976934973
0.294819603946734
0.2948229967305508
0.29484222328033927
0.29482097685975706
0.2948282852449221
0.294828721960546
0.29482928029554245
0.2948089754471803
0.2948051706558741
0.2947995813745654
0.2947654354498087
0.2947691621958165
0.2947706373418262
0.2947465622079506
0.2947483650964221
0.2947556411926965
0.29475769490449977
0.2947501914344155
0.294750062166517
0.29474668490978106
0.2947407572150874
0.29472670439674176
0.29473388837684966
0.2947199224323708
0.2947149492371468
0.29472032344743715
0.2947202069235465
0.2947243406542387
0.2947190138984639
0.29471569707826895
0.29471123552218437
0.2946881302600082
0.2946751592674529
0.29466347883094124
0.2946662347180331
0.29464910755467366
0.29464725753045273
0.294648951580199
0.2946664774132576
0.29467009381524
0.2946615794406471
0.2946593886025166
0.29467896503271385
0.2946822767999029
0.2946727452682265
0.29467948887272555
0.2946653015874767
0.2946680602898112
0.2946725706198904
0.29466872774880226
0.2946433451382975
0.29464383266024585
0.29462973071098675
0.29464266138465156
0.294635612984384
0.2946254927201669
0.2946213079021639
0.29460931930142686
0.2946007119566538
0.29459782468481566
0.2945939229877971
0.2945939960015629
0.29459869048821175
0.2946050171400759
0.2946118120546046
0.2946337029974222
0.2946438448955411
0.29465102558673884
0.29464043228460157
0.2946371855871863
0.2946494495118608
0.2946425314684332
0.2946436032308797
0.2946488316047011
0.29466133802986993
0.29464502674846316
0.29465443904588484
0.29464966626433176
0.29466371432416505
0.2946740856719172
0.2946740561010929
0.2946743946964995
0.29467907540122373
0.2946888412956842
0.29468265578785846
0.2946860521226161
0.2947013400553238
0.2947282425025136
0.2947321044805149
0.2947394551816074
0.29473325577487863
0.2947351512655969
0.2947396523324196
0.2947408801553598
0.29474962431358664
0.2947484791719315
0.2947386538730429
0.2947228095929031
0.29471840402810034
0.2947294122140526
0.29472945609676515
0.2947274698746877
0.2947332760179392
0.2947443752267914
0.2947420574832942
0.29474190626782615
0.29474382242695063
0.294769169591669
0.29476495352937604
0.29477259728869887
0.2947909648028927
0.2947815343176148
0.2948001299809059
0.29480798964542576
0.2948116361424137
0.2948090160345215
0.29479993338438737
0.29479707179852244
0.2948138202327233
0.2948239976447148
0.2948355301458325
0.294849943649536
0.29485061625286124
0.29486834921127625
0.29487406692706686
0.29488085361409744
0.2948777664587755
0.29489849831946424
0.2949084080949318
0.29490348222996365
0.29490535356870273
0.2949101759223902
0.2949197184150235
0.2949183835631254
0.29493957871304055
0.29494333169203324
0.29496192549404765
0.29496680187589486
0.2949808441511548
0.29497849808396515
0.2949769056414021
0.29498743408309347
0.29501487097902923
0.2950172697399618
0.2950284278562214
0.29502452139842406
0.29503194523072773
0.2950360901030986
0.29504382290331155
0.2950363360608146
0.2950461652260047
0.2950655856018045
0.2950662873091019
0.2950617352696412
0.29506396158969517
0.29506292746444673
0.29505938373679397
0.29508782504741515
0.2950952181027673
0.2951139396786875
0.2951091736216914
0.29512353837493477
0.2951265011122419
0.29512358465631383
0.29513949931464
0.2951579687418877
0.29516719042285855
0.2951743451686806
0.29520078534444594
0.2952170773231234
0.29522674196525867
0.2952231551975639
0.2952230375407411
0.2952673180550023
0.2952863429968826
0.29529344887065134
0.29530118351531176
0.2953090027033728
0.29533081499873826
0.29534572817794036
0.2953446331796731
0.29536102547571097
0.29539026817963976
0.29539826404952463
0.2953955135566033
0.2954128741694355
0.2954144886259713
0.2954189244171077
0.29543498898544496
0.2954411261305936
0.2954392416990249
0.2954443521194875
0.2954615651110355
0.29547042752824093
0.29545904589434013
0.2954689051851973
0.2954853149760617
0.29548170779309135
0.2954837927787386
0.2955047867791877
0.29551996169325045
0.29550166206507944
0.29550236690342624
0.2955241446766652
0.2955449559102379
0.2955548224275927
0.29557172543292
0.29557696968664426
0.29558315918782607
0.29560063501157297
0.2956159000487606
0.2956219709482033
0.29561590174928043
0.2956060787184618
0.2956143820571717
0.2956215421872542
0.29562912981109624
0.2956469109571299
0.2956598876871174
0.29567830440877896
0.2956602734686866
0.2956649662232619
0.2956853361217945
0.29567200881591227
0.2956765996147218
0.2956925545199076
0.29569348259910455
0.29570489132712596
0.2957182190505101
0.2957360993652457
0.2957406847158903
0.2957606062118988
0.29576382507436705
0.29578475809593396
0.2958079726497782
0.29583089862969103
0.2958514548563246
0.29586297843441645
0.29587568976615874
0.2958787030590798
0.2958886706100772
0.2959022836885762
0.2959099450164132
0.2959135223783059
0.29592541499847624
0.2959494112851798
0.2959457581933248
0.29597715480084286
0.29598840736111454
0.2959964552125859
0.29601054590634035
0.2960286085485485
0.2960556962883033
0.29607310456890357
0.2960943068032812
0.2961161148588901
0.2961165180185653
0.2961348666435393
0.29614809134721287
0.2961573792568163
0.2961742101519872
0.2961893591062883
0.2962105714051336
0.29623054232985657
0.29623517224169194
0.29625209133581665
0.29627300512722377
0.2962978297085722
0.2963194139945049
0.29632879741404605
0.296346876327815
0.296364918281417
0.29639375095388865
0.2963981480102299
0.2964244913079085
0.2964368370930902
0.29644361108242046
0.2964518174381353
0.2964580681039828
0.2964708617394385
0.29647610037944483
0.29647833177961924
0.29650442407526056
0.29652812206637047
0.29654133485151957
0.296549005650832
0.29656994492259436
0.29659037618012685
0.2966069784300457
0.2966144918148754
0.2966367400192166
0.2966502670619733
0.29666265246869117
0.2966671070833503
0.2966901928885489
0.29669867202200284
0.29670990305478884
0.2967205687602643
0.29675620985754936
0.2967666779847262
0.29677229278359674
0.29678449626664005
0.29678499741323616
0.2968013744645025
0.29682084499166617
0.29682500294853675
0.29683398551910356
0.29682686380490275
0.296829743470006
0.2968534796241824
0.29686167317993084
0.296862835066216
0.29688579692391937
0.2968988794004843
0.29691732769314416
0.296935927518467
0.29693082964103223
0.29693999120284076
0.29695064393500104
0.29696049122367807
0.2969787424662229
0.2969866637431867
0.2970051571617457
0.2970053705293825
0.2970100446645685
0.2970118279005166
0.29703080860646236
0.2970309209439156
0.2970520839078935
0.2970576848743338
0.29707035237006907
0.2970813029612628
0.29711158924714287
0.2971215676019586
0.2971328863338424
0.2971398027155606
0.297141563125884
0.2971521272453197
0.29715901720877214
0.29718163791076135
0.2971896484925157
0.29719178482130193
0.29720160035386267
0.2972202577716908
0.2972027278834881
0.2972324652096302
0.29725923139079347
0.29726636631434245
0.29727070930708144
0.2972615853353874
0.2972795992821663
0.29728399197186495
0.2973086817635724
0.2973354745154424
0.29736089698693136
0.297380216208017
0.2973886020980008
0.2974148438700659
0.29743989781823765
0.29745285129933474
0.29743863844278895
0.2974677174265714
0.2974792714390694
0.29749396848317133
0.29750704921739546
0.297523316181467
0.2975424446606818
0.29756104242030934
0.29757288631449597
0.2975978735834198
0.2976094515609162
0.29761490496850895
0.297642414898719
0.297653300455897
0.2976731317566318
0.29767827390395674
0.2976941023311972
0.2977150439129226
0.297731135375225
0.2977529143822524
0.29777771060056435
0.2978047661132679
0.2978109673119773
0.29782096155838766
0.2978396960303762
0.29786625265201705
0.29788519290392
0.29790606889310345
0.2979320958223505
0.29795518421595013
0.2979733479523746
0.29797649270214477
0.2979896844989147
0.29799953049170513
0.29801676475009686
0.29804416893640495
0.29806023036360707
0.2980820921675379
0.2980896760910938
0.2980992392802485
0.298123690303277
0.2981403587010081
0.2981488313981565
0.29817240944227175
0.2981865105188197
0.2982028693601584
0.29821323457277304
0.2982299627103191
0.29825508180288296
0.2982514359417202
0.29826159914681294
0.2982713309719911
0.29827289980922544
0.2982759599283963
0.29827795691637904
0.2982904863758503
0.29830891853483577
0.2983266632485658
0.2983508442808961
0.2983622428998922
0.2983837379222368
0.2983943800235964
0.2984138105755132
0.2984352955660463
0.298437518366485
0.29844669002514734
0.29845853673075484
0.29845842695782665
0.2984849893769186
0.29849445009887077
0.2985137320655027
0.2985234606179622
0.29853479332293564
0.2985401579221859
0.29854716381767243
0.29856567026343606
0.298593335946286
0.2986070260116218
0.29862142608080944
0.29863085616020213
0.29864693184243574
0.29866443787623576
0.29867743221630827
0.2987002960492481
0.2987096804968883
0.2987270732655366
0.29873814973674684
0.2987634468458822
0.29877369375973717
0.29879226246924695
0.29881946470911636
0.2988313865023007
0.2988544669300285
0.29886877431688696
0.29889479470294866
0.29890742659933967
0.29891453781928645
0.29891104814308345
0.298927529805171
0.29895018431584286
0.29896915561744375
0.29899249823459606
0.29899505305925744
0.2989949183321504
0.29900449624923653
0.2990202086005467
0.29903710168104203
0.2990534915901971
0.29905105001759524
0.29905992556375793
0.29905596284573943
0.29906550051653213
0.29908105658081385
0.2990926600085366
0.29911004476578695
0.29913119099136853
0.29915082711406327
0.2991591601745187
0.2991614138414096
0.299181243796261
0.29919876925581523
0.2992056775424866
0.2992026244723526
0.29921298892001946
0.29923075077645334
0.29924304670453117
0.29927427430297027
0.2992974718103838
0.2993221944462894
0.29934650667103047
0.2993511634268612
0.29935774856417463
0.2993741615237263
0.2993786832409131
0.29939963742861575
0.29940678708620294
0.2994238536793937
0.2994204554651875
0.2994357586999391
0.29946192296919993
0.2994774469612075
0.299501607749905
0.29950436901794253
0.2995225608962355
0.2995394694958088
0.29954350583289246
0.29956904919576477
0.29959038632692425
0.2996043427553099
0.2996003469022963
0.2996171288159367
0.2996269568088926
0.2996467352723696
0.2996500780772309
0.2996611744337708
0.29966886141546634
0.29968858211271654
0.2996958749474252
0.29970212912795036
0.2996985710481881
0.2997080645257647
0.2997190923816141
0.29973903034098204
0.29975479168089636
0.29976796451306886
0.2997712309285825
0.29976976288159174
0.2997979888066151
0.299820130764734
0.2998346257674559
0.2998500818723664
0.2998595040737462
0.2998796482510071
0.29989467997004626
0.29991086779707155
0.29992722353185186
0.29994185991539124
0.29994749006434984
0.29996688938758787
0.29997429754241256
0.2999840508302347
0.30000900099472705
0.30002628897943273
0.30004220799881953
0.3000512971691124
0.300056094375309
0.30007998445540285
0.30008461117408625
0.3000960477448521
0.30010569415233024
0.3001253290997892
0.3001453992413924
0.3001590736677002
0.3001673226968632
0.3001760238109772
0.3001892427094769
0.3002102665203453
0.3002300690688977
0.3002413114004008
0.30025426379702735
0.30025479826714585
0.3002693640925763
0.3002736226341228
0.3002938515666568
0.3003165254933108
0.30035054287151275
0.30037909570388743
0.30038102436668257
0.3003945123126509
0.30039990326577604
0.30041249370714573
0.3004281816763589
0.30043631656529635
0.30044933551815756
0.30045498399412063
0.30048630898716355
0.30050128211227234
0.3005211910235772
0.30053758452463986
0.3005491978184882
0.30056591543502476
0.30057592770066854
0.30058893026922284
0.3006101148960435
0.3006298074291892
0.30064145090412664
0.3006583124120249
0.3006684959535689
0.3006832277722997
0.3007007122652253
0.30070241751697535
0.30072180598041887
0.300734656229923
0.3007449045009102
0.3007501539683536
0.3007587565147387
0.3007701723989461
0.3007836593421742
0.300804974898075
0.30081721158939945
0.3008285009560304
0.3008454803784618
0.30086808243494834
0.30087702530815597
0.3008853659576144
0.30089848676467823
0.3009024010341407
0.3009156397520256
0.30091737376160843
0.3009297145259282
0.30095822665692973
0.30096331357172257
0.3009764464260525
0.30099759581300445
0.301017453310237
0.3010324462885755
0.3010493107425608
0.30106850557460163
0.30107828452477314
0.3010851258259163
0.30108429668120573
0.30109545741519417
0.3010996568858151
0.30111919410731325
0.30112181303934105
0.30112843888931295
0.3011567563044286
0.3011787519735589
0.3011970443428672
0.3012096021201808
0.30122998586614524
0.3012285948326471
0.3012626514960969
0.30126317988687135
0.30128347232713293
0.30129636214601174
0.30129970367510617
0.30130080153405847
0.3013041229026655
0.3013179629744336
0.30133621540773425
0.3013451413178948
0.30135342650936314
0.30138310949177904
0.30138845526838076
0.30140799369534343
0.30142725920819324
0.30145181436421287
0.30145804760143124
0.3014868591895985
0.30149466789352086
0.30150814847846596
0.30153505146903103
0.3015522707261733
0.30157217367154343
0.3015919252172333
0.30161220419955814
0.30161975740936975
0.3016289011291027
0.3016367354928525
0.3016415819483552
0.3016518732732233
0.30166712340229673
0.301678906450511
0.30169497205889906
0.30169922229209767
0.301710874207581
0.3017230279892583
0.3017299294083703
0.30173716776544457
0.3017522997485297
0.3017605172316796
0.3017704095231655
0.30179016834502104
0.3018050353678783
0.3018067750674085
0.30182749190753677
0.301825119574208
0.30185073677119956
0.30187310855807614
0.30187884196586323
0.30189791480649963
0.3019160264667884
0.30193247911365184
0.3019361458206773
0.3019606223163137
0.3019829757049234
0.30199550999717617
0.30200996347687104
0.3020244504867696
0.30204350244643563
0.30205580675616006
0.30206098735383824
0.3020831468820757
0.30208614344910156
0.302081072886495
0.30209325355487837
0.30212468315027163
0.3021268832509453
0.302135902528761
0.30214372392340993
0.302173942187816
0.30218847279403627
0.30220287953872305
0.3022182899707788
0.3022385755713418
0.3022598565550838
0.3022723227327019
0.3022886960254271
0.3023090630912324
0.30231237428184465
0.3023081273458972
0.30232848201465345
0.3023404801250654
0.30234578986329275
0.3023774440632444
0.3024053037739506
0.30240801402368467
0.30242317304464217
0.302433974554156
0.3024405984068461
0.302453911358999
0.30246798741398906
0.30247138717126065
0.30248731003252105
0.30251232766459146
0.30253479020490226
0.3025510366776626
0.3025741799901769
0.30258850222749967
0.30260809786416243
0.30262882923624645
0.30264794006073803
0.30264774082314994
0.3026631386198565
0.3026705313324234
0.30268230782428485
0.30270470749517486
0.3027149569885219
0.3027406866588408
0.3027501414476593
0.30277374525278
0.30278671473676333
0.30280130599586286
0.302813412488979
0.30282719612550724
0.3028316624462255
0.3028436505825003
0.30284409289977954
0.3028637071953776
0.30286889594134814
0.3028827491878848
0.3028897495160243
0.3028959491040968
0.30290724102694244
0.30292796060835014
0.30295316802287964
0.30297155942865206
0.3029702160997946
0.30297307802772333
0.3029833026027069
0.30299584517261535
0.3029969338844447
0.30301611628754066
0.3030245438898028
0.30303385557633855
0.30303670717195896
0.30303739775300464
0.30305166878360545
0.30305570775947743
0.3030711646773918
0.30307811113854854
0.3030952879603601
0.3031137327701977
0.30311442669998556
0.3031262454260988
0.30314206585626546
0.3031586996077673
0.3031700959156808
0.30318008660151996
0.303196109927351
0.30321889231453414
0.3032236970526395
0.3032264507487489
0.3032324200991273
0.30324475798948014
0.30325812159690246
0.30326347900212136
0.303259408326369
0.3032700740829214
0.3032795099479195
0.3032944855021228
0.303305429531464
0.3033034620836653
0.3033064360246037
0.3033195346834152
0.30332566289185947
0.30332276913238243
0.3033298118686185
0.3033434511807116
0.30335609575225975
0.30336316251558126
0.30336297424156256
0.30337903524213294
0.30337862534341853
0.3033919350466555
0.3033993453163657
0.30341416612979777
0.30343336802991094
0.3034535232910499
0.3034593101782078
0.3034648792765613
0.3034751314826817
0.30347685842520167
0.30348211804180103
0.3034896296188814
0.3034923419717992
0.30350071722097716
0.30351260296744353
0.30352510303448266
0.30353476150604386
0.30354415524692535
0.3035440240386268
0.3035578474414038
0.3035725136403459
0.30358421524063595
0.3035951690841634
0.30360691982344556
0.30361037272530733
0.3036141437171245
0.30362398815768166
0.30363847469222305
0.30364602763670834
0.3036647803756949
0.30367758736254125
0.303691814177773
0.3036971578234652
0.3036995329726925
0.3037183001010507
0.3037290101014465
0.30373024244238966
0.30375075108023464
0.3037793969891436
0.3037928365064967
0.3037918934922945
0.30380659958454137
0.3038122475664856
0.3038163987523347
0.30382336673053956
0.303829121800791
0.30383667695882555
0.3038505990135161
0.3038605096325917
0.3038750034518849
0.30388888460644436
0.3039175058646989
0.3039252022843848
0.30394070617355606
0.3039496679496676
0.30394903559011677
0.30396064757569197
0.3039746324833825
0.3039800873204693
0.3039883027939826
0.3039905609118623
0.30399687641267215
0.3039962573958068
0.3040053431579425
0.3040095428203171
0.3040080871553166
0.3040116878451905
0.30402180482865926
0.3040351835573156
0.30404066972113464
0.3040387379499483
0.30404071801705357
0.3040523104495757
0.30405360246504587
0.30406242881188295
0.30406523497344895
0.3040753681443037
0.3040789621689166
0.3040782923723214
0.30408800947156955
0.30410093100440094
0.3041080333972962
0.3041170752394644
0.30413060475183706
0.304133280469258
0.3041321814501369
0.30414018175594537
0.3041482645675323
0.30414978874433596
0.30415450221766227
0.3041660881405893
0.3041721055915616
0.304178963988766
0.3041857464812664
0.3041778189783656
0.30418592151292545
0.30418853373918875
0.304188115667717
0.3041946845918614
0.30420047285069074
0.30419542731552984
0.3041839624979179
0.3041795196702085
0.3042028171193042
0.30419912525676296
0.3042064822495486
0.304211031625643
0.30422768444634807
0.30423710739330834
0.30424451376659645
0.3042635935213347
0.30426036511758525
0.30426982456428564
0.3042744223896906
0.3042731913064739
0.3042801875616574
0.3042730084811067
0.30426707578621903
0.30427655436401435
0.3042805684897941
0.3043034340084484
0.30432489188115375
0.304331313852772
0.30433806399886776
0.3043462849729818
0.30436004468734357
0.30436167961535465
0.30436171802670453
0.3043538096664583
0.30436823062943996
0.30438341096201404
0.3043887540774527
0.3043812399423972
0.30437823491442273
0.3043823324292232
0.3044036814124019
0.30441005634142515
0.30441732470432414
0.3044104417528045
0.304405457104457
0.3044177690531096
0.30443290432396986
0.30443757507273916
0.30443850228982705
0.3044394378026375
0.3044451832336915
0.30445571208580435
0.30445673284363106
0.3044624770754585
0.30446580613221474
0.30447220259483765
0.3044672318835452
0.3044739179900945
0.30449111895137326
0.30448441401588766
0.30449095434006634
0.3044900784188117
0.3044942299908685
0.30449744775539656
0.3045013190979856
0.30450795696150235
0.3045137939929403
0.304520047077217
0.3045238506496246
0.30451843352697683
0.3045092041647628
0.3045155661655017
0.3045281714943253
0.3045252243724238
0.30454123649234655
0.304543513841081
0.3045391555012431
0.3045444417667581
0.30454707541618187
0.30455312835098136
0.304549418576854
0.30454190293227934
0.30454990388595504
0.3045441539246929
0.30454479496248255
0.3045505660342629
0.30455908226514217
0.3045648489018965
0.3045733755594112
0.3045671306332264
0.3045608436880204
0.3045711885565252
0.304578688908547
0.30458045341776374
0.304594584448987
0.3045968480050748
0.3046023137054552
0.30460415322680034
0.3045928960990809
0.3045855851535866
0.3045856931762275
0.30459662164135226
0.30458700256840443
0.30458165544014615
0.3045804651490075
0.30457615869382837
0.3045871520223853
0.30459169242165895
0.30459328702473554
0.3045936449549529
0.3045923091332433
0.30460042883267435
0.30460178030923524
0.30460585501047366
0.3046094404503368
0.3046110094730593
0.30460688820233084
0.3046014258771308
0.30459864096788647
0.30459784967123305
0.3045961743144501
0.30459323318715237
0.30459208041666497
0.304586763747803
0.30458386409776117
0.30458965088976453
0.3045798105058616
0.30458691099000346
0.3045926578935556
0.3045961061608101
0.30458951907411647
0.3045767760867307
0.30456859924438096
0.3045695207202954
0.3045662464357609
0.30458173443818237
0.3045829687545174
0.3045723311262857
0.3045725909759722
0.30457397206115655
0.30458235780427967
0.304578746152701
0.3045771307737015
0.30456236009185855
0.3045531882653779
0.30455887614298904
0.3045602079481108
0.3045706650865584
0.30456554839861494
0.3045710013391705
0.30456974357410704
0.3045713275028663
0.30457669552860933
0.30456606040398326
0.3045581118207059
0.3045524833676252
0.3045607958629063
0.3045595850434405
0.3045543252137044
0.30455096989635033
0.30454730329240043
0.3045397631521324
0.30453756501832574
0.3045383133830173
0.30453271419162786
0.3045417978306426
0.30452896134286733
0.3045318219903467
0.3045270577680099
0.3045215703575235
0.30452073690103143
0.3045162471042644
0.30450981302458635
0.30450484241505893
0.304505110490808
0.30450327838703584
0.3044888001058297
0.3044858863468122
0.3044817938273354
0.3044841502011484
0.3044757088329836
0.30447419041376467
0.3044794480019294
0.30447682314787294
0.3044872062568269
0.3044898503717365
0.30449836679618036
0.3044825346647302
0.3044778917194926
0.3044707815530754
0.30446102510386674
0.3044568212988119
0.30444895331972843
0.30443736944902056
0.30443178735738263
0.3044322496416224
0.30442860575730524
0.3044227330859475
0.30440884006063507
0.3044009195772318
0.3043969242187775
0.30439659231650007
0.3043762694915244
0.3043635545277076
0.3043619007018358
0.304356275816667
0.3043501921346259
0.3043453615145104
0.304341498356388
0.30433718546913946
0.30433714149757995
0.30433082832685454
0.3043243306461325
0.3043355161362088
0.3043380592557178
0.30433563750243287
0.3043217021184601
0.30432716399399495
0.3043247902630417
0.30431444188005663
0.30430576523021324
0.30430438483497624
0.30429403309022307
0.30428438770920485
0.304275252751799
0.3042731094128335
0.3042801628414389
0.304274834912868
0.30426970738657877
0.3042644703476777
0.3042652611624854
0.30425153240493086
0.30424938650628397
0.30424497850757437
0.3042404618535367
0.30424440294701005
0.30424352874505445
0.30423343958855853
0.3042233682222415
0.3042197818340854
0.3042199225329969
0.3042219814599403
0.30422100325866996
0.30421977349093454
0.30421009500005236
0.3042042970053873
0.3042077843363301
0.30420544287191154
0.30419912884567535
0.3041841671431843
0.3042034433297328
0.30419691457420517
0.3041826842385753
0.30417642824495383
0.30418951019720786
0.30418330171829
0.3041855418232138
0.30417400047903564
0.30415613460610114
0.30414582659316725
0.3041373708857452
0.30413408356642946
0.30412942990116576
0.30412132958759486
0.3041094967229194
0.3041033323507423
0.30410917441726326
0.3040927709170653
0.30407892031635
0.3040684894665333
0.30405519451403284
0.3040561750238465
0.30406074266416083
0.30404507816921045
0.3040452616177095
0.30403180274437014
0.3040162720372257
0.30400567659072053
0.30400105727578053
0.3040005728687404
0.3039725648543382
0.3039581201514404
0.3039484898467555
0.30394687447448965
0.3039569734803991
0.30395023206430904
0.303948940429005
0.30393619398542737
0.3039193026191862
0.30392006184192455
0.3039137913165624
0.3039074402429759
0.30389481867254
0.3038837617279575
0.30387776493638907
0.3038785737882146
0.3038635128869376
0.30385285755102054
0.3038444615417135
0.30384325372162224
0.30383771025878137
0.3038247742890735
0.3038223567527649
0.3038175656387365
0.3038059153170538
0.30379714411530645
0.30379724483355586
0.3037957822631966
0.3037871337768291
0.3037783916122083
0.30376960641253714
0.30376229050083214
0.3037424088781906
0.303729925954076
0.3037333127001147
0.3037269926231414
0.30371040453635634
0.303702872797451
0.30370367385642805
0.3036923384491179
0.3036836811334488
0.3036621460609459
0.3036677387009902
0.3036494318974061
0.30364614378156296
0.30364025619599466
0.30363249022726746
0.3036204654587069
0.3036084044668842
0.3036124537019369
0.30361659544148056
0.3036057341422155
0.3036062317434113
0.3036040969149514
0.30360220402694793
0.3035832393255913
0.3035944602438091
0.30358807674340405
0.30358090803265836
0.3035974579991735
0.30358111322674874
0.3035736585446871
0.3035725803281095
0.3035779810859336
0.30356928269233563
0.3035675433061511
0.303569595007809
0.3035721574068775
0.3035611180005978
0.3035490640198151
0.303546140591203
0.3035366268964075
0.30353114884142574
0.30352780936064583
0.30352399040255773
0.3035024482532416
0.3034848782203191
0.3034639533550031
0.30345991357862057
0.303447852278247
0.30343763749341013
0.3034186729116296
0.30341228189253155
0.30340132063985115
0.3033886634124938
0.30337248680994766
0.303359135529077
0.30335238225718664
0.30335012577134346
0.30333087669815284
0.3033264467976857
0.30331619634132145
0.30331689958389996
0.303316475334117
0.30330541997101423
0.30330640382607066
0.3033109155047322
0.3033029571785393
0.3033040692859783
0.3032893936830514
0.3032862513182669
0.3032706464726459
0.3032639730598692
0.3032623447747521
0.30325069944422645
0.3032483719080604
0.3032485982787708
0.30324680992157194
0.30323987245495887
0.30323049136762303
0.3032219248661687
0.30322151262041375
0.303212609256136
0.3032146028610847
0.3032036968323808
0.3031949848930473
0.3031890796668848
0.3031765870026851
0.30316021755156597
0.3031428563665822
0.30313941816425005
0.30313122500987333
0.3031334050782315
0.3031159344484502
0.3031102203425817
0.30309269981179876
0.30309442759053595
0.30308162789240745
0.3030778412514953
0.30307569743525253
0.30305432822426526
0.3030629800488983
0.30306918126665683
0.3030584767193044
0.303052746690881
0.30304407141795187
0.3030347786422156
0.30302336346724246
0.30301633864374733
0.30300850994936224
0.3030001230325935
0.3029963854688621
0.3029864861491799
0.30298968088580913
0.3029769119899959
0.3029654674694616
0.3029560282116439
0.30294868166990396
0.30294026986401557
0.3029353668858241
0.30292433721838674
0.3029238507056503
0.30292298808733686
0.3029254541309564
0.30291814052176713
0.3029085026435864
0.30289654952797795
0.3028885112502018
0.30287349815848463
0.30286749849517014
0.3028525594741961
0.3028364896094389
0.3028375958985893
0.3028304630667342
0.30282255668537894
0.3028113332871166
0.30279823725807054
0.3027889237243676
0.3027790856661905
0.30277062227056606
0.30276222012609066
0.3027612100240489
0.3027501691207958
0.30274661609706965
0.30273663194832656
0.30273074885924034
0.3027100891944331
0.30271072310248015
0.30270607813302763
0.3026947156555261
0.30268759386687116
0.30268887090001084
0.30268628592957225
0.30267091640514476
0.30266164624566716
0.3026481430895219
0.3026451090436023
0.30263609159683424
0.3026222638975461
0.30261304351880003
0.30259997633349367
0.302592142527643
0.30257704113718475
0.30256089814276743
0.3025605204658668
0.3025339437465444
0.30252578388096374
0.30252077209654804
0.3024991971055282
0.302490902294447
0.3024893887341884
0.3024879026015507
0.30248253566470606
0.3024719036758211
0.3024643130878809
0.3024541344101803
0.302444437825909
0.30244002698635064
0.30243685223549077
0.3024284259358032
0.30242022644009603
0.30240225315593783
0.30240266122691106
0.3023898415906521
0.30237106138500336
0.3023616128950928
0.3023489296547992
0.30235295050293176
0.3023393393518454
0.3023360581012893
0.30231883402817783
0.30229706221272146
0.3022948132484916
0.30228135352059227
0.30228928757150275
0.30228233912360225
0.30226220736901355
0.3022600846166118
0.3022656268541678
0.3022477842336756
0.30222475516389313
0.30221902522112476
0.3022113777209926
0.30220404112883026
0.30219366425686855
0.30218665527855393
0.3021746380115855
0.3021674857341957
0.302167850264885
0.3021647810098599
0.302162383058478
0.3021563822419536
0.30214130886116963
0.30212509804602716
0.30211823994802867
0.3021121758550809
0.3021052224631048
0.3021005896405152
0.3020848856045334
0.3020773548469038
0.3020622132392725
0.30205627017908254
0.30204050679944283
0.30202612276490337
0.302020227162622
0.3020204877618985
0.3020210242978738
0.30201048190912794
0.3020027765408533
0.3019883150792749
0.3019769086861184
0.301965321467237
0.3019527374950368
0.30194863321404486
0.3019422056108768
0.3019376673800698
0.3019387860024306
0.3019270134689076
0.3019205523962195
0.3019163745325424
0.30190109873216575
0.3019001803703679
0.3018969512154924
0.301887074467465
0.3018761687664312
0.30188003414240394
0.30187291721019105
0.30187045954442115
0.3018628419052364
0.3018520643644972
0.30183871140623053
0.3018332428703481
0.30181967370747276
0.30181754847916487
0.3018053762918991
0.3018014106148146
0.30180507625319664
0.30178659393109064
0.3017740077141454
0.30177159175541113
0.3017697764107907
0.30177432726435893
0.30176065098922855
0.3017483266826364
0.3017427458611931
0.30174323743041975
0.30172746866303857
0.3017185990519522
0.301707575217922
0.3016953535106288
0.3016801437966484
0.30166449049307353
0.3016506678161389
0.3016465458850546
0.30162433738648764
0.3016080673412459
0.3016018532437672
0.30158539818316066
0.30158009380909245
0.3015705465312969
0.30155469736549334
0.30154280845734793
0.30152926969340865
0.30151053300403163
0.3015078534911457
0.3014954821146135
0.3014876329927949
0.30148441282748195
0.30147577592770725
0.3014651758282014
0.3014597341481634
0.3014524445541922
0.3014382293130843
0.30141584676638133
0.3014040162682764
0.30139386974924687
0.30138127857992936
0.3013748756563519
0.30136418063209025
0.30135760452767024
0.301342091475308
0.30132861125586374
0.30132217583525256
0.3013137919669373
0.30130394638239955
0.3012890712199008
0.3012786725442478
0.3012663594743624
0.3012536703010824
