0.29488237942624096
0.29467294780023257
0.2943968354215313
0.2941581106930301
0.2938291117348394
0.2934606774008548
0.29323095832191504
0.2929789998992801
0.2926869023296762
0.2924383653382594
0.29217959466473653
0.2919737951249174
0.2917069166204581
0.2914221651166199
0.29108682729635493
0.29079359102866364
0.29059201545547153
0.2903223232895704
0.2900386595264465
0.28985098904890005
0.2895000706980033
0.2891337681381353
0.28880046620586197
0.28855604367687615
0.28811262402130877
0.28792898128267264
0.28765103188546726
0.28741584492377537
0.28715930529363143
0.2868908318488922
0.2866139350633412
0.2863720193742375
0.28606919262078123
0.2857988239224556
0.2855701120275317
0.2854159564762089
0.2850418589321029
0.2848591962380146
0.28459424774217745
0.28431198758123644
0.28399917910746275
0.2837619683457576
0.2834865556927243
0.2832804202226059
0.28310099824228296
0.2827555246396687
0.28260092149526983
0.2825247694738269
0.28230572840929435
0.28212208462781974
0.2818323110100478
0.28160692801270293
0.28139237702327713
0.28114975140281384
0.28098696934038503
0.28079322964829956
0.2806104940364551
0.2804333530336318
0.2802097842298472
0.28000791346658194
0.2797406367686671
0.2795012959715327
0.2793561883736795
0.2792217848701263
0.27897317330452875
0.27881983208350347
0.27856439186719273
0.2783819282261142
0.2782631027744886
0.2780965586495142
0.27786327651365206
0.27781166616077413
0.2777030589338547
0.2776053644114469
0.27751619841404296
0.2773354220017401
0.2771794340717453
0.2769479804845195
0.2767169779384341
0.27650107812301883
0.2763775725615206
0.27630427944716673
0.2760967073036883
0.2759674453040376
0.2758558888902384
0.2757344154925878
0.27557760031290457
0.27543825729681004
0.2752789332487279
0.2751268890857278
0.2750475037900152
0.2748572892506558
0.274638824457468
0.27448481266327096
0.27431981277703477
0.2742115038079359
0.2740691366369037
0.27382629477828313
0.27367973220367003
0.2736144963241506
0.2734676320299294
0.2733643227566448
0.2733123617670381
0.2732361829870681
0.2731014544803676
0.27294099122715054
0.27287063011872137
0.27277039408276227
0.2726012073405689
0.2725578499339112
0.27248677764145257
0.27242588608785445
0.27231767516350636
0.27225528931276977
0.27225981129698973
0.2722296340176533
0.2720899832318754
0.2720567057180482
0.2719750699813258
0.2719281498228726
0.27195935946928096
0.2719471549798681
0.271759598720296
0.27168523896900176
0.27164937284409296
0.2715457407317411
0.271471998402979
0.2713749291431252
0.27132272573504
0.27116539467678913
0.2710444012755603
0.27095111516123904
0.270885998472319
0.2708023414450881
0.27072121993095566
0.2706368335296644
0.2705721218759043
0.27050053016647213
0.2704748400541608
0.27040815412806607
0.270322421899716
0.27020888242788543
0.2701823742115008
0.27019543687318937
0.2701423597197101
0.2701405731191824
0.27012075475091646
0.27006726236000855
0.27011732120903653
0.2700401085513724
0.2699511094682481
0.2700279719357289
0.27004093502112103
0.26998341912404655
0.26993964269376824
0.26996124198669735
0.2700295439206498
0.2699267006232826
0.26991687118616614
0.26988722666863507
0.26985836546794895
0.2698381707116312
0.2698597509082199
0.26984513000045374
0.26978304837299083
0.2698099982956462
0.26977279330831005
0.2697419301280073
0.26966336873137964
0.26968822655691393
0.26965875227155967
0.2696319859965095
0.26959878247004276
0.26954190889162555
0.26958136260740617
0.2695975736669186
0.26954739333581357
0.26956109526778615
0.26955363011438827
0.2695187070244722
0.2695354807982401
0.269526707366184
0.26950031554160647
0.2695695658332745
0.26962444149643616
0.2696512388276935
0.2696371279769395
0.2696197136338817
0.26958906250522574
0.2696904727561694
0.26967718725729084
0.26971735846042744
0.26978162219808033
0.26978651239307605
0.2697848128636188
0.26985862399545113
0.26981188947818313
0.2698466601207913
0.2699703285208175
0.2699257846495391
0.269935120115148
0.26992365572391386
0.269907112441544
0.26999373146405037
0.2699976915234251
0.2701316248182922
0.27012881178185655
0.27012694271294235
0.27018439121162197
0.2702749285135009
0.2702444765950859
0.27028052682939396
0.27031295116704546
0.2703443757443843
0.27030957695377233
0.2703405658898108
0.27040968341751903
0.27049530716206427
0.2705382943894725
0.2705403746911754
0.2705640376636116
0.2706479833533544
0.2707296570558767
0.2707131488567105
0.2707467603998751
0.27076008963807763
0.27073385104984604
0.2707671060191711
0.2708203138567833
0.2708989208103938
0.2708868480839003
0.27092841194512307
0.27095514908146134
0.27096638403229867
0.2709480013913087
0.27101598423561
0.27105984631531355
0.2710682929468098
0.2711950805403721
0.27125921528263575
0.27132094283367025
0.271356303091561
0.27138479044414254
0.271522447235673
0.27154660748198
0.2716148162284465
0.2717377720663783
0.2717109084045918
0.27173020860245767
0.2718070376541355
0.2719157091385126
0.27205087791491045
0.2720859884773066
0.2721942723809121
0.2722796288543039
0.27236657884685367
0.27235616953804676
0.2723788937897864
0.2724106608103617
0.2724621290347654
0.27254861208540915
0.2726321184265825
0.2727612948252821
0.2728520367073899
0.2729893379505578
0.27301296981620693
0.27300973937792716
0.27304557975060495
0.27314427151702514
0.27326575070913317
0.27329496586754665
0.2733728595385009
0.2734627471048303
0.27352091250633237
0.2735800323977555
0.2736207121772619
0.273694921267992
0.2737406702785161
0.2737703943906814
0.2737949738605917
0.2739092185774451
0.27392085100101593
0.2739641527865685
0.27403418566864546
0.2741350819454811
0.2742214305652678
0.27429400917818736
0.27436908714228725
0.27444086057553163
0.2744743970655139
0.27454598641710404
0.27465689859314857
0.2747509830512337
0.2748893592869397
0.2749594888053659
0.2750404730226186
0.2752193544457634
0.27528827266838085
0.2753623408540702
0.2754357786622812
0.27553862208062563
0.2756501230664502
0.2757287034514142
0.2758127414102144
0.27591935747719176
0.27601903809521133
0.2761071989027901
0.2762531089347531
0.2763171387664032
0.2764303731025678
0.2764953227647854
0.2765361731932683
0.27659685012977875
0.2767110915936143
0.2767552471139424
0.27688509402784545
0.27698639417739446
0.27713798689955127
0.2771949172937288
0.2772464014990439
0.27735379521587733
0.2774212183891064
0.2775210721887218
0.2776444887980595
0.2776659143485404
0.2777594205698519
0.27784118897062215
0.2779270562470997
0.2780563651934016
0.2781374463800985
0.2781864375309123
0.27822157981533013
0.27822324184162217
0.27831210501239567
0.2784480520108926
0.2785645537303456
0.27866969160775246
0.27877446713378085
0.27885413677576676
0.27891906119909515
0.27904465531908085
0.2791143899184818
0.2792017008023958
0.27931062685425456
0.2794114114361046
0.27943746950323056
0.27954530117804544
0.27958394738163117
0.27966789595750907
0.279759620710463
0.27989548735654557
0.27997854475307427
0.28004796889230676
0.28020552006689403
0.28028000413613663
0.2804216008407866
0.2804425450196997
0.2805283447935979
0.2806201992713523
0.2807046840173836
0.2808020215636923
0.2808485845618277
0.28094991722776486
0.2810128297873994
0.2811032439360309
0.2812401866843527
0.2813440403196916
0.2814906928975365
0.28159090100488693
0.281742299466751
0.2818279085330987
0.28191179362815266
0.28197093931186523
0.2820202092470224
0.28211644596032126
0.28221491545201394
0.2822766660983871
0.2823383274163339
0.282439267866162
0.2825302576178901
0.28260787217182826
0.28272060435045354
0.28280185884307796
0.2829039757981735
0.28300694233486734
0.28318328473782317
0.2832610803042219
0.2833756433516772
0.28345075777132267
0.2835403340183581
0.28363521683804216
0.2837739397601492
0.28382853947266706
0.2839294615926815
0.2839710424652797
0.284069496073282
0.28415144479266696
0.28425134609999037
0.28429716830982266
0.28436375046662665
0.2844294190849853
0.28449067371312864
0.28453632373478754
0.2846142452994964
0.28470388354762544
0.2847513350953008
0.2848757651366792
0.2849157758036127
0.28500581150565163
0.28509434235492637
0.2852108158800386
0.28527227618094075
0.28537971892875647
0.2855065132600565
0.28564000907769205
0.28578518129740915
0.28584526040014613
0.2860069855066154
0.2861092328725431
0.2861505014487369
0.2862595473724032
0.28632162123133875
0.2864110065168426
0.28651260315150806
0.28657449993884865
0.28667608569122316
0.28677878009277524
0.28686440373812117
0.28694131227043507
0.2870246787239066
0.28708699758808964
0.28719693721031436
0.2873172318699093
0.2874065369075609
0.2874788084805888
0.28756516370452934
0.2876283553861829
0.28771153013348316
0.28778904549303175
0.2878729384521519
0.28796902086828446
0.2880940338285165
0.28816183676487495
0.2882539656599429
0.28829259061496637
0.28839366524833987
0.28851289208619657
0.2885698918783941
0.28861380819069504
0.2886801154368229
0.2887488777880879
0.28882467764152775
0.2889065090638261
0.2889802143226289
0.28908894117810446
0.2891291413390551
0.28925887750318124
0.28939967681586354
0.289445049182141
0.28957445770876333
0.28966612497959754
0.2897834141984251
0.28988852153330624
0.28993145528397546
0.29000543868521445
0.29006798118395705
0.2901293594277612
0.2902490703513576
0.2903626001425972
0.290417098787483
0.29053287052925125
0.2905972801300343
0.2906890748051584
0.2907800187542894
0.29088867146758257
0.2909552959441716
0.29104097277871965
0.2911661173982354
0.29127537021479766
0.2913616464828942
0.29146756082597935
0.2915364939090771
0.29166112950925915
0.29172879065798574
0.2918357636146838
0.29196830361632087
0.292077505753361
0.29213939139217704
0.2922147837745741
0.2922990638466382
0.29241896115324706
0.2925203441073122
0.29259820820001814
0.2926914436133857
0.2927432850515157
0.2928137478756859
0.29287278801939953
0.29299607871241173
0.293089856805852
0.293197247738719
0.29327304081987005
0.29337511322747145
0.29339441687372114
0.2935095014446909
0.29358761419609214
0.2936434420621685
0.29372644721931707
0.29384025679445314
0.29395375262255474
0.2940540451665836
0.29409240607044806
0.29416831024605916
0.2943002893715605
0.2943363909780953
0.294361825242046
0.29444505285416844
0.2945100630886891
0.2945851544447776
0.29466049388037474
0.2947581193931528
0.29484934483730074
0.2949858188739396
0.29509672703160317
0.29518707328418714
0.29526240677174886
0.2953660707295632
0.2954963670862544
0.29558131073919036
0.29567734025019243
0.295764130914017
0.2958555152245004
0.295958786947475
0.2960393557098848
0.29614934135597304
0.2962451731889263
0.2963322925551165
0.2964329897103376
0.29650603507082385
0.29658408119004476
0.29665037418413953
0.2967780452169373
0.2968370131167468
0.29692383282317825
0.2970079725246012
0.2970999060794677
0.2971892801869741
0.2973218117611124
0.29738069651138244
0.2974860734573559
0.29759931991516153
0.2976503232298402
0.29773991517151976
0.29781959650643763
0.29791459151524724
0.2980239425807938
0.29806514562724473
0.29815773179654614
0.29823097193582615
0.29833777445821164
0.2984386161787743
0.29852604005369077
0.2986035433646619
0.29868974360029543
0.29877336664618004
0.2988782492366514
0.2989432242937935
0.2990498343234309
0.29912059205853025
0.2992006259726502
0.2992943436043791
0.2993515845950706
0.2993693298049538
0.2994447330849962
0.2995298368867485
0.2996279494470516
0.2997466738003529
0.2998073166477011
0.2998744060271652
0.299952423587902
0.300044441141438
0.3001467265590436
0.30024020976833454
0.30028203343151894
0.3003929681630779
0.30049377544019207
0.3005968584861477
0.3006544850491668
0.30070799159075545
0.30080326754161835
0.30085320070710864
0.30094730129460256
0.30100513547479624
0.3010657456402108
0.3011144642362199
0.30120626833917996
0.30131043862773854
0.3013841683581877
0.3014464181656764
0.3015033555622134
0.3015633087478866
0.3016660375565099
0.301736824603016
0.30182662040834063
0.301908844637403
0.3019770214536911
0.30207001964535884
0.3021893482073783
0.3022721344584748
0.30234291756958254
0.3024502491663379
0.3025823534948108
0.3026308124011996
0.3027110211565971
0.3027631848742618
0.3027864708720135
0.3028550641074421
0.30292884683985744
0.3029590279630534
0.30304438705133674
0.3030639979863907
0.3031626207041178
0.3032490365645716
0.30333920976591033
0.303452544341809
0.30352285072118135
0.30358909659728806
0.30368447525960474
0.30375941805095086
0.30382006535658057
0.3039036138664367
0.3039543354891068
0.3040488022071127
0.30412685724924626
0.3042323388923085
0.30429846819629924
0.30439388266771816
0.3044891934783813
0.3045557976233002
0.30465002967562926
0.3047354971124825
0.3048261229069008
0.30489923729636026
0.3049663795938775
0.30503968383605673
0.30509178632217515
0.3051611004001903
0.30525611923507434
0.3053020843937264
0.30539432872273864
0.30546366338746633
0.3055076128445525
0.30556125478087626
0.30561374145714015
0.3056688093486536
0.3057406549636372
0.30579960018704255
0.3058856326184477
0.30590157825975306
0.30598949342601767
0.3060574263001429
0.30611611404881134
0.3061967796391777
0.3062628447067999
0.30637859921453714
0.30649001189946345
0.3065328793169847
0.3065948841912345
0.30671085944449294
0.3067893897762335
0.30684277950468863
0.3069003518525033
0.3069642954011016
0.3070338922992464
0.30709607681639295
0.3071651491976922
0.30726786500988945
0.3073250427717178
0.3073997212506371
0.30744780983053277
0.30748529473883335
0.3075930570514809
0.3076726917922856
0.3077248429026427
0.30776663397371273
0.3078318506980817
0.3079433805358549
0.3080229801514237
0.308115657275583
0.30819634698788145
0.3083059676177756
0.3084113511115475
0.30846278322031473
0.30856322842691186
0.30860000997281944
0.30870440544276356
0.30877178003942096
0.3088033600422424
0.3088809166773563
0.3089388935720101
0.3089436740192497
0.3090320110486686
0.3091235222745674
0.30918724584037016
0.30924477330597167
0.3093370011436285
0.30939446976586493
0.30946904940689857
0.3094987957006191
0.30955639366081156
0.30963895967642474
0.3097082793004987
0.3097870146066273
0.3098675671436134
0.30992753735981715
0.3100081098009071
0.31006191139895367
0.31014969493729116
0.31023776173515827
0.31030001382981176
0.3103904465729789
0.3104283708466741
0.31051941754096823
0.3105602174208789
0.31065354237165466
0.3107388780227126
0.31080527172735095
0.31090177465101176
0.3109718178923797
0.3110624055578305
0.31112908907653913
0.31119484507867545
0.3112480142822336
0.3113228686915389
0.31139765266430897
0.31144272157818464
0.31152247270300903
0.31159909615898107
0.3116411657213003
0.31173333385598234
0.3118040276832511
0.311874858391058
0.31195008384028455
0.3120200640973334
0.31205521310531326
0.3121158887623722
0.3121526525587057
0.31222006941188485
0.31225415964418257
0.31230362971265924
0.31236773126441986
0.31243860885967034
0.31246108761599933
0.31251417489530975
0.31256437397140835
0.31263249266751314
0.3126752099145236
0.3127625990782146
0.31281052461101067
0.31283957523899864
0.31293709501641576
0.3129792958620442
0.3130122502344155
0.3130493702207683
0.31306819295514565
0.3131263135030895
0.3131991017857053
0.31325483971911516
0.313289280865388
0.313369684668395
0.3134390964191627
0.3135014291549647
0.3135902253856484
0.31360982353608047
0.31362715017269693
0.31367014555767814
0.3137275402996462
0.31376829050301935
0.3138198283400647
0.3139049080890709
0.31396400649959044
0.3140055158075896
0.3140528220870228
0.31407353384821113
0.31411134654039663
0.3141498637351151
0.31422449527112173
0.3142842250572325
0.3143512248140766
0.31439819782670764
0.3144446270969593
0.31446700061166777
0.31452294758192767
0.31458971795294177
0.31464278893231745
0.3146801630899717
0.31473939790771444
0.31476890989868966
0.3147966639547042
0.31487084962061196
0.3148885779794508
0.314973385906423
0.31504113945687773
0.31507581250134076
0.3151181048938251
0.3151542883925673
0.3152202092513732
0.3152782124641652
0.3153271139311651
0.31535167069239856
0.31538568480013907
0.31546858027636104
0.3155354736043793
0.31560957890274777
0.3156394713646302
0.3156936045647133
0.3157224137508796
0.3157773913171147
0.31584270927906966
0.315869456953513
0.315899653376165
0.3159470391008766
0.3160211127881605
0.31604550153490507
0.3160770036934366
0.31612860069465265
0.3161929410412
0.3162609306811177
0.31631397350682855
0.3163546472611425
0.31640368668875984
0.31642000051612984
0.31648339401030456
0.31649202800648635
0.3165519817409198
0.3166116339415337
0.3166632314268778
0.3166828173078928
0.31675916513097857
0.31679728252769623
0.3168083393248028
0.3168520236032377
0.3169024198280094
0.31694761125816484
0.317025863888051
0.3170592359796427
0.3170473889201417
0.3171030264379402
0.31714765576397097
0.3171905677115543
0.31724956783092584
0.317298715236056
0.3173431068090513
0.317402555154604
0.31744169808661604
0.3174904436557652
0.31753384701003473
0.31759016823091346
0.3176598004101032
0.31771346532092326
0.3177446702043659
0.31776844042274077
0.3178195369308213
0.31786501692612723
0.31785913426415424
0.31793878687407684
0.31798209832486024
0.31800029043932665
0.3180479209834314
0.3181095392950538
0.31814509655214473
0.31817617824402844
0.31820663342175404
0.31824085138978375
0.31832724400193924
0.3183678340620467
0.3184066283371647
0.31840744713444347
0.3184312841200997
0.3184702673451356
0.3185294970201661
0.318541270451582
0.31855144887908426
0.3185763929975124
0.31862721690211426
0.3186485084211875
0.3186793225935486
0.31869238548207635
0.3187120185227733
0.3187768367901954
0.3187855788846482
0.31879708168781795
0.3188154793473934
0.31883786534234293
0.31886401068919523
0.3188821877027419
0.31891958654342756
0.3189320080122633
0.3189600074368898
0.31900917845440135
0.3190237431989965
0.31904841457773236
0.3190537314320847
0.31908867864127843
0.31911422028060965
0.31911190412770807
0.31912865190669504
0.31918676852092476
0.31920647791416534
0.31925284939734355
0.31929123152574923
0.3192688369224801
0.3193118719331899
0.31932029170997234
0.3193168617034947
0.3193528209257114
0.3193895584748052
0.3194249995852181
0.3194511884720248
0.3194520948073718
0.3194528378522765
0.319481977115755
0.3195034028601095
0.319515943267182
0.31949968762143677
0.31953696587251257
0.31952562760393655
0.3195584452970738
0.3195523917014088
0.3195744778392793
0.31959614174180984
0.31961239628715865
0.31963826359174285
0.3196447268922906
0.3196547811686987
0.3196645889354002
0.319665672216613
0.31965766472164137
0.31970075783334506
0.3196920421246916
0.31971824732134513
0.3197229692192137
0.31975617772935283
0.31977568265633527
0.31979736185862806
0.31980678509126303
0.3198142472535014
0.31983212320372145
0.3198296759464643
0.31983069209232995
0.3198260408035921
0.319876736142259
0.31988655251513964
0.3199068892905865
0.31994069617123444
0.3199569936319554
0.31996240683136534
0.31997738225092576
0.3200014567687737
0.3199741126814514
0.3199606110454508
0.31999241210571105
0.31997996043757904
0.31998298758453003
0.3200242990885639
0.3200706750664847
0.3200990458167938
0.3201064613466008
0.32011415281648914
0.3201225292054125
0.3201382854797469
0.32013525628298023
0.3201696861255412
0.32018615005231554
0.32020762213683607
0.3202200565318737
0.3202348929023724
0.3202202489469681
0.3202109628132125
0.3202095430973244
0.32020235435904154
0.32023654811014113
0.320250282890414
0.32022335017722736
0.3202063341081609
0.32017206380496954
0.32016984124708425
0.3201802264759692
0.32016211719701826
0.32016057347721527
0.32016463111455484
0.3201910269871814
0.3201853548684581
0.3201808309284321
0.32018282235612605
0.32016404282627187
0.32015266968351574
0.3201532071880614
0.3201619779132594
0.32018135437692385
0.32019020452832436
0.3201767184066928
0.320177879061487
0.3201724876380846
0.3201893328936064
0.32016021366366854
0.32017858244322617
0.3201760204463566
0.3201858036496875
0.3201908026668585
0.3201663155268718
0.3201396651262889
0.32015645356291844
0.3201708425750247
0.3201541406242314
0.3201638099210814
0.3201629901234948
0.3201674676963081
0.320138595989623
0.32012393448730314
0.32012120254891885
0.32013111444911113
0.3201467027906397
0.3201491668284453
0.3201560924718667
0.320115773801637
0.32008234478375575
0.32008961057048824
0.32006231978054256
0.32002867695226267
0.3200346361843449
0.3200234801715002
0.32003623835702755
0.3200274503848133
0.3199973731079323
0.3199726117349192
0.3199659264580298
0.3199344678208408
0.3198868251372843
0.3198466253406428
0.3198523444476805
0.31982337782534864
0.3198049503858723
0.31979494090212246
0.31977563479096327
0.31976444823170325
0.3197955014371153
0.3197662075085268
0.319763480663666
0.319771674995439
0.3197778271114834
0.3197684576280241
0.319787964802142
0.3198052348908823
0.31980985469563183
0.31978974383844794
0.31979857187518335
0.31975348602112685
0.31977528790086973
0.31977389764836195
0.3197679061509955
0.3197218446555711
0.31972647563083023
0.3196902396606516
0.31968174715783715
0.3196794081131725
0.3196716802327867
0.31964796361512693
0.3196625437542908
0.31967311741964466
0.3196699242324871
0.3196713945559386
0.31966920563025747
0.3196521737546204
0.3196433852237158
0.31960227992221
0.3195726056196708
0.3195704326654544
0.3195966806949303
0.31957167025762134
0.3195497910675502
0.3195293847374292
0.3195025295808579
0.31945259001687665
0.3194463305376162
0.31944785240676354
0.31941362102156656
0.31937813887451727
0.3193528241186694
0.31933464944546
0.31931167766734847
0.31929536559382077
0.3192387716705819
0.3192284113560738
0.31921504127084666
0.3191932469325093
0.319162821345942
0.3191700154980285
0.31913586096331914
0.31912935600710335
0.31910708364093265
0.3190700953246296
0.31905203382135516
0.31903835415126214
0.3190258989106398
0.31903006014539004
0.31902369468474556
0.31897418848837533
0.31896156342987936
0.3189473581651622
0.31892662518318005
0.318893120780422
0.3188811436964415
0.3188520162312958
0.3188372989327629
0.31880633688495674
0.3188106865713922
0.31878621138428764
0.3187611487375883
0.31876466919459334
0.318704523223706
0.31868485775798394
0.3186616569061488
0.3186623918569086
0.3186552022898921
0.3186610489713807
0.31861468861848685
0.31860207591416134
0.3185854681658661
0.31856166145859743
0.31856127961179936
0.3185423623926783
0.3185111981975317
0.3185050690078717
0.3184877500813351
0.318467102807128
0.3184348941552029
0.31837670333338086
0.31835812599628444
0.3183475881751785
0.31835567986530644
0.318319019121315
0.31828349501417785
0.3182625246939751
0.318253833037776
0.31820851288096896
0.31818421927230767
0.3181438563545713
0.31810574361688326
0.31807461896613465
0.31801433985162264
0.31798701780386907
0.3179543032085883
0.31793401848145775
0.3178904488681368
0.3178678429256303
0.3178512814712863
0.3178195804847771
0.31780417269198813
0.3177825057174818
0.3177342718091418
0.31768077984812715
0.31763854377917744
0.3175926253086836
0.31755900579657437
0.317522985035559
0.3175243863166811
0.31747603296450866
0.31743775261604645
0.3173981220508516
0.31738135944440715
0.31732373775156686
0.3172916283259055
0.3172641779572414
0.31724382987217925
0.3172206736372143
0.3171757964363362
0.3171409301903282
0.31711206453946383
0.3170798705036153
0.31706727598146756
0.31703894004898125
0.3169928597018977
0.31697638401555783
0.3169669761041758
0.3169506377046897
0.31693298537051473
0.3168900498622179
0.3168712508093309
0.3168639786783213
0.31684864058616713
0.31677099308874135
0.3167444090498551
0.31672018804018476
0.3166931974961914
0.31665716278947975
0.31664358298265793
0.3166245306656671
0.3166048339823696
0.31658519413581365
0.3165735799547297
0.31651744672974746
0.3164958420804991
0.3164605284870081
0.31644175715034994
0.31640634932633116
0.3163929450067431
0.3163637971086598
0.3163399426591744
0.3162850375587609
0.31624095508456473
0.3162122650768705
0.3161923941917264
0.31617848493031453
0.31613954188483284
0.31610068965602167
0.31608172108519517
0.3160829374943881
0.3160365877524126
0.31601174362622064
0.3159906110381965
0.3159494866864867
0.3159199669159619
0.31589088356725936
0.31584682638925465
0.3158077210620821
0.31576997488681957
0.31573344233917155
0.3156941531999429
0.3156516644098466
0.315601056377128
0.31556283788150963
0.3155238296451306
0.3154684418616831
0.31544663146272856
0.3154268449231691
0.31538036532567215
0.31536932499310444
0.3153439842671333
0.31531755754557955
0.31527985904167255
0.31524089156471713
0.3151910033809854
0.31516109837905393
0.31507776307049373
0.3150738132694235
0.3150506085203728
0.3150245317929128
0.3149943308320229
0.314973828798346
0.3149337162552336
0.31484526137983293
0.314809284418163
0.3147844155047118
0.31476331240326194
0.3147316281630147
0.31468340106114245
0.3146635992360134
0.3146272361454543
0.3145940341655086
0.3145575902427683
0.314531504708389
0.3145020438085504
0.3144733908772619
0.31444414864811543
0.3143950256810343
0.3143564227539376
0.3143158226919126
0.3142792739168443
0.3142380237640331
0.3142055696314111
0.3141629236463377
0.31414021872720854
0.3141028052352025
0.31408284989049295
0.3140451372270038
0.3140126436945325
0.3139852914416269
0.3139574077740459
0.3138963566307542
0.31385563547144524
0.3138231355303379
0.3137683955865116
0.3137295206022702
0.3136999253395456
0.3136440653412814
0.31363749727138324
0.3135943821867714
0.313556977792549
0.3135290426726062
0.3134920018740458
0.3134553145356642
0.3134334792868658
0.3134008635732827
0.3133615047111036
0.31332203828877736
0.313291135708077
0.3132730440481172
0.313222876769627
0.3131850914345333
0.31313783058845
0.31309536584253317
0.313052554941619
0.3130101938203198
0.31298518819052923
0.31294524556037995
0.3129097991951011
0.3128825773689712
0.31284893762252497
0.3128361719862305
0.31283081923306477
0.31279873337062014
0.3127475735590628
0.3127159335841272
0.31266663350740975
0.3126398022503505
0.3126240286655406
0.3125929087982722
0.3125803234282841
0.31253294286220223
0.3125023664573353
0.31250069965398797
0.3124648094336331
0.31239755646369105
0.3123340812857257
0.3122707289166424
0.31221566722267113
0.312202909795979
0.3121805711923674
0.3121244812709796
0.3120868975122456
0.31204627717962885
0.3120074758270831
0.31194155412348346
0.31191043971364296
0.31187949447189744
0.31184306377428506
0.31179980080160463
0.3117928129282346
0.31174369684633507
0.31173257019161826
0.31168500501143426
0.3116403074132581
0.3115985441764203
0.31155179697866164
0.31151801758040776
0.3114574119172785
0.31140827233288415
0.31136002943657304
0.311299418656904
0.3112567146750592
0.31122127809236133
0.31119125847956675
0.31115997872869317
0.31115731895328314
0.31113469913231206
0.3111147778071137
0.31106654628147945
0.31104979688714995
0.3110173358793391
0.3109655091752507
0.310917497194912
0.3108920916906739
0.31084949700846165
0.3107920023598447
0.3107518616142746
0.3106933996545348
0.3106791360125406
0.31063780296882737
0.31063119587311117
0.3106051796573127
0.31057041558473664
0.3105557918650106
0.31053362001528617
0.3104885799086706
0.310446158011388
0.3104064595030359
0.3103592258222013
0.3103395190145707
0.310266935309771
0.310248721463076
0.3102271617063259
0.3101871793268336
0.31014311857490906
0.3101266373972532
0.3100752010871807
0.31004197653702126
0.3100033226094906
0.3099827270814992
0.3099290896875304
0.30990815609578226
0.3098746964163295
0.3098396672289475
0.30982253265541915
0.30977488172477174
0.3097241539070442
0.30968091344145543
0.3096570163422109
0.30964205837527214
0.3096018784312814
0.30957670986922037
0.30954464292225736
0.30950753617618576
0.3094654564740137
0.3094453122397266
0.3093890333947448
0.3093611983043506
0.30933553263825175
0.30926728251764724
0.3092335746243946
0.3091804625403656
0.3091444191696915
0.3091256602148932
0.30910127947451105
0.30905978821699187
0.3090129582378929
0.3089583001186851
0.3089358618136494
0.3089185309452994
0.30888037109449795
0.30884843602890766
0.30880262437445294
0.3087522742242209
0.3087466258150937
0.3087178738874784
0.3086996730639837
0.30867921087652417
0.30864377444855595
0.3086267666050806
0.308612122211232
0.3085801140621143
0.3085624139808848
0.3085173236472827
0.3084943954336542
0.3084849662343637
0.3084347337686917
0.3083940211317304
0.308368985773549
0.30834332110809004
0.3082915584324224
0.30826482830159907
0.30820610995255115
0.30815091977408937
0.3081077116713947
0.30809444230376937
0.30808107613924074
0.3080453536877128
0.30799792165724316
0.30797369377888395
0.30790180107836496
0.30787973015570747
0.30783790186871174
0.3077889329273863
0.30775130188109756
0.3077239190809652
0.3076537832122137
0.30763380732847967
0.30757546567574023
0.3075470760011526
0.30751305847222543
0.30746419792851576
0.30742596591012394
0.30739107075475236
0.3073491667191952
0.307313226068581
0.30728185547690023
0.307235907771635
0.3072143807189559
0.3071797835692952
0.3071673589641736
0.3071392636926703
0.30709849021115965
0.30706711915695817
0.30703566794438675
0.30698789855326447
0.30695604082382255
0.3069032275896314
0.30687803072961906
0.3068680470249572
0.30682977450187987
0.30678561660732306
0.30675214418216323
0.30673642161440673
0.3066733151937793
0.30660478024805105
0.30658229174476415
0.30655664280384476
0.3065433466701969
0.3065090876216
0.3064693000730243
0.3064431727679544
0.3063873097761155
0.30634745654650875
0.3063336084475379
0.3062921616312788
0.3062745545951203
0.3062548312386679
0.30621753653466566
0.30618920261059535
0.3061533822362499
0.30611214647684293
0.3060754757858385
0.30603718151458037
0.3060179827593962
0.30597439735953735
0.3059431879239163
0.3059214563148367
0.3059046759965304
0.30588991423047907
0.3058325976356596
0.3057739644335221
0.30572969732260136
0.3057120097990732
0.30567618873692903
0.3056584432225099
0.3056163421167798
0.3055772007035851
0.3055331840427664
0.30549876574858925
0.3054635103355916
0.30543790123162384
0.3053913584366408
0.30536392756491737
0.3053344822303129
0.3052981307792352
0.30529050671200286
0.3052317605496232
0.30519651435590334
0.30514659230417385
0.305133231613242
0.3050894696126556
0.30503486446893247
0.30501379259535566
0.30497986166824065
0.30496371164561165
0.30490795000817905
0.3048663090656134
0.3048528971766673
0.3048241149708423
0.30478407934710405
0.3047605743053611
0.3047295142866815
0.30470880431450986
0.3046959083974472
0.30466422648666314
0.3046304353433321
0.3045942963624515
0.30456101683130554
0.30452388556350074
0.3044912945774204
0.30444452755949736
0.30441319215631857
0.30437142995556343
0.30433084508750785
0.3042980847662605
0.30426442399635834
0.3042264758539194
0.3042005854532914
0.3041691146610215
0.30412913092391347
0.3041037420048166
0.3040672156012342
0.30403085614495795
0.30398021468581615
0.3039598993004554
0.3039196085305049
0.30390263068620826
0.3038931325841423
0.3038458726817125
0.3038332630265551
0.3037732801144821
0.30374715237086103
0.30372450845482935
0.3036960381392917
0.30367526331342753
0.3036486951095717
0.30361632777463765
0.30359491892741075
0.30357870184066615
0.30354668898057247
0.3035129793996776
0.3034793020897507
0.3034675515495243
0.3034483684220566
0.30342069294600393
0.3033771834274658
0.3033467344829419
0.3033228060348758
0.3033029912899262
0.3032641813455269
0.30323510268644593
0.30319076629076624
0.30313444821034297
0.30310162917245675
0.30308238420607514
0.30304486980525924
0.30299827241722943
0.3029479723309795
0.30292819654030556
0.3028864384327077
0.3028513528634672
0.30281526479130827
0.3027890845242015
0.30276234280550973
0.3027404048091453
0.3026882367311189
0.3026539229319334
0.3026211179772996
0.302589864243792
0.3025593245384782
0.30253182885768093
0.30248768573038176
0.3024586881332887
0.30243217599621763
0.30237780314167373
0.30235459827529476
0.30232070165007585
0.30228807521034073
0.30226158575390805
0.30223673484885094
0.30220897832329074
0.30217867593958214
0.3021571539706096
0.30213760082441043
0.3021069151076391
0.30206892346993464
0.3020542776946218
0.3020116342943362
0.3019884014613661
0.30193584910289406
0.3018945420250535
0.30186116466780843
0.3018425620211288
0.3018133936468106
0.30180057298147134
0.3017414098252542
0.3017050339413534
0.3016639853020384
0.30163826100465163
0.30159271884054584
0.30156864213630274
0.3015206919226262
0.30146774682374144
0.30141967964881056
0.3013928261985642
0.30138800144888156
0.30134895440287524
0.3013171295886473
0.3012816699870393
0.301247461562159
0.3012067111284227
0.3011651765681326
0.3011464134365973
0.30109652977354984
0.3010760975046993
0.3010448947140453
0.30099650120726507
0.3009491861076342
0.30089257996379315
0.3008577605007354
0.30082740466641344
0.30080709401651595
0.3007869464866697
0.30077300586197486
0.3007502234927385
0.30071386674432665
0.30067642561583174
0.3006517219188072
0.3006301746077753
0.3005958730470385
0.3005323754039204
0.3005134109744336
0.30046975547309507
0.3004433791963296
0.3004126808571109
0.300384709102408
0.3003649761774352
0.30035760925945276
0.30031823710420436
0.30028502565615467
0.3002594473522713
0.3002447986074629
0.3002012530858471
0.3001787807636527
0.3001349452794507
0.3001179950506162
0.3000919757441296
0.300052894039021
0.3000108489373857
0.2999927417471323
0.2999628589450777
0.29993280307886017
0.29990651671253377
0.29988628733233813
0.2998624311578042
0.29983595355128656
0.29981575535938765
0.29979002648625497
0.29976162113110694
0.29974119738254024
0.2997143736504255
0.2997043270183194
0.29968646422213563
0.2996556418140548
0.29964429677642856
0.29963970760615666
0.2995913799445674
0.29956516338862316
0.2995827917645647
0.2995642331107018
0.2995428883840381
0.2995283904041418
0.2995104795949832
0.29948357095529776
0.29944164742500934
0.29942525831003597
0.2993801692989828
0.2993583880135353
0.2993297455850922
0.29927106895777156
0.29924795016247085
0.2992055888315389
0.2991779764223149
0.29913013736410654
0.29912455886034583
0.299095196434111
0.29904487732541196
0.2989982639496854
0.29898272670353465
0.2989627353252903
0.29892507978034577
0.2989139387046156
0.29886349534189194
0.2988343547472967
0.2987700017452186
0.29875820322593594
0.2987393755145691
0.29868031088565783
0.2986484392626355
0.2986147515034929
0.2985940737962528
0.2985956041819574
0.2985661196337701
0.2985368665770135
0.29849283603607624
0.2984459052422519
0.29843010369383194
0.2983962273619921
0.2983424495525725
0.29828690971910077
0.2982609279860381
0.2982315432699475
0.2982127951067054
0.29817545187368355
0.2981498448912112
0.29811422718505287
0.29807409568045806
0.2980485284843293
0.29802377731774554
0.2980143608066059
0.2979608114899136
0.2979369898958434
0.29790678305553486
0.2978803813815667
0.29785723935318853
0.29782099679944507
0.29778807401202223
0.2977759362830299
0.29777560778650236
0.2977327146305919
0.2977183269557844
0.2976927128373511
0.297673002084367
0.2976546523873991
0.2976048455381086
0.2975785484235792
0.2975359328475359
0.29751843533251154
0.2975008093285866
0.2974690619461261
0.2974530185043568
0.29742332230440405
0.2973883352700458
0.29734990460757715
0.29730051855952466
0.29728101730265943
0.2972529712555546
0.2972384165195051
0.2971959001328176
0.2971434275190423
0.2971030721264867
0.29707183797439807
0.2970198587186358
0.2969904020802926
0.29697122076370464
0.296953406763527
0.296919778521341
0.29689890498540794
0.2968420824123992
0.2968113388689664
0.2967622988341321
0.29676018231690704
0.29674221044071514
0.29671254503846745
0.29667892144502617
0.2966409919972828
0.29660414582767114
0.2965755368912788
0.2965247036758716
0.2964996165911782
0.29647525892317184
0.29644723094345127
0.296418463501543
0.2963937019745292
0.29637086520095834
0.29636084807630225
0.2963577073777146
0.2963090760189362
0.2963073738728099
0.29629090412109893
0.2962696556031006
0.29623315868444733
0.2962040673277161
0.2961600432437663
0.296140790005186
0.2960902657030131
0.2960557746360398
0.2960131746987249
0.295984160289817
0.2959448785030192
0.29591236981899927
0.29586690389902126
0.2958179936796017
0.29578756903440584
0.295749885733291
0.29571145027758494
0.29567613236181056
0.2956746261572806
0.2956531045421492
0.295613786756038
0.2955960993295682
0.2955712669077928
0.2955450274944714
0.29551651546759816
0.29546853117490546
0.2954402498138863
0.2954297707581116
0.29540451179478
0.29535318799573596
0.29531605085566937
0.2952789334917516
0.29525037924812325
0.2952009012834155
0.2951803118305144
0.295157824531882
0.2951261035566286
0.2950921403904109
0.29506784480833614
0.2950215046506437
0.2950023217833525
0.2949717816410592
0.29496525098259996
0.2949102115457609
0.2949050056382092
0.2948674766101863
0.29482285921095797
0.2947896735733395
0.294769174401735
0.2947475106258328
0.29473119774468637
0.29470611198430186
0.2946781359457332
0.2946382263377698
0.29461481377284304
0.2946191890663067
0.29458932529713233
0.2945671067545792
0.2945382145566182
0.2944977867929923
0.29446121202903164
0.2944301103801751
0.2944044006151969
0.2943678951269272
0.29432856564447263
0.2943057685178967
0.2942629303948826
0.29425743612848465
0.29421315445396734
0.2941818673764628
0.29416422425084787
0.29413523065265834
0.2941089074860065
0.2940663300880747
0.29403877040727233
0.2940120942354272
0.2939858367064554
0.2939442695394964
0.2939150803253082
0.29390251148895663
0.2938895235611124
0.293863979873521
0.293833202366409
0.29381118019141517
0.2937815557798925
0.29376208652147573
0.29373380521504355
0.2936947016800878
0.2936643797619859
0.29362903627884007
0.29359527117797346
0.29356087198005343
0.29353772261872635
0.2934761085533033
0.29345088230050154
0.2934347615452101
0.2933917009395016
0.29338425228752874
0.29337162809254347
0.29333270668904743
0.2933093790458583
0.2932922765068926
0.2932729953416269
0.2932377864760072
0.29321315189807184
0.2932083292827513
0.2931786569654301
0.29314887421745117
0.2931396484928497
0.2931084131864897
0.2930886631211832
0.2930488534834147
0.2930123715490355
0.2929972844914861
0.29298316608297703
0.29296333663110263
0.29296299100937806
0.2929250882943185
0.2928781131953224
0.29284236092233573
0.29281389157912396
0.29278936286876356
0.2927711239754246
0.29273800547682294
0.29271890307729853
0.292713259339787
0.29268565555280845
0.292637541857785
0.29262479127741203
0.2926179608977183
0.2925782984548758
0.2925473723165515
0.292520513237723
0.29248813705051846
0.2924591132591984
0.2924236188943029
0.2923823300188917
0.2923420325091184
0.2923128116760878
0.29230310063633347
0.29226904186574487
0.29222657857879153
0.29219327282132723
0.2921624744516865
0.29212643998856647
0.292088664634357
0.2920663531308788
0.29204857157774444
0.29201314235112985
0.29198052005092134
0.29194295529264536
0.2919132459127751
0.29190877815863714
0.29188671767048946
0.291873997627202
0.2918325599098279
0.29181743180992603
0.29179014967727446
0.29177552043212096
0.29172546612942274
0.2916924788881733
0.29167305581670644
0.29167109436911665
0.29165096507818067
0.2916182564533918
0.29160900167906534
0.29158795863655673
0.2915614143310349
0.2915512995419862
0.2915379870154251
0.2915128023459569
0.291487226333661
0.29145939563282963
0.2914479006646402
0.29143795015649465
0.2914415346995711
0.2914130979310299
0.2913672524467794
0.2913432522387799
0.2913332778008124
0.29131429486237126
0.2912717123883042
0.291232177703052
0.291214401588056
0.29118443572507113
0.29115824173911464
0.29115251885047133
0.29113879837581647
0.29110234635955823
0.2910666962074441
0.29104019598031095
0.2910299873749378
0.2910048549626899
0.2909820626865449
0.29096701624031074
0.2909426541004162
0.29090669555007886
0.2908781060437987
0.29084525123268856
0.2908294961100091
0.29080212051245524
0.2907722161154518
0.29075252119549055
0.2906986561897623
0.2906864922586284
0.29066457522776423
0.29065351286237706
0.29062064026335954
0.2906144243960792
0.2905879623208555
0.29058319908383834
0.2905616338348781
0.29050622672641535
0.29050006243348003
0.290487158875642
0.29047231352624936
0.290438337265415
0.2904170152286424
0.2904080983712988
0.290382481636683
0.2903733296350731
0.2903622114023776
0.29036280903086453
0.2903434680077258
0.2903393819244551
0.290320438989351
0.2903125688773993
0.2902869691136204
0.29027237326740496
0.2902401349126048
0.29020914166732437
0.2901837230449149
0.2901573060628504
0.29014323367999495
0.2901290471397622
0.2901115408944708
0.2901062936739398
0.2900737594918942
0.2900684402014926
0.2900550491731244
0.2900146545499632
0.28998621554168946
0.2899617734913146
0.28993949141197195
0.2899211600494822
0.28988210269478587
0.28987499060225597
0.2898590289769931
0.289822119323198
0.2898082117950843
0.2898033797444549
0.2897681105833889
0.2897531148815442
0.28974068733630576
0.28972087205549724
0.28969297059441856
0.2896839834009528
0.28965180937771384
0.2896435019658101
0.2896120272714333
0.2895820397765594
0.28956673802068145
0.2895472858211131
0.2895169740802682
0.28951540338314885
0.2894851808946498
0.2894758351049198
0.2894590943159072
0.28942708119157157
0.2894098302842053
0.28940019671753137
0.28938002967589416
0.2893597629278103
0.2893546741740698
0.2893294280011415
0.28931047527804654
0.28930446725596426
0.2892837848972335
0.28926750149042413
0.28925156438098476
0.2892590733325944
0.2892362853218695
0.28923301237690224
0.2892206623023993
0.2892019494442273
0.28917104279430383
0.2891604298014556
0.2891255613722159
0.2891220054228978
0.28911401431387695
0.2890878513009144
0.28907491050012746
0.2890592452057501
0.2890343509197547
0.2890262495846547
0.28900992874350284
0.2889973585557516
0.28898298541226575
0.28894456868136864
0.2889320568516478
0.2889309210687666
0.28892811200325175
0.2889342325962314
0.2889366666429606
0.28892613556566793
0.2889149612435543
0.2888816249263023
0.2888623277020337
0.2888411408053162
0.2888242540987419
0.28880348187823623
0.28878968467088184
0.288778989038574
0.28874578878062873
0.2887047499643981
0.2886722346616081
0.28865040845157897
0.28861201942005443
0.28859016456415143
0.2885626593346363
0.2885421350409223
0.2885336701715733
0.2885351876354414
0.2885199743002542
0.2884960539154027
0.2884916769225827
0.2884705797733592
0.2884492993732285
0.28845509573951145
0.2884490607345018
0.2884289742994326
0.2884115842997924
0.28840587023896114
0.28838832869061204
0.288376756344072
0.2883458189979079
0.2883357858313461
0.2883256163942428
0.28830551660601444
0.2882801648462523
0.28828523534675654
0.28826502169328283
0.2882214838299485
0.28819534460936946
0.2881755350509603
0.2881561590797973
0.2881325642832667
0.28813235171444795
0.288111297990138
0.28809349273845
0.2880908861061956
0.28806292358505126
0.28804015390709603
0.2880258108685091
0.2880208055157284
0.2880156202211539
0.28800955643154524
0.28800979521067316
0.2879867870740813
0.28799749632585714
0.28797456172686364
0.28795473669736316
0.2879518406577919
0.28794109582485194
0.28792946715236645
0.28792386797058844
0.28791690918805657
0.2879180921912079
0.28791914747237857
0.287892461295696
0.2878859236227278
0.2878735828961777
0.287841686570528
0.2878401552788582
0.28782775582456255
0.28780835813166206
0.28780328994108295
0.2877908389181104
0.28780428020282445
0.2877762888195542
0.2877741094126607
0.2877638458136035
0.28775262456139816
0.287733080837289
0.2877174820960813
0.28769374787121915
0.28769757597366186
0.28769908466469185
0.28767710808647406
0.28766001311426304
0.2876665290806182
0.2876573768288482
0.28763932453383545
0.2876390490187325
0.2876212647759455
0.2875954155512127
0.28756287382840984
0.2875357197986437
0.28751592506924983
0.28748967916991186
0.2874967716870408
0.28748802600838796
0.28746902431104515
0.28745872060716127
0.28744334327001775
0.287445820391812
0.2874310110334177
0.28741486536232663
0.28739619461016286
0.2873837860324505
0.2873793524483339
0.28736926265196094
0.2873471120053881
0.28732419888239225
0.2873118502739215
0.287299814755819
0.2872853892476469
0.2872754100381172
0.28725438862765573
0.2872521879502741
0.2872367561455862
0.2872285011162711
0.2872245750374153
0.2872199984307797
0.2872068586024574
0.2871851928271335
0.2871711818170173
0.28717580540550314
0.28716340787907224
0.2871645159687739
0.28715694646873324
0.2871404890864906
0.28714240303940075
0.2871193129044064
0.28711261894261375
0.2871012980858415
0.2870788480321683
0.28704661654530317
0.2870383939522835
0.2870191270484642
0.2870117852412184
0.2869937103737057
0.2869743967598478
0.2869819558831568
0.28697098972379464
0.28695559240972124
0.2869284205148994
0.2869068272200578
0.2868976899833259
0.28689088366894555
0.2868684568845832
0.28686569672691065
0.2868505417541355
0.28683672968051455
0.2868304511039903
0.28682243736297974
0.2868008872584853
0.286790268968543
0.28677553482913987
0.28677723772031105
0.28677346820942584
0.28676721314035936
0.2867540012297407
0.28674236138414066
0.28674752128344816
0.28674525172317245
0.28674064234643104
0.2867519611517336
0.28673286100360607
0.2867198789913822
0.2867062859942816
0.28670494479803255
0.2867047201516446
0.28669261532218826
0.28669402856700854
0.28668779976899716
0.28667317128193137
0.2866703205695531
0.2866488939755313
0.2866324583172948
0.2866180893043496
0.2866094936208886
0.28660510236538916
0.2866021564752169
0.28658797838346484
0.2865747046625172
0.28658092017753867
0.28657688388720715
0.2865716876816551
0.2865815293938384
0.28656590600876075
0.28655950118389206
0.28654541503339337
0.2865468963225991
0.28654606616169453
0.28654599386411594
0.28654943381015696
0.2865539759662209
0.28656164978844445
0.286553607813427
0.2865452805317307
0.2865437062980626
0.28653983328925514
0.28652264256509885
0.2865322224247602
0.286524413336563
0.28652427375586953
0.2865291529280827
0.28652564709477124
0.2865230278575286
0.28651583273618175
0.286495082143178
0.286493337805356
0.28647513241527356
0.28646766999830053
0.2864679760612294
0.28647334546162206
0.2864741566296223
0.2864670962615413
0.2864634213057309
0.28646555397784124
0.2864658215829914
0.28645194643777927
0.2864445225332771
0.286442957952731
0.28645090675692453
0.28645335537643823
0.28644702849149073
0.2864499514876281
0.286464666641035
0.28645894050684595
0.2864549010184132
0.2864578476506142
0.28645038692530744
0.2864447502858438
0.2864317075148082
0.2864373142817034
0.2864166056539643
0.28640722596328694
0.28640207134229945
0.28640675614650013
0.28639552119575384
0.2864026327094821
0.28639170140144454
0.28637879717084946
0.2863675090281349
0.28637526090501875
0.28638897159565513
0.28638778968860934
0.2863794367154747
0.2863767817687414
0.28637097565381486
0.2863703876765378
0.2863770611125934
0.28638113679449084
0.2863887496146241
0.28638146270220033
0.28636644414107304
0.2863632296218447
0.28635521310026046
0.2863513605820377
0.28636580944124024
0.2863545580319413
0.2863424510515593
0.2863361176476489
0.28632882064362386
0.2863117567729112
0.28632052495207505
0.2863136718266608
0.2863132640781295
0.28631515211947967
0.2863224198802571
0.2863217904441361
0.2863103343165543
0.286301278087993
0.2863062824161845
0.28630858602609555
0.2863159074623225
0.2863045884565849
0.28631135490655857
0.28630836368117074
0.2863088122526254
0.286306631036748
0.28629902710709865
0.2863063386958311
0.28630418286824244
0.28630887818683604
0.2862933182190539
0.2862809694467112
0.2862834303041749
0.28628217287592117
0.2862806362402527
0.2862581049348262
0.28625091850472795
0.2862510115882435
0.286234567860126
0.2862497427406111
0.2862450766336827
0.28624737915596543
0.2862583869532275
0.28625722797540887
0.2862612248577058
0.2862522777047899
0.28625097601623173
0.2862755956042341
0.2862579281030203
0.2862682335696779
0.2862706018840224
0.28626411859246725
0.2862655775576858
0.28628000238196083
0.2862754637375581
0.2862703664580045
0.28628073522051056
0.28626425219159213
0.28625437745647364
0.2862628565139639
0.28627129811690555
0.2862766734902834
0.2862572026394118
0.28626062216335824
0.2862609245074935
0.28626227800861614
0.2862502224834952
0.28625168537986345
0.2862601951350825
0.28623862252180965
0.2862513718748664
0.2862488893199505
0.28625076776392566
0.28625565875133585
0.2862560097628609
0.2862518975887397
0.2862571915813992
0.28625744092064365
0.28625987730344205
0.2862683224639123
0.2862593807744368
0.28626356354749727
0.2862569965517938
0.2862652545085457
0.2862876309429284
0.28629457616346776
0.28628783558887894
0.28628966364182706
0.28630103626943004
0.28630659388071944
0.28631573496746776
0.28631674632597093
0.28630224901094814
0.286305478530562
0.2863265745234975
0.28632985224295304
0.2863273246978998
0.2863307873912473
0.28634801390774467
0.2863611384612612
0.2863746619581712
0.28638624912421995
0.28638185069750643
0.28638720878615564
0.28638356239775853
0.2863883876044204
0.28637760614154695
0.2863717629818555
0.2863544399961562
0.2863719625929252
0.2863670502708465
0.2863605579147499
0.2863671213442329
0.28638655271673763
0.2863850093722037
0.286398623516292
0.28639232133217596
0.2863932615391188
0.28638199950533894
0.2863858591500408
0.28637342407808897
0.2863690838741113
0.2863670160763784
0.2863734757039035
0.28637343710789764
0.28639222329362424
0.2863839981339734
0.2864096976028142
0.28641186729273416
0.28640641311353
0.2864144133889629
0.2864239948724244
0.2864341878191208
0.2864365060565498
0.2864493102770197
0.2864484373619435
0.2864615289021082
0.2864634020283382
0.28647057377391283
0.28647359533077665
0.2864745382390006
0.2864649500785714
0.2864551125077639
0.2864459970942602
0.2864408595021234
0.2864410820075646
0.2864537494054926
0.28644814798645835
0.2864506487218882
0.28645712962312864
0.28645717666587844
0.2864600704087674
0.28646354045865874
0.2864531932969322
0.28645789748751116
0.28646534446622074
0.2864787519746699
0.28648665709494014
0.28648959673095253
0.28649299034849895
0.2864963039703252
0.2864996414118407
0.28650159199293646
0.28649819959172296
0.28650521926430605
0.2865119543131893
0.28650916042640495
0.286527138094267
0.2865181133884953
0.2865286938582896
0.2865291133868787
0.28653230069844426
0.2865368330313378
0.28655033526053764
0.28655748432408534
0.2865620278797485
0.2865799131914306
0.28658713078131715
0.2865844928008725
0.28657774377715517
0.2865698065900888
0.2865812765214272
0.28659636568679847
0.286589849117149
0.28659692306966855
0.2865968938026222
0.28660576674908567
0.2866178455705556
0.28662791855224934
0.28661953242739235
0.28661494179155766
0.28661449819522733
0.28664059760873206
0.28664498653121995
0.2866490646183716
0.286660021986592
0.2866698871317592
0.28669312756078313
0.28669192892519524
0.2867166942471142
0.28673895305792496
0.2867469263542709
0.28675068312734053
0.28674103563657005
0.28674618618011793
0.2867640828522293
0.28674992714806213
0.2867643885457143
0.28676065316448585
0.28677104266602715
0.2867750667613135
0.2867857748236148
0.2867747211709851
0.2867713765652946
0.2867784960843589
0.2867722123148082
0.2867961991977336
0.28679357554535345
0.2867968578733652
0.2868115167187195
0.28680021650596754
0.2868090606181374
0.28682389432916167
0.28682902029855073
0.2868362898878629
0.2868385547764484
0.28686287822177226
0.2868741515100608
0.28688226444225984
0.2868992771063551
0.28690048636848187
0.2869124935096111
0.28692532835620044
0.2869378928017844
0.2869415996300759
0.28694137645124274
0.2869349246176264
0.28694281988273984
0.28694753969403886
0.2869682444895797
0.28697202517158693
0.2869776094366222
0.28698438895565836
0.28699577377527985
0.2870176179053271
0.2870201686601773
0.28701864659758924
0.2870242404513459
0.2870389496465213
0.2870353439257377
0.28702711678887427
0.2870324936314188
0.28704399127032687
0.28705941853812933
0.28706487408020676
0.287076909326914
0.2870809123189163
0.28708424535453336
0.2871006874799129
0.2871094157749119
0.28712216881587427
0.28713742825832456
0.28714389579514
0.2871571538432768
0.28717204452085565
0.28719137527303296
0.28720421350653136
0.2872210476546839
0.28722478711089894
0.2872393535948615
0.28724943905036926
0.28725909761721047
0.2872749449623454
0.28727911718712695
0.2872694129907899
0.2872851395981304
0.287290301463771
0.28729117177738195
0.2872889692386347
0.28730540822807316
0.28732126683280046
0.2873302168494565
0.2873433086686069
0.2873381494381678
0.287349175528951
0.287365674570472
0.28737166816780735
0.28738968026671896
0.28739966072220025
0.2874111329285186
0.28741054589303805
0.2874059659986775
0.28741954807900416
0.2874290723385784
0.2874451837253549
0.28746029257161854
0.28745962464110664
0.28746458024956534
0.2874711854500067
0.28749715564017875
0.2875246550565025
0.28752167946965623
0.28752723098622024
0.28753437489273004
0.28754529986746524
0.2875526043058928
0.28756529929815555
0.28756564881348556
0.2875731818125974
0.28758150554719164
0.2875872968577039
0.2876070852112954
0.28760678482840485
0.2876182018839264
0.2876297776894339
0.2876473847402482
0.28765274501950666
0.28766459069283723
0.2876849945117591
0.28769239664458557
0.28769333796672336
0.28771435493519315
0.2877235785153385
0.2877417841967723
0.28775083168274795
0.28776271541010634
0.2877671716278827
0.2877831270457115
0.28779267130913666
0.28779542575171857
0.2878115951920355
0.2878282645239182
0.2878407808410527
0.28785353916198797
0.28786327538523604
0.2878612772828699
0.28786544143892445
0.28788458948404205
0.28789300441434795
0.2878915140790743
0.28790587059575723
0.28793554039381974
0.28794681729889193
0.28796238763579773
0.2879750337328435
0.28798873705350614
0.2880022760155069
0.2880144385149671
0.2880179585815247
0.2880189908864015
0.2880206780993162
0.28802892725059137
0.28802995188393477
0.2880425308747806
0.28805624489088555
0.2880692296619296
0.28807258718407336
0.2880924380601133
0.2881020426357256
0.28810489771303915
0.2881073276994135
0.2881181749638747
0.28811492609782396
0.288128007641682
0.28814370710937254
0.28815889032310504
0.28815791549217107
0.288170337354275
0.28818175101918875
0.288181472848112
0.2881840928583791
0.28819961387808235
0.2882117557882521
0.28822308861500223
0.28823521566015553
0.28825664098521586
0.2882606967166699
0.28827019163199996
0.2882862895898134
0.2882817194574713
0.2882946953520982
0.28830338168249003
0.28831698087589575
0.28833149585321705
0.2883393811545478
0.28835440583874183
0.28838002855883227
0.2883916826555376
0.2883949111219106
0.28839381997090097
0.288412501110237
0.2884196474305085
0.2884236379752205
0.28843149271963053
0.28845876121973035
0.28847522124227754
0.2884848597201256
0.28849399396228415
0.288500634244822
0.28850825578408024
0.2885026889812803
0.2885016405534466
0.2885072876104723
0.2885099261040942
0.28853407803955966
0.2885409580194095
0.28855692200371164
0.288563258560939
0.2885636438857777
0.2885840049367594
0.2885924461298567
0.28861216264841216
0.288620753156555
0.28863159758073653
0.28864781315899546
0.28866646460404044
0.2886716497167445
0.2886768369624215
0.28867923732702916
0.2886950224688031
0.28870954995915743
0.2887205276484889
0.28873515075469336
0.2887504467895554
0.2887518870999608
0.28876434882513946
0.2887729987374642
0.28878704849753956
0.28880567650524513
0.2888279321269023
0.2888374199299658
0.2888389240913707
0.2888475627899053
0.28886260805631325
0.288865449248493
0.28887985414897777
0.2888987477173225
0.288904928618826
0.28891324406654917
0.28892489319162107
0.28893566414614824
0.288947619620347
0.28896737754408286
0.28898231863836354
0.28900308138933484
0.2890128899770217
0.28902760664042504
0.28903774377335634
0.28905928819009485
0.28906820270142397
0.2890700997651313
0.28909063621176534
0.28910545159434764
0.28910349796386536
0.2891092513795933
0.28911830001129624
0.2891306585810913
0.28913697719739495
0.2891390425155982
0.28916511742608964
0.28918374945069314
0.28920654424309566
0.2892101033015726
0.289214626178957
0.28922551832903554
0.28923244328150355
0.2892517161191732
0.28926662974577466
0.28927639973956343
0.2892772758311467
0.2892857404520678
0.28928689618359693
0.2892969796726925
0.28931716023152865
0.2893305052043603
0.28934839941619594
0.2893563471673395
0.2893656026153296
0.2893793844188688
0.28939183265430934
0.28940228943478674
0.28941400803062356
0.28944137333417397
0.2894584074408858
0.28946888025015616
0.28948347179417233
0.2894910466469255
0.28949996100242115
0.2895199153192273
0.28953416520107844
0.28955121236715253
0.2895843104299821
0.2895947606315292
0.28959858322061205
0.28960793858367706
0.2896210682445539
0.2896259628929978
0.289639151212158
0.2896584368921332
0.28966552507035626
0.28967706543504734
0.2896963942765638
0.2897077892350406
0.28973201218492217
0.28974971860730836
0.28975704781583456
0.2897694815372115
0.2897802570353931
0.2897932213138301
0.2897907251309806
0.2898085372434216
0.28983409267845417
0.2898359692665873
0.28985031240164494
0.28985480336756786
0.2898644124632803
0.28988149868615487
0.28990568395256444
0.28990087023970335
0.289920494564464
0.2899397074975537
0.28994730093605636
0.28995430532464794
0.28997939762962366
0.28999509380180954
0.29001799088700353
0.290032755139085
0.2900422747235959
0.29005847857439093
0.2900747051144872
0.29008552590378645
0.29009634149357133
0.29010253904283323
0.2901287351589723
0.29013481797819707
0.29016380618301585
0.29018757825207975
0.29019449457826285
0.29022303528319915
0.29023447577284955
0.29022635580532674
0.2902416086239378
0.290255032134074
0.2902699597175239
0.29029088398370917
0.29030495675973367
0.2903192452832455
0.29033310770294574
0.2903554881821111
0.29036855145084073
0.2903813265855033
0.29040489550653203
0.29042257148490946
0.29043716173586676
0.2904589466061376
0.2904783731607026
0.2904850111852806
0.29050541364776394
0.29051846139303705
0.2905356580356805
0.29054945605348637
0.29056682920910293
0.29056941970087824
0.29058438905877493
0.2906011544348489
0.2906068767205233
0.2906193382986204
0.29064258242397534
0.29066300182702165
0.29068170386505887
0.29069172017390177
0.2907102212218242
0.2907264730571779
0.29074593689454253
0.2907627687185286
0.29077589599755715
0.2907746285478302
0.29078270855604305
0.2908054582845425
0.2907987262180298
0.29081273278617104
0.2908459851134789
0.2908529685494319
0.2908615291933072
0.29087592471114554
0.2908894392815662
0.2909036528054896
0.29092041317936723
0.29093271250086716
0.29095250530676076
0.2909674650473868
0.2909914878504075
0.29101210205040096
0.2910329214522921
0.29104486898186965
0.29105775701642433
0.29108505991426215
0.2911001413365708
0.2911190068099361
0.29114314718862133
0.29113955488304566
0.29114953115743125
0.29117570503436974
0.2912013424447121
0.29122250393774207
0.29123059582926003
0.2912450486258027
0.2912638463230226
0.2912769244779986
0.2912879913895057
0.29131982021786174
0.2913345646846671
0.29135061162826714
0.2913744078130712
0.29138668178092486
0.29141499547940897
0.291421031532509
0.29142823969914156
0.29145018157518754
0.2914611240664653
0.2914770765210435
0.2914805782622303
0.291497943996445
0.29150779941772276
0.2915146285800111
0.29152321995496766
0.29153701696688183
0.2915565493883642
0.2915772739978165
0.2915869408828008
0.2916126490850067
0.29163401471546535
0.2916552444572692
0.2916801215799425
0.2917002187775485
0.29171550035994165
0.29172973190864193
0.2917418729642741
0.29175136222691334
0.29176224711579857
0.29177415595571143
0.291807667780308
0.291824517026272
0.29183906507530055
0.2918541236244524
0.2918731189347632
0.2918799005420579
0.2919051349680274
0.29190998975239724
0.2919288114320392
0.2919517070461176
0.29197607711063867
0.2920059624707375
0.2920286477769911
0.2920442022356512
0.2920634112577972
0.29208154442403045
0.2921034962251575
0.2921140217333845
0.29213385611722187
0.29214061703373995
0.29215448256209087
0.2921719866968302
0.29218256802933185
0.29219308616589523
0.2922029622625869
0.29220846485567364
0.29221284305494977
0.29222546662349647
0.29224084466754174
0.2922494424019928
0.2922525451114265
0.29227279223187297
0.2922873933993022
0.29230167401079743
0.29231934972216744
0.2923266528902937
0.292336438727001
0.29235154897577176
0.2923615876799005
0.29238281147637024
0.29238944563730274
0.2923960128618477
0.2924056360470796
0.29241305766103065
0.2924343362157559
0.2924542112095715
0.2924625114991427
0.2924839610618838
0.29250876212363963
0.2925237566755434
0.29254420854097174
0.29255208619619566
0.29256609802535827
0.2925867624528672
0.2925948198246092
0.2926138136821682
0.29263346888769026
0.2926499425494933
0.29268142088485694
0.29269426742856086
0.29270710281532
0.29272401917064483
0.29273363006515474
0.2927516787914467
0.292779739186097
0.2927943583468108
0.2928139041889485
0.29282579864059466
0.2928317925196293
0.2928464573084162
0.292862015195661
0.2928796219500267
0.2928923833003907
0.2928996645896912
0.2929047264027008
0.292923855026481
0.29292552223045243
0.29292640001507286
0.29293859283024704
0.2929551479915252
0.2929664181782191
0.292983508687487
0.2929952181842749
0.2930040677709136
0.29302136690676184
0.2930370656434438
0.2930467471222934
0.2930519326797224
0.29306180521445935
0.2930653196957723
0.2930754136378918
0.2930813411324089
0.2930988454797303
0.2931026014223367
0.2931175059190375
0.29311930293626975
0.2931440635116773
0.2931532989232467
0.2931597799431215
0.2931765734335169
0.2931926185437428
0.2932063295187578
0.29322519417528015
0.2932477603557724
0.2932722449701104
0.2932865345718123
0.2933023779175413
0.2933017865846512
0.29331511692989065
0.29333335933994864
0.29335808838127164
0.2933763119458931
0.29339200242623087
0.2934177518608374
0.29343465182748685
0.29344916924550646
0.2934687414843261
0.2934828092479873
0.29349499029062665
0.2935049535712009
0.29352188630676046
0.2935341525989019
0.2935440764622753
0.2935666282708528
0.2935926268690856
0.29361537410046423
0.2936369135906045
0.2936537042238695
0.29367507550651406
0.29369002508580866
0.29369825365481084
0.29370897891986447
0.2937336516209397
0.29373958114053444
0.2937689891398815
0.2937859451198793
0.29379626237858647
0.29381645316668714
0.2938326639352772
0.2938382863047888
0.29386062330937934
0.2938729733518214
0.2938780471850041
0.29390848484644716
0.2939274409117315
0.29395394581570766
0.29396815412550625
0.2939869314788309
0.2940046219947522
0.29401431570031655
0.29403037535255894
0.2940574390592334
0.2940715879103343
0.2940899171779363
0.2941116967663111
0.2941302044290447
0.2941381390497705
0.2941533281905264
0.2941651110854415
0.2941866465197469
0.2942046906328448
0.29423136221430846
0.2942434807934675
0.2942636685225237
0.29427328366199645
0.2942908654919887
0.29432125535704645
0.29434185373885535
0.29435514026440746
0.29436965478144905
0.2943788155054592
0.2943840961268258
0.294403906783717
0.2944221603346264
0.29443334018518885
0.2944456071900068
0.2944547430065203
0.2944736043150732
0.294493994225302
0.2945055957867382
0.29452017006110376
0.2945276353909816
0.2945431790704983
0.29455079625979286
0.29457950309113734
0.2945936969779547
0.29460364889460056
0.29461985149175274
0.2946267573474032
0.29463334745966663
0.29465152475194956
0.29465990520315466
0.2946772404517637
0.2946879553401246
0.29470745039085655
0.2947314431546221
0.2947489824676879
0.2947607733153592
0.2947832922093224
0.29478890564905136
0.29479833000459466
0.2948108250955749
0.29482259102678676
0.2948286648270405
0.294843729555774
0.29485129691616463
0.2948625292745205
0.29487187942299986
0.29488775695528724
0.29489927724857057
0.2949286997957644
0.29493463251835716
0.29494215285439973
0.294964812786377
0.29497635245953424
0.2949907395170225
0.29499982839089967
0.29501195109083234
0.2950399184082977
0.2950621817076444
0.2950643790259896
0.29508565417365185
0.2950927160047784
0.2951133621339338
0.295134928347906
0.29514947458201846
0.2951632848101231
0.2951755102521273
0.29519258275456084
0.29521260515053627
0.2952237971136745
0.29522820340618183
0.29524313917066125
0.29525917002414315
0.29526694500925965
0.2952852161623688
0.2953094294972307
0.29531988633354433
0.29534266126782827
0.2953519242848155
0.2953611250742636
0.29537591124947427
0.2953880712584903
0.29540232766548247
0.29541608605781255
0.29543602807737857
0.2954597650107653
0.2954739348619302
0.2954909814866531
0.295516658838998
0.29552860110370016
0.2955421090248077
0.2955498134039226
0.2955576280824288
0.2955687378634445
0.29557712930026037
0.2955779036816424
0.29558787438928835
0.29560011992406066
0.2956121268451163
0.29562198585023647
0.2956399689395003
0.2956506373918858
0.29566490320677863
0.29568426318930263
0.29570430051709595
0.2957272941642981
0.2957385604324725
0.29574676147631906
0.2957642196829333
0.2957759935476155
0.29579024478779814
0.29579150789156716
0.2958213736260469
0.295833340936941
0.2958465245860711
0.29586894628252103
0.29588612907703427
0.29589791133796517
0.29591532686387423
0.2959309867409534
0.2959475249244805
0.29596473714387117
0.2959874364450993
0.29598385902094837
0.2960007767721783
0.296013976031237
0.2960316536125256
0.2960478787010655
0.2960612364798044
0.2960772030017239
0.2960954577322882
0.2961135741869684
0.2961338087839789
0.29614821593990104
0.29616405905082455
0.29617802046105357
0.2961965153352216
0.29619407072721293
0.2962073531851561
0.2962307577728168
0.296233972274737
0.29623882260666445
0.2962580626216479
0.29628372267223735
0.29630683709827776
0.2963199014040201
0.2963372262722883
0.2963493910280617
0.29635648131538495
0.29636896245661803
0.29637958227432815
0.2963967396986301
0.29641378652783446
0.296432609268775
0.29644018804607764
0.29644201878247933
0.2964436688985673
0.29644659078343516
0.29646441632278564
0.29647758023362525
0.2964952267922213
0.29650738709038793
0.2965273520551357
0.29654207095577123
0.29655798115594845
0.2965641416120156
0.29658658421880313
0.2965969730937523
0.2966176441638584
0.29663048271058723
0.2966348594808941
0.29664992291108194
0.29667009202984407
0.2966891880793553
0.2967031525674835
0.2967096265867233
0.29672303950201406
0.2967392833364949
0.29674245186850035
0.29675515446370393
0.29677051938971033
0.2967942188398188
0.2968000393207956
0.2968111186796385
0.2968294038342104
0.2968444715506212
0.29685813493672664
0.29686624322535426
0.2968814838577398
0.2968954525399642
0.2969010805406833
0.29691853129620516
0.29693239186683873
0.2969469591782852
0.29696021045237253
0.29698747196587616
0.2970047311153746
0.2970150925555457
0.29703922205507105
0.29705618233290154
0.29705997008712437
0.297074246026529
0.2970938202131541
0.29710000000000003
0.297115440155864
0.2971313252274921
0.2971586157967919
0.2971582357713419
0.29717617753685244
0.2971891510480249
0.2972051397972819
0.29722113550349427
0.29723812936990235
0.2972553421870223
0.2972830110934024
0.2973004699634244
0.29730742845512936
0.2973259991724496
0.29734092711743865
0.2973455697559485
0.29735974008917254
0.29737381127826235
0.29738614748550685
0.29740440467422813
0.29741014217273276
0.29742056512096793
0.29743497326775414
0.2974425088319397
0.2974547669487638
0.2974667581586784
0.2974827816519684
0.29749620722692893
0.29751350689369316
0.2975202322619017
0.2975312010631779
0.2975525659092444
0.2975622371238489
0.29757828215391324
0.2975899955503245
0.2976040945656532
0.29762365389268564
0.2976419008055907
0.2976558314734037
0.2976700964856901
0.2976744656614282
0.2976971983283916
0.2977161802328099
0.2977267481621013
0.29774140487165845
0.29774248239962586
0.29776101332343663
0.2977888554918475
0.29780639651284
0.29781500828906693
0.2978303677846226
0.2978456932564775
0.29786444380142785
0.2978719689760504
0.29789317107577173
0.29791497026259495
0.29793328704615907
0.2979478152015672
0.2979577020824641
0.29796681655419044
0.2979806111039268
0.2979986032703028
0.29801182627138667
0.2980161350888092
0.29802730538381594
0.29804665132087715
0.2980409563603611
0.2980659588211295
0.2980854635840703
0.2980956150236347
0.29811399171923947
0.29812253092829155
0.29813959587864125
0.29815364340250683
0.2981746382792436
0.29819173548460187
0.2982049034936144
0.2982154779294095
0.2982259198376427
0.29825145692581756
0.298267456454382
0.29828370453703734
0.29829568582271415
0.2983099960815675
0.29832291934086175
0.29833381363973877
0.298360547155299
0.29837199941825643
0.298390076870367
0.29839343303785204
0.2984085383708005
0.2984305594696339
0.2984520774411936
0.2984620669217647
0.29848367700575396
0.29850838837281957
0.2985304813123134
0.29854553109338033
0.2985631731875408
0.2985704718100114
0.2985985233094439
0.2986004562695048
0.29861217966204967
0.29861748583332615
0.29863346707751837
0.2986518538767218
0.2986640425784155
0.29868359250056054
0.2987024282136075
0.2987127678014193
0.2987199140835243
0.29873354609612823
0.29873866043487596
0.2987587674481391
0.29876844336411956
0.29877656440172273
0.29878841529993094
0.2988010621806868
0.29882211098598677
0.2988342759766117
0.29884388163839515
0.298851554883208
0.29886676400039036
0.29888097290800864
0.29889879448214274
0.29891222360174863
0.29893319511523875
0.29893877602796115
0.29895835716170316
0.29898033432670124
0.29899864570193624
0.2990170348378556
0.29902321066694404
0.29903668957017804
0.29904520292749204
0.299057456830085
0.299061237362484
0.2990759775845099
0.29908581276956625
0.29909520803827383
0.2990959049584865
0.2991023351995601
0.2991242609836059
0.299145367892917
0.2991624783036738
0.29917469780218386
0.2991844885366972
0.29920222148411435
0.29923133908674227
0.2992475157093989
0.29925358485337983
0.2992566288973256
0.29927084472272103
0.299281940964473
0.2992969241049045
0.2993172151126281
0.299332010859899
0.29934842302351716
0.29936392730510375
0.2993843740174045
0.29940181802167454
0.2994149770824782
0.2994259832663715
0.29943926896270556
0.29946169424105895
0.29947093284678106
0.2994871046687414
0.2994978390085089
0.29949886708707607
0.299520570111399
0.29953141672881434
0.29954250693715645
0.2995535613694479
0.29956054150380496
0.2995723689646249
0.2995805020073131
0.29959765984253073
0.2996157044938028
0.2996282579633449
0.2996523061724464
0.29967414564298445
0.2996910337316383
0.29970671603660504
0.2997134884818764
0.29972604871750896
0.2997432166213363
0.2997596393561175
0.29977129355017273
0.29977833741057425
0.2997877932099463
0.2998092211550972
0.2998266822333915
0.2998383408176455
0.2998535140328886
0.29986945443887303
0.2998764533750393
0.299890135134254
0.2999036313960036
0.29992844894883386
0.2999387420745574
0.2999561350318892
0.2999625470253241
0.2999755167921446
0.2999919280380211
0.30000913727616385
0.30001948504478737
0.300043755388419
0.3000603685644665
0.3000677811291729
0.3000887589943796
0.3001108828847202
0.30012521070725173
0.3001404248016112
0.3001543024247265
0.30018204358653877
0.30018711077738924
0.30019742415643835
0.3002081647246332
0.3002277426429246
0.3002476738891141
