0.499950000000034
0.18960029893370367
0.287654447584862
0.340529675096372
0.3919700173273991
0.43014979116254637
0.45829363719545924
0.48005860438170755
0.49794912704451344
0.5100857331291039
0.5192203177555132
0.5262624524561756
0.5317475848702253
0.5365958103610943
0.539625113811361
0.5425964944743773
0.5439935794378142
0.5435751193684756
0.5449222472595693
0.5449903795874254
0.5435990099218679
0.5409635266637371
0.5403823913884566
0.5381832123969538
0.5362274746090494
0.5352989917043601
0.5340931665702017
0.5322618000108945
0.5298123335044145
0.5276205147332711
0.5257200229027683
0.5241251380954003
0.5227978042326287
0.5200803913302028
0.5180758306810207
0.5157437466760795
0.5134516717147382
0.5117256388690894
0.5093314484103818
0.5063933280848774
0.5038711524377606
0.5014197950820597
0.4988750021463758
0.49612401384207727
0.49364945736613863
0.4915716588777901
0.4889586961792731
0.48588471772595065
0.4831139487022843
0.48064722817788297
0.47692587893419625
0.4745334558294443
0.4726851333593034
0.4701367117946714
0.4680479335179407
0.4662966089521363
0.46442922024343736
0.46298355229767363
0.4606223781645338
0.4585316022877609
0.45658431711652214
0.45473628984602543
0.45265290253494483
0.45101728960971965
0.44876808859109374
0.44731968731669836
0.4460360335056407
0.4445558809912801
0.4430770711780502
0.44142084920895464
0.4397063913649578
0.43796180919010075
0.4361764978627477
0.4341884569999763
0.4327005897563433
0.4314164968478651
0.4298700426306612
0.42804128518641527
0.4259922131663918
0.42455901760451153
0.42313790998484546
0.42193702328712623
0.42004893811101773
0.41824154322308105
0.41689731745936554
0.4155908893998149
0.4139856671240417
0.4126421790112429
0.411270814862037
0.41015240751949733
0.4089599037877032
0.4073538528260422
0.4060964530411316
0.4045975572921158
0.4034771721702186
0.4024597026097678
0.40120498810570393
0.40034600105444884
0.3991086407295781
0.3979316190519828
0.396620876500428
0.3955954502741347
0.39462371980003463
0.3937130604760193
0.39213873906872865
0.39085289035853066
0.38985750222698834
0.3886380880235204
0.3875216210652469
0.38638880807664444
0.3855182407546457
0.3845748705770162
0.3837814197513514
0.38047687853831724
0.37959595931602663
0.37849665910313934
0.377452885070935
0.37666909135938487
0.3759236022053468
0.37463504108046697
0.3729207428126273
0.37185778778984635
0.37084136978161686
0.369970531577817
0.3690010861730455
0.3672906459762203
0.366179410250967
0.36525830468408604
0.36455511586593914
0.3635664646861865
0.3622622255358947
0.36153310317236365
0.3604136563895193
0.35953241315005535
0.35863179935602363
0.3577394576958072
0.35690026248761286
0.35586248031373646
0.3551952556852359
0.35437681501663876
0.3536955289919188
0.35284248470232293
0.3521823738198878
0.3510016404783708
0.35021137357509136
0.34931606371840285
0.34847811962179465
0.34752944643436023
0.3466398971903807
0.34566919335542623
0.34458031511678167
0.3435989542126202
0.34283585307677844
0.34218123563332214
0.3413159602057758
0.3403666535599339
0.33956939571180667
0.33901412612382054
0.3382920212031588
0.33757186704507103
0.33653695973775255
0.3359171356748626
0.33502733704041365
0.33415953798233866
0.3333821062305603
0.3329425357623069
0.332224703970465
0.3317359395855384
0.330926425115709
0.3302000115866254
0.32961737410885716
0.3290083240735676
0.32833911228234847
0.32739482455935676
0.32697501211552404
0.3264773963075477
0.32573754251497933
0.3251361776279317
0.3242786607147329
0.3239467165583595
0.3232178687443651
0.3228069776606064
0.32211945079420556
0.32132527975663283
0.32050839655990315
0.3199336240078121
0.31908026175189896
0.31836111976728954
0.3175990627754013
0.3169791904383179
0.31618895486991216
0.31546550443501875
0.31492558628145995
0.3140877235310874
0.31327896911331055
0.31264661191877285
0.3118053944714453
0.31098288281011965
0.3103803538453732
0.30962595246202373
0.30884457226615336
0.3081820703767816
0.30780928262289264
0.3072134079543528
0.30641919416893637
0.305883147319833
0.3053380799350027
0.304844842212158
0.30417356242895655
0.3037625263226623
0.3030460029112535
0.30253587492782863
0.3021305954743383
0.3014603548537008
0.3009764871355528
0.3005848038841472
0.30028364871118984
0.29977023511510126
0.2989949533991437
0.2984113523137403
0.297634855556145
0.2973431646277407
0.2967445982510004
0.2963872667953693
0.2957781737934404
0.29518983750152994
0.29485593766028095
0.29414154234025114
0.29351584930905517
0.2930829557496627
0.2925987047839116
0.29215812849417233
0.2914377319382364
0.2908693075945151
0.2905179349443243
0.29017351938857483
0.28987182270290235
0.28952908011392897
0.28893126390866375
0.2883629364692698
0.28778708349722926
0.2874764265504255
0.28709364907650015
0.28657160727195286
0.2860796080336776
0.28568204883297166
0.2852941408466615
0.28490673768806485
0.2845447774062696
0.28406196698903075
0.28354471824222416
0.2828524757557498
0.282511278529073
0.28180342973011374
0.28143928787874606
0.2807980126354591
0.28036337504484476
0.2799622334127687
0.2795738855412909
0.2791593018540286
0.27889333563010765
0.2786656625066589
0.2782011092582589
0.27780983298578654
0.2774590763005531
0.27711426925229277
0.27683901689708723
0.27654454091177194
0.27611878938498524
0.27565030696082815
0.27532107910599757
0.274886102933639
0.27454249497517447
0.2742843799288255
0.2739768446092842
0.2736878767703652
0.27341670532746853
0.2732143276501342
0.272856127259516
0.2722845657754702
0.2721066274397014
0.27192465298074797
0.27154360761508556
0.27123013980352795
0.2709012628864922
0.2707588891732088
0.2705452411421625
0.2702999488279044
0.27011253868511775
0.2697934838590218
0.26949287866791327
0.26935065530826896
0.2690740114368295
0.26877213829497026
0.2685134617218682
0.2684373362003658
0.2681771190901068
0.26799527215418506
0.2677352881647671
0.26771696103828
0.2674828393712354
0.26736453760290635
0.26690338264682967
0.2668226012766485
0.2667935907667044
0.2664664074305021
0.266262914754792
0.2660222593005298
0.26587559921125403
0.2658369851507225
0.265713928788218
0.26546010565517675
0.2652253565499175
0.26493580302801034
0.2648829286805704
0.2647676044613888
0.2646294353305332
0.2644295404254423
0.26422430514201267
0.26412559701818805
0.2639939097229942
0.2639304041929682
0.26387477578401275
0.2637771701255939
0.263535519630819
0.26355163536014736
0.26342351119501306
0.2631708998093246
0.2630346365418308
0.2628503572034129
0.2627957988297729
0.26270466616088717
0.262611752608385
0.26251544995709364
0.2624177888502345
0.26226361389706854
0.2621530444652881
0.2621734023784371
0.26188992761494834
0.26201105307085704
0.26191112777824943
0.2618988906223908
0.2617503161553092
0.26165794142633225
0.26157226482674756
0.2616343139693462
0.26164657219298415
0.261615326886965
0.26160006777085754
0.26151527627769433
0.2614475896566051
0.2613681213255503
0.2611056542008152
0.26101354868637305
0.2609224750174398
0.26105791471096773
0.2610196980370947
0.2610527003922347
0.2611916730928642
0.2612888038678043
0.2612156910547794
0.26125661677369694
0.2611113083537777
0.26103599897464047
0.26104166636034987
0.26114737568584223
0.261063499931239
0.2610715074201009
0.2610183280416436
0.26129644907224736
0.26129954188653115
0.26122192395031163
0.26126768616238094
0.26123442073319114
0.2613034802632185
0.26124170559480164
0.2612107692616188
0.26128549053216543
0.2612668415309546
0.26113553897087793
0.2612069201104835
0.26100588149977133
0.2609781707636877
0.2610468344211091
0.2611244487343638
0.26103262964263974
0.2611812816897541
0.26117037396525533
0.26123045060609695
0.26043817078931975
0.26052160941332736
0.26033870618963595
0.2604439749125639
0.2606223447960573
0.2606518839574934
0.26071886166109837
0.26074761722336026
0.26080095310534246
0.2605858371562191
0.2607546207423195
0.26063403715125444
0.26069477703206534
0.2606839725877452
0.2608821857121246
0.2608998133713549
0.261010757318373
0.26104783026237555
0.2610412681433426
0.2611967818885089
0.2613512274341001
0.2617214756603229
0.26174407780470155
0.26199419301725124
0.26201096337413876
0.2620411133452205
0.2622728547493842
0.2624383972714738
0.26264093645746334
0.2626484455834097
0.26264310507463406
0.2625153586031207
0.26259318139875354
0.26264610971865354
0.26272544520172836
0.2630034908291029
0.2631230687630749
0.26320137480151184
0.2633621177277108
0.2634058465785638
0.2634887017293275
0.26357098548608127
0.26376234429284073
0.26387667556495054
0.2640649560365895
0.2642377134459972
0.2643127853029872
0.26459109402796266
0.26447243662068975
0.2645277470570616
0.26462404268928585
0.2647826300912862
0.26491292240574804
0.26502576219319285
0.26520369844834635
0.26533703768538164
0.2654272774277747
0.265484969472893
0.26561408918811935
0.26589924827672606
0.26591923325275935
0.2659111178717737
0.26606455362756154
0.2663261890509906
0.26646672129093074
0.2667277355019164
0.2668943507993835
0.2671083330786084
0.267334028341388
0.2675373789791724
0.26762987338553657
0.267587007739192
0.26778000113375044
0.2678714059753976
0.26796414550942516
0.26814395638129995
0.26847102882659224
0.2685992435601233
0.2686879229952942
0.2688366586520219
0.2690136185944899
0.2692828579444786
0.26938139549113316
0.2695303103298461
0.26966145414312326
0.26971144967499017
0.2699469172932911
0.27009232599373556
0.27018052920462343
0.2704905622416204
0.2705671497220946
0.27073545493218376
0.2708187863542384
0.2709646860561292
0.2710046700447378
0.271194548163301
0.2713913907893778
0.27149578657374496
0.2715228486180018
0.27152274747870053
0.27157440347482376
0.2717962488584472
0.27190611246737884
0.2720088494015921
0.27225034512828794
0.27239810567679845
0.2725574653092838
0.27260801683826985
0.2728603905570991
0.27293845029353536
0.2732399186288259
0.27340285199758596
0.2735968157186397
0.27352693550793694
0.2735787177583222
0.2737356006608218
0.2739112582065306
0.27413637673178515
0.2742968735606881
0.2744474915203473
0.2747682844135537
0.2748677968366663
0.2751340201013841
0.27524211734039317
0.27532058364375067
0.2755424227990656
0.27559129226869994
0.2756135332120563
0.27589984811609103
0.27609680435296324
0.2761240114003852
0.2763027136315471
0.2765159663253052
0.2766979138093064
0.27666267121892674
0.27688091088063305
0.2770311358482992
0.2772243197862879
0.2772677776096656
0.27741773807286685
0.27752317246293334
0.2775680642821651
0.27740829551038937
0.2776081208949799
0.27777005846981806
0.2780598855933136
0.2779939258646543
0.27811414367569465
0.27815163135941234
0.27824952925062585
0.27852855363946305
0.27868234152296756
0.27883829739008215
0.27897831548869567
0.2791992492893228
0.27933847483602614
0.27924482741821754
0.2793827570083739
0.27955753411456163
0.27971252729119966
0.27972807535225197
0.27984570333479974
0.2798694677126593
0.2798979279612158
0.2799592223389953
0.2801735211796281
0.2802869637885068
0.2804207578135989
0.28053509411393696
0.2806496681207161
0.2807879517425784
0.28090631096145446
0.28107428368827847
0.2811890206743869
0.28130293905158177
0.28142529998550536
0.2815377252184368
0.2816316051359279
0.28172816934907285
0.2817069120867731
0.2816952053789735
0.28178200488821525
0.28191911907370626
0.28196041932378524
0.28207787468572976
0.2820181645693218
0.2821277790557354
0.2822251272537776
0.2825376486659651
0.2826484114768951
0.2827465305785586
0.2827746918481532
0.283005798020008
0.2831424953782695
0.28317727544492977
0.28327959415132653
0.28330351914290863
0.2834916184386834
0.2833697841084144
0.28323993709549333
0.2835542103340283
0.2837416148731189
0.2837725369504541
0.2839170543071603
0.28421400972884425
0.28441843106056097
0.2843642892338931
0.2847454793456221
0.28493953806657546
0.28514093009986374
0.2853068264437031
0.28537979442931904
0.2854841097408165
0.2855912430301355
0.2856055546570395
0.28577492805821825
0.28599894872946285
0.28610937998783126
0.28619973681952604
0.2863034085163386
0.2862385490831859
0.28623119852676393
0.28624662217342944
0.2863202386218474
0.2864410898018037
0.28655405923183974
0.2866865650348732
0.28667123490017676
0.2866006539467624
0.28669604158065154
0.28675100687516375
0.2869322843520571
0.2869585519919937
0.2871433829925174
0.28700974482953356
0.2872303284879081
0.2872014018501776
0.2872069348362244
0.28719839680301407
0.2873680860298883
0.2872777708734172
0.2874292034238034
0.2876081694373479
0.2877060577856455
0.2878181942412652
0.28788421466407865
0.28803023263734273
0.2880555962612805
0.28809823381752453
0.2882459316135505
0.2882053283045609
0.2884037550220252
0.2885239127637481
0.2886751427525862
0.28886666098410363
0.2890266273141917
0.2888986267517112
0.28900315929186005
0.2890577011449248
0.28910080191497145
0.28914440992940915
0.28915190795680557
0.28922225074956676
0.28914371118772764
0.2892680311963116
0.2893890144288134
0.2894052437407918
0.2895220362988298
0.2894997525720644
0.2897002697318578
0.2897703067596933
0.2899048080607374
0.2900555473772969
0.29016923804367534
0.2903088375466665
0.2904109430270533
0.2905344491890367
0.2907414973557788
0.2908647051992652
0.29088798603598265
0.29108867235584734
0.29131499854214316
0.2914452359790769
0.2915745913815705
0.2915808425696045
0.2916142576050763
0.2916813209466671
0.2917281721587721
0.29185613259643906
0.2918883924408562
0.2919345556234558
0.2920238186048185
0.2921334101389884
0.2922291264846796
0.2923422646517767
0.2924505966148897
0.29261743187503453
0.2926810204766187
0.29290398808410056
0.29293981217527476
0.2929779789171124
0.29302658653643365
0.29313731744471494
0.29299664986712115
0.29284338013284583
0.2929017496129199
0.29295031323660814
0.29293200698998867
0.2930419727244217
0.29322072381785114
0.2932814193921922
0.293092219808716
0.29317115582819653
0.2934865276982924
0.2935226347729394
0.2934982145703575
0.29354468546199275
0.2934224499174125
0.2935408748193924
0.29360145970041474
0.2937869307435955
0.2938336163489045
0.29390211731275917
0.2939668639926535
0.2940091774744208
0.2941323399761482
0.29395052496385354
0.29414951585128046
0.29439057327529483
0.2946131320199118
0.29478056538408837
0.29489342645565975
0.2949017154316361
0.2949742041376139
0.29509700237353176
0.2951428739838685
0.29525199832638205
0.2952531745734549
0.29517516783297615
0.29527910854330786
0.2953222039541066
0.2954492435109304
0.2954637555441605
0.2955352399201565
0.295591660108924
0.2956299683215011
0.2958009736828533
0.2958598774746628
0.2960879244336708
0.29616651482383316
0.2962862034523781
0.29617290163896404
0.2962871964588232
0.2964572828015186
0.2965553158517029
0.29661213019196764
0.29668487650837916
0.2967486842052741
0.29683993461358316
0.29696417913952156
0.29672204802762814
0.2965296373299139
0.2967777648868668
0.29693228443059594
0.29699418866920535
0.2971302752679219
0.2973306312220473
0.2973896856788164
0.2973169958527748
0.2974857942406969
0.2975575572322303
0.29765882906979324
0.29785741561573176
0.29794577395996014
0.2979678915334316
0.29801619809898616
0.29805352830772736
0.29814446755333723
0.29824314211641423
0.2983754831961958
0.29836354887272665
0.29855273663013604
0.298594050872946
0.2984701462195981
0.2985110614837597
0.2984789284821967
0.2986218179839727
0.29869603487882024
0.2987449593470385
0.29876115250395685
0.29864787235674817
0.2987968474167516
0.29887122700069335
0.2989555675930534
0.29905676355467503
0.2991856529362109
0.2990235503821205
0.29908148175726457
0.2989998177419505
0.2989810164281348
0.2991247623206743
0.2992685287147996
0.29929203573035945
0.29941812390646627
0.2995920003185817
0.2995129926996176
0.29960073830205647
0.29976966167928754
0.29956154227319276
0.29954103179502956
0.29965165138071026
0.299757092573226
0.2997769309682774
0.29985259917416396
0.2998754507978869
0.2999899777139735
0.29985425299319224
0.3000380436829553
0.3001181444185924
0.3001243727618482
0.30007900735940063
0.30020208728476294
0.30029191008413003
0.3004348221495893
0.3004804195473173
0.30046880406694965
0.30047605303237157
0.3004739351096548
0.3003599975104626
0.30050320159918376
0.3005362552152756
0.30066168248486114
0.30063505945154656
0.30070261698598866
0.3007242152499574
0.3003297753562134
0.30046478361592643
0.3006039935406236
0.3007832828797242
0.30083019221724105
0.300793034271468
0.30084306401241623
0.3007816976079043
0.3009387125101922
0.30096662131714236
0.30105273471098115
0.30117339743077587
0.30126442756422445
0.30139114600049943
0.30140828073823467
0.3014578127530696
0.30158063798356494
0.30164467512913107
0.30164248866530563
0.3016048865693651
0.3013435739718192
0.3012652399561083
0.3013162917607257
0.3012602442852542
0.3013302096199686
0.301419718958583
0.3014755475474483
0.30152406234327245
0.3017432344928258
0.3019166683913891
0.3019091971224295
0.30193928305745377
0.30209809850626546
0.302099173447132
0.30211507378295177
0.3022465451794172
0.3022279046888967
0.30218793929764654
0.3022736762304371
0.3023680991754678
0.3024167083297057
0.30253270886365546
0.30266286839736
0.3025644633622304
0.3025214568302034
0.30252963473683947
0.30256814227209095
0.3026689864704931
0.3024831589037028
0.3025382412008879
0.3026203248035785
0.30273543808511216
0.30280564603149807
0.30283983819008975
0.3027419157931891
0.30283203361118705
0.3028740053134146
0.30308788928322017
0.3031226666320731
0.30320533307398767
0.30322873164451536
0.30330019780811923
0.3033594247170355
0.30283239164765297
0.30271853665040116
0.30267094561540664
0.3028961062348029
0.3029632982926955
0.3030938741608866
0.30310094954434486
0.30309154154743545
0.3030505615759057
0.30300291905890797
0.30324840759515825
0.303408107161835
0.30328112720206146
0.30324201472069356
0.3033209581938584
0.30328612771733143
0.3032987223218392
0.30313745613283105
0.30326452508115487
0.3034222765783321
0.30333476221314803
0.30332138808192
0.30343623104091466
0.30351501429735395
0.303594860288248
0.3036371190439935
0.3036191444797215
0.3038260985054876
0.3038504155279743
0.30404494877418675
0.3039355101150163
0.3038251123539396
0.3039172817132012
0.30398352350037505
0.3039987781998268
0.3041727877330931
0.3042133086386005
0.3041138762020208
0.30418322617001636
0.3040614393659855
0.3041743903091386
0.30433500000210834
0.30437434307858846
0.3044857068996826
0.3044473021673506
0.3045441348861253
0.30463863826264825
0.30466438551332997
0.30473186901570537
0.3047329255354507
0.3049364038409167
0.304999576387438
0.3050828135336251
0.30503998154505585
0.30518130961024026
0.30508381754697933
0.30489361719923336
0.304894316425563
0.30489618540002994
0.30497078486553797
0.30489870200576474
0.3048679666256189
0.3050038648002277
0.3050199044644525
0.3051439178788925
0.3052840236627018
0.30534302645357514
0.30537251829386114
0.30551517248023385
0.3055854981547056
0.305498170429758
0.3054622807809616
0.3053785596899604
0.30541502154438027
0.30569213476277446
0.3057095953772716
0.30548820442062574
0.3054214911711628
0.30556593540011867
0.3056246678620804
0.30554953273804597
0.3056858438440798
0.3057163950202658
0.3057199152013783
0.30585095741888957
0.3057686767404576
0.3057395329459768
0.305743423436482
0.3057467573095749
0.3058141349382245
0.30613966835983575
0.3060912965318041
0.3059272223994908
0.3059422821621127
0.30596492645754925
0.3059379851329316
0.30613557233123334
0.30598499317874706
0.30605648101333727
0.3060550557850896
0.30617820331825196
0.3063344545545972
0.30638745563162284
0.3063002431303007
0.3061611031701892
0.3061115708634584
0.30621566353873597
0.30616693436214226
0.30624371088979896
0.30639125736438555
0.3064613901421358
0.30660439815862084
0.3066947116197485
0.3066381918702431
0.306415561125822
0.30636209115809265
0.3065348360826299
0.30666113458500965
0.3066756764743662
0.30673463452029215
0.3068274841545485
0.3064902488449277
0.3066033301848369
0.3065594847677029
0.3065579713217048
0.3065481748720166
0.3065763248528165
0.3068135631153118
0.30685954975271557
0.30686213998912637
0.3070083099475962
0.30714408007282
0.3071491589832007
0.30695704473138474
0.30691467052150123
0.3067300218676948
0.30680202806414114
0.30687830878573474
0.30689181732222837
0.3069126715542668
0.30696055056738136
0.30703730761113834
0.3070686253492114
0.30717132617395226
0.30724559857692746
0.3071976863215713
0.30715468082257846
0.30706450359835724
0.3070575160327841
0.30714689148544294
0.3072008944931651
0.30728899444197355
0.3073527920871396
0.3074365306847797
0.30746221360602655
0.3075162060725116
0.3076124611247182
0.30763195624863104
0.3075510470728605
0.30766861629771913
0.307608098390014
0.30765468723075673
0.30768357895622367
0.3077265285286771
0.3078562142103958
0.30791210442348405
0.30783919211709543
0.3079174220263726
0.30802663094649607
0.30805406860451123
0.308087371681529
0.30804406926364636
0.3078407755604464
0.3079403433002532
0.30797450333316556
0.30794434865404563
0.3079940337011712
0.30804811136838506
0.30802183807299943
0.3081136469830409
0.308182146728167
0.30824549014611125
0.30834877479194767
0.308356629604718
0.30818991111464644
0.3081658657178964
0.3082979131233845
0.3082834561153486
0.3082261351980452
0.30822259985855305
0.30831710337482476
0.3083808612922865
0.30848513782297615
0.30845692573384176
0.30845894333466295
0.3085667519687051
0.3085294814692472
0.308693373295133
0.3088060898217957
0.3087417742058227
0.30881949963272126
0.30894075034334867
0.3087791597282099
0.30873262453157635
0.30892394678436363
0.3090886960579139
0.3090866855915877
0.3089025525318263
0.30889589021537234
0.3090314573739832
0.30919870509870917
0.3091756189445579
0.3091817260631665
0.30923750468743905
0.3091810688883394
0.30905606909892236
0.30914718435306865
0.3092331974341894
0.3091556004501411
0.30916819153800434
0.30922725509390026
0.3093422035536466
0.3092780871398445
0.30931424145275965
0.309268409463627
0.3091820272993173
0.3092396092813219
0.3093355610316487
0.30940964068942933
0.3094725749544529
0.3094631296912618
0.30946305219331494
0.309590499788182
0.3094887154806336
0.30948236270827045
0.3094280809766249
0.30937503662184307
0.30943917967798484
0.3094952684310627
0.30956033665337124
0.3096574135570387
0.30956123543419733
0.3096159614664308
0.30966950231431456
0.3095339497404005
0.3096035058273018
0.3095757763984185
0.3093983086027623
0.30942600859628133
0.30924409328834457
0.3092348867114936
0.3091984269785364
0.3093066243319932
0.3091751514965735
0.3093461105751697
0.30946202287822777
0.3093531245212553
0.3092870462239693
0.3093781103802359
0.3094049183135893
0.3095038878045363
0.30946654693763054
0.30925891865184074
0.30915500043404587
0.30930969839241773
0.3091559202046532
0.3091028211602218
0.3091347305584313
0.30920786718999804
0.30909909987499784
0.30900883909631993
0.3091141335459673
0.3091396281104193
0.3088781229692579
0.3089625807380951
0.3088413897800397
0.3087739432219274
0.30870784593445977
0.308553721891498
0.3086676410017367
0.30858239327419057
0.308577378696691
0.3086408165361084
0.30867921359976225
0.30863039177153107
0.3086968784390407
0.3087568416466073
0.3088004444166369
0.3088083744289448
0.3087918957129072
0.30875813990385936
0.3086836174352794
0.30877667590978286
0.30880971576488203
0.30874163873399074
0.3087365371567402
0.30868870336476406
0.3085739151644129
0.3085423897814775
0.3084408402781217
0.30847166382313596
0.3085443645940913
0.30867443426597974
0.30876053122743774
0.30876911347105573
0.3088304786692363
0.3088772685587843
0.3089557645415364
0.30899258831774934
0.30897276767937876
0.3090047310431763
0.3089197586922231
0.3089467695472162
0.3089288042203382
0.3090165200936721
0.309185752576583
0.30913065013007734
0.3090925185897917
0.3089928208703887
0.30879623456998717
0.308758183258663
0.3089444857278528
0.30888602118942343
0.3089242315789493
0.3089054976072847
0.3089703209540354
0.3090316504567834
0.30888027461925516
0.30888901276981573
0.3087111314764396
0.30872607189101087
0.3085473775392411
0.3086704132767488
0.30842251276325905
0.3085428780122824
0.30861048054096896
0.3084665010091877
0.3084882434996685
0.30857280851904945
0.30851083803474877
0.30836079544676864
0.30830106314906003
0.3081865552755134
0.3081736384970274
0.30819014724370086
0.3082260096708227
0.30824045849540693
0.3083070248037426
0.3081948515509588
0.30823074164106745
0.3081983998376654
0.30821115090879425
0.3081275881542803
0.3079678937295631
0.3079015017897816
0.3080054367434062
0.30798338285965465
0.30807993521027977
0.3080551887973456
0.3079486790090148
0.3079387670470798
0.30806440497506815
0.3080845567749019
0.3079367777174632
0.30799876111691515
0.30794835246670504
0.30787058319129135
0.308028818892395
0.30806206483214693
0.3081219667545494
0.3082111742888315
0.3081573854916363
0.3080152297186435
0.30795120561186384
0.30780490113449666
0.3077546833980087
0.3076339126601514
0.3078029278051957
0.3077176299171158
0.30764950894255827
0.3076382937231644
0.3076390518162304
0.3075648118856339
0.30754404379214717
0.3076287747829196
0.3077270282109873
0.30770248426062663
0.30775489196765426
0.30773318798982896
0.30767654899756214
0.30720774605176915
0.30718780914061095
0.3072108762767556
0.30716903856165734
0.30711301653214573
0.30705524601101564
0.30704958274532
0.3069335421037557
0.3069725195356878
0.30688296679003535
0.306909679571872
0.30686210305569495
0.30691890720674564
0.30687210648401064
0.3068005196688045
0.3066785358122184
0.3065555524004039
0.3065045071928121
0.3061910624632739
0.3061571164227247
0.30618225883019834
0.3062633008154034
0.3063254578848741
0.3063178705036391
0.3061430908071381
0.30624392380385956
0.30597189053275387
0.30575156784224544
0.3057541073113138
0.3056454912205899
0.30565048296272146
0.30561126664013616
0.3056183966942112
0.30549251807056077
0.30548539810076947
0.30546750345474116
0.30565922545128055
0.3057310408543853
0.3056687201209837
0.3056178009409021
0.30582206872085016
0.30574615938523786
0.30571142857949474
0.3057784844790491
0.30578985657505464
0.30561173385125273
0.3055815991707631
0.3057530137450051
0.3058361850622183
0.3057637421858528
0.3057809555411958
0.3057908839751551
0.30572461651123073
0.3055183956463279
0.3055785369057902
0.3056084827506327
0.3056442451112211
0.30570940368210087
0.3057928442960577
0.30565428563788144
0.3055095414560306
0.30541778781852713
0.3054030863830276
0.30531104382041974
0.30530305134719793
0.3051881430016389
0.30510011452104
0.304958129061739
0.30490728631434005
0.3048866541828117
0.3048642189374863
0.3049159687550522
0.3050116959304391
0.305084300609352
0.30488448058631323
0.30501224160948326
0.3049411788711407
0.30487608203718986
0.304831763724432
0.30467299167119966
0.30471717078649974
0.30473319160578083
0.30471816718710665
0.3046371998673315
0.30461982078193117
0.3046119049362208
0.30441888823257124
0.30439617806158037
0.3043774239877982
0.30429918511983434
0.3041057065194319
0.3040990513609244
0.3041002561633682
0.304194893990124
0.30424795035812224
0.304301130395664
0.304252249579156
0.3042364719646983
0.3040789351153893
0.3038923575305136
0.30392037848908615
0.30390128119521453
0.3040009892411143
0.3040292870099467
0.3040235772272123
0.30397056181732285
0.30387187877934296
0.3039703629877146
0.30396923441983525
0.30386074978045485
0.30372935978974214
0.30376610531091497
0.3036520051326601
0.30361588448039045
0.30366862976473996
0.30380401187134254
0.3038711639834123
0.3037816879368288
0.30363052253123046
0.3036301072626163
0.30367633460991494
0.30375112269522764
0.3036952640240811
0.30377723885350616
0.3038798236015451
0.30378741226090855
0.303924282408899
0.30394749519818576
0.30391649882652927
0.30406704096935966
0.30402295312201477
0.3040583070180821
0.3040729121936192
0.30413173061823473
0.3039927999812275
0.3039072437661121
0.30392489474350537
0.3038497990946204
0.30367631965549235
0.30360668322544804
0.30357597209522713
0.3036934122182591
0.30360481389331095
0.3036450576808105
0.303648249345987
0.3034422041054534
0.30346964615594174
0.3034713076193022
0.3035905691834824
0.3035272741659749
0.30339236534651903
0.30331187577706553
0.30332922876967616
0.30333744906004523
0.30328604175917917
0.3033989652494481
0.303214584138742
0.3032430234696041
0.30302840573934287
0.30305825328547553
0.30287508849535405
0.3026509247560585
0.30266778568623365
0.30268474628306097
0.30267676178338554
0.3027246685324989
0.30258124530179975
0.30243736452953107
0.30249187356923746
0.3022404836732
0.3020210470274022
0.3020977074744412
0.302056056354846
0.30219244881552654
0.3022086746977207
0.3021444657472524
0.30210686363596573
0.3021856985422774
0.30223289396303754
0.30226315150919225
0.30197448091820256
0.30203117866562545
0.30192510032554654
0.3019031441350588
0.30188849035531895
0.30187162900027986
0.30190471983198985
0.3020095925063686
0.3019346683959999
0.30193311990812477
0.3019083675991372
0.3019433706904221
0.30182871445630766
0.3017881699624362
0.301836018192119
0.30167422012742173
0.3016786394666141
0.30177891395957923
0.30174426447526825
0.3017711088621875
0.30159631852362934
0.3015011762428167
0.3014293819868219
0.30134056735205894
0.3014429050141497
0.3014730681797696
0.3013651821488156
0.3013273121030767
0.30117757512652665
0.30098751515959854
0.30100652854627075
0.30075151333343497
0.30077664135363225
0.3008095669988081
0.30066515981857644
0.3004299715009747
0.3002331450840434
0.29993892414274215
0.29977092578405484
0.2995839685661785
0.29950694204680617
0.2994923472431128
0.299497999837374
0.299406586628609
0.299427015804704
0.29938977586205984
0.2992481024918696
0.2990717371906123
0.2989981381064353
0.2988309983668159
0.2988592537426621
0.2988597187469938
0.29877681759144803
0.29893850486470397
0.29898131591580634
0.29906854625445656
0.29901815850213675
0.2990437179779142
0.2990573196692984
0.2989731901662769
0.29898139116557165
0.298805938049993
0.298725131507104
0.29870114210218945
0.29883995643104655
0.2988125972029406
0.2986292616641075
0.2987121434370742
0.29885496022049696
0.2988869277353797
0.2988585153459853
0.29875220225230004
0.2987684600107431
0.29889618218451564
0.2988926387758527
0.2989301940272858
0.29894147153434336
0.2989277323888643
0.29902151071981775
0.2990251603591685
0.2990416375344317
0.2989187772646772
0.2988700256742287
0.2986544339577344
0.2984812479710407
0.298503562909325
0.29836317549987135
0.2984832101589845
0.2985439110392367
0.2985897212139552
0.2985703014289497
0.2985398478394897
0.29841048633339895
0.29843261596671056
0.29835460632063937
0.2983208353078489
0.2983428582050862
0.29833448672791685
0.29826971200658947
0.29811289794704166
0.2980661285466544
0.2979026953907291
0.29789607203382273
0.29797136075661534
0.29785071973841826
0.2978144355564448
0.2978479913849933
0.2978548943359378
0.2979353612981077
0.2978115914474766
0.29781237849057274
0.2978339473009245
0.2979399928659945
0.29804329509823047
0.2979630564417626
0.29805454301327905
0.29785737262468037
0.2978358324584509
0.2976032334966737
0.29745003480387566
0.29755205658398487
0.29749087258167883
0.29737864762855626
0.2974386297624424
0.2973728518554557
0.29728071651942833
0.2973305055004659
0.29737957413565463
0.29725252884230524
0.29731560308306215
0.29745609285674934
0.29749858150334607
0.2975670008187211
0.29765461818901384
0.2976097288075573
0.29747061999572366
0.29748000502960403
0.2974995430635917
0.2975312258132994
0.29746553913245843
0.2974256705517664
0.29745828587844747
0.29750846729669544
0.29761303984705134
0.2975940051333552
0.29747533283449423
0.29746483050970607
0.2974132470044266
0.29738916671344695
0.29738385795384836
0.2973188819746696
0.2972990145683281
0.2974557199798198
0.29750118135028114
0.297485129715058
0.2973435982427107
0.2971592922094217
0.29721681203265904
0.29716551678045866
0.29714438900283946
0.297107065005097
0.2971745324202234
0.29720234808335344
0.29720563565438807
0.29733836049468765
0.29731360422905484
0.297212602225029
0.2972432880743039
0.2972540464631104
0.297149194913645
0.29703800515816625
0.29702608309614587
0.2970683201133666
0.29704209858081687
0.296944909659858
0.29688041716715563
0.2970565677415008
0.2971125264754374
0.297075238978885
0.29720989757350735
0.29718763983347196
0.2972231955392034
0.2973857482050605
0.29746415474886645
0.2974630914606228
0.297439732721408
0.29727249079890206
0.29732171874097857
0.29736520555732016
0.2972769738408809
0.2971377660833763
0.29710716726121855
0.29706350697420403
0.297083448754192
0.2970831529736734
0.2970778143021213
0.2970633072663943
0.2969739785769244
0.2969563393409008
0.29692254095656234
0.29666514685944134
0.2966749793477823
0.29670971077413666
0.29671879950574365
0.296730746075056
0.29664389259978663
0.29650726779210157
0.2963691539134983
0.29637586591533693
0.29666493219356727
0.2966604892340199
0.29662881059505775
0.29680773318181863
0.2967947346478802
0.29669399430381393
0.2966695307770095
0.2966066190652772
0.2967327027172686
0.2964292916677703
0.29636110339774113
0.2961170290383127
0.29605076460156565
0.29602987321283813
0.29590028626290166
0.2957476086216342
0.2956987754613595
0.29562831131253875
0.2957380932503876
0.29572721733896223
0.2957758196651721
0.2958298329310619
0.2957486892468074
0.2956411600840335
0.2956134031115115
0.29569943560640455
0.29579661705645066
0.2958482724869925
0.29577682145022854
0.29567840520338495
0.2956393040686479
0.29565007260439713
0.29569469416639227
0.29575333578820084
0.29566152765276743
0.2956471165499591
0.29556607835888615
0.29567964043852457
0.29555224846309613
0.2956775195850784
0.2957648861733331
0.295873624940875
0.295787700049686
0.2956225445482433
0.2955077302157859
0.2955040493814899
0.2954434746162373
0.2954834293537443
0.295442093710498
0.2952329310483126
0.2950694620736588
0.295220398011544
0.29515593630354553
0.29512917001735983
0.29496641548855884
0.2949969734003436
0.2950101858495985
0.29511332975831683
0.2950604486919308
0.29490902774991123
0.2948862706654465
0.2947754066434448
0.294731025812632
0.2947237229340772
0.29466306059665137
0.2947133062021273
0.2948671097541282
0.2948318233868389
0.29488140064878765
0.2949850803328319
0.2949018482981306
0.2948775997924863
0.2948806444995019
0.29483071225545865
0.2949607159675184
0.29487310093356467
0.29476923269025157
0.2948415001920076
0.2948790636036799
0.29484683501443787
0.2947490374353767
0.294736071513222
0.29464761744594836
0.29455627096900483
0.2945335392275238
0.29472395342069035
0.2946893560332273
0.2945637450490358
0.2945365122905901
0.2944922064782376
0.2945027985213283
0.29430358878129126
0.2942404986568796
0.29421734614719963
0.29406932023848564
0.29409856042768934
0.2939806747560827
0.29400232552453487
0.2939889414025344
0.2939854830868217
0.2940087760011598
0.293889885442309
0.293859292562339
0.2939904477092742
0.29401304568738906
0.29393496611011405
0.29389967306127485
0.2937969280210405
0.29377554479442036
0.293671230176094
0.29378222361606887
0.2937601818905563
0.2938128031055798
0.2938237423435005
0.2937788055254196
0.29380372684630696
0.29367759229142365
0.2934571879242588
0.293397670748192
0.29349431373834267
0.29353326195242346
0.2934423594150609
0.2934767952828846
0.29337340723998806
0.29347154806041653
0.2933830434855116
0.2933001682903502
0.29328074162385676
0.29319362601276333
0.2930917116956596
0.29303132049069813
0.2928501862087265
0.2928221657272917
0.29290866009053873
0.2928554226264204
0.29282000424003607
0.29261478715949996
0.29249845945698283
0.2924233153660877
0.2923596250321019
0.2923818081630759
0.2925039659230212
0.292468900339962
0.29237685193031027
0.2924238950282706
0.29250983070868186
0.29238479805262274
0.2922874330514946
0.29230742713699753
0.2922964208035198
0.2921706735906895
0.2921586338587241
0.29216964814815427
0.2921560626446711
0.29203433923926325
0.29191523788654516
0.29193021091704185
0.2919390301361734
0.29184380761613515
0.2918077382087342
0.29186144674838577
0.29198198666120456
0.2919916081640517
0.29189393447299083
0.2918643460903364
0.29148757375188117
0.2913970379542252
0.29141921713278096
0.29129187173422844
0.29135225485827443
0.29142463329068746
0.2915634603547669
0.29152962929561455
0.29168773635575707
0.29167499925847307
0.2916185013170476
0.29176882376565694
0.29170742824547113
0.2913944745741752
0.2913163911890865
0.29137843535877683
0.2913816781745995
0.2914135408787145
0.2914178974130677
0.2914898982584001
0.2915867288177256
0.2915760458739727
0.29153317811322943
0.29135229123155626
0.2912110210989447
0.29116625191220435
0.291040784456539
0.2910654200887097
0.29106882438495685
0.29100142674525176
0.29103854132066087
0.2910057549752355
0.29089835349655135
0.29086001223230207
0.2905284194367739
0.2905849209462855
0.29065214185101096
0.2907393452586067
0.2907969772240744
0.2908247328762378
0.29088503350553196
0.2907964889023943
0.2906926168041055
0.29071548018183857
0.29067998643360893
0.29074964585201113
0.29062648818022485
0.2906522882120087
0.29056376964466246
0.2905458412401256
0.29040304036730913
0.2904515631449318
0.2904758908945293
0.2904031279516849
0.29040090651726247
0.29035930115445974
0.29037060109558765
0.2904405096512701
0.2904189801442054
0.29041674826733976
0.29035836394471826
0.2903019634758972
0.29033854572142637
0.2903683833961259
0.2902158684532331
0.290159654914352
0.29011640225153434
0.2900646901178092
0.2900845855894244
0.28999458743823625
0.2898366833356306
0.2897969718814968
0.28985023646353403
0.2896559097949647
0.2896212473141446
0.2896208988693969
0.28932376454434827
0.2891294495579968
0.2889741625208797
0.2889304717803135
0.2888508028743526
0.2888723620588677
0.288880593358119
0.28891706834331454
0.288779873955197
0.28861165355807505
0.2887745328462439
0.28882970155139964
0.2888742009855264
0.28899624743976116
0.2889645961085925
0.2888714775379647
0.2887808125240695
0.2888249120413101
0.2887436358767539
0.28842032185683153
0.2884080737641239
0.28828993435902106
0.28825041398322604
0.288245141485422
0.2882154417493654
0.2880078796930856
0.2879855980824102
0.2878476267065585
0.28786086411418454
0.2877579106350088
0.28780278344883103
0.2877090152068359
0.28758701876498016
0.28728920450091344
0.2872775742527245
0.2872260165135735
0.2871493834157689
0.2870025681989855
0.28685742527362934
0.28678785701625364
0.2867979662721736
0.2868775669475394
0.2867361681189836
0.2867480581440499
0.28687636263005534
0.28677727846847
0.2868357193538813
0.28684333221564373
0.2868477126093102
0.28686133767740307
0.28696416436414296
0.28681100140451243
0.28685279323353197
0.28694180379645506
0.2868501992324697
0.2866186163844022
0.2866961010714115
0.2866809103599145
0.2865123161195505
0.2864269338380233
0.2864148824822086
0.28654447712184405
0.2865844104419053
0.2865375369584955
0.28664671676535247
0.2865802953741394
0.28644090548082957
0.2865263410168253
0.28624084636043623
0.2862844445119813
0.2863263253298516
0.2863145738694153
0.28633619135128985
0.28622726307831714
0.28630378666639
0.2862810035588538
0.2862373461910771
0.2861706945647683
0.28603442833343273
0.28602167119477906
0.28611375186962595
0.28618564196624197
0.2862199791670207
0.28610897412484604
0.2862074868860244
0.28619178848496607
0.286194525909641
0.28619230147005037
0.2863100516126198
0.2862350428773871
0.2859152274008244
0.28593925762850736
0.285929070417944
0.285915005503408
0.285886945835202
0.2856094267959117
0.2856191231939429
0.28543313074651777
0.28532463422564347
0.2854132094085249
0.2853872976246449
0.28523379984300745
0.28519192032432594
0.28499754076326744
0.2850999175257676
0.28504794019055857
0.2850768270841675
0.28501353691813314
0.28494044806646357
0.28493481719806124
0.284908549388741
0.28481329851297077
0.2848790344792814
0.28488276095305276
0.28484876427585526
0.28481465082929003
0.2846625976670677
0.2845407233195353
0.28447310252165625
0.2845579969104943
0.2842934724683652
0.2841434783877126
0.2840198604153449
0.2840549042078204
0.2839425233330738
0.2841036256102838
0.28402378959482133
0.28380816484856874
0.28386455982389036
0.28398504711588435
0.2840492939137339
0.28406410488729983
0.28403748301380227
0.2840957438981806
0.2840376055371976
0.2840732728105816
0.283983202025899
0.283917532961808
0.28389711640352955
0.28367536599683274
0.28355517358112914
0.28336991987706805
0.2833348011391392
0.28314474539180146
0.2832105269564714
0.2832710905742214
0.28329089099460825
0.28332493602564157
0.28332878726223243
0.2833009680588804
0.283314654772717
0.2832569389409476
0.2831728752760384
0.28314727812451823
0.2830513788383816
0.28294197884070504
0.2828241862092773
0.2827741010283715
0.282900942278562
0.28277932344384715
0.28280716567513675
0.2827807768982007
0.28276920365489266
0.28282345327789304
0.28281991202056733
0.2828451970509971
0.28276452878541336
0.2825772093577047
0.28252349462816717
0.28239108060896634
0.28228370958681637
0.2821933189451866
0.2821317842256532
0.28225300466672787
0.28224289533624336
0.28206456279081393
0.28192376860726676
0.2815355822090051
0.2814711501948364
0.2814062285295196
0.2813434431647386
0.28142811481503605
0.2814493125133454
0.2815966606493766
0.28146501017437353
0.2814650921039741
0.28129275207349835
0.2813529974936144
0.28131887468104666
0.28133004136205797
0.2810192553964359
0.28100323149538764
0.2809696471917956
0.28074013638325335
0.28083411301672323
0.28070601752309887
0.2805629978314915
0.28039556819699696
0.28035659637095556
0.2803540707679577
0.2802804687768189
0.28033087600140627
0.28035869776808153
0.2803356168673018
0.2803142260450191
0.2802849670552673
0.2802673932262799
0.28037600407466023
0.28029781990208325
0.2802107037145296
0.28015528951983926
0.2801066917850573
0.2801267826017315
0.28009431765428006
0.28015193125712246
0.2800763573512145
0.2800406979953254
0.2801749541546078
0.2802770794165539
0.28007971707546464
0.27994126536032427
0.27978239838809627
0.27968222339922166
0.2797164904889301
0.27966622935484997
0.2796558062898078
0.27960196278305405
0.27967122445996606
0.27971478877654654
0.27974314440096204
0.27987390639544485
0.27992346713273897
0.27995024178564876
0.28000404961169145
0.27995586930967176
0.279638709346529
0.27977817996215737
0.27983919535727686
0.2796683877661702
0.27960292896501404
0.27943606321382264
0.279440087694937
0.27943824894535674
0.2795672509825834
0.279565061646347
0.27950505792412705
0.2795332790188465
0.27962968463923155
0.27939525947280064
0.2794044339892272
0.2793318596282859
0.27934203007743297
0.2793571763332262
0.27923042550907584
0.2792331233969638
0.2793397165214613
0.27923439830987284
0.27917731040141947
0.27926477052084187
0.27921808664928327
0.2790757889138612
0.27906977299195346
0.27891519928590214
0.2788879845871455
0.2789107025584485
0.27884939443164913
0.27892763615758953
0.2785656090676456
0.27857937694925694
0.2784701367220195
0.2783416368167092
0.27824358566920915
0.27820010389630956
0.27798819182148315
0.2780581826353745
0.2782077560568338
0.27815035337913074
0.2782624379488434
0.27814926171798593
0.2781396879982898
0.27818932089512094
0.27819069554023546
0.2782350309708841
0.27812866814341053
0.27806602154426197
0.27776886222273767
0.27775719155941314
0.2775641836946282
0.27762488119131423
0.27754865162701414
0.277481817833951
0.27748535737378976
0.2775029361709843
0.27752960203140087
0.2774402150324691
0.27742620900034487
0.2773752625836229
0.27741980533437927
0.27720678642656693
0.27730853365617036
0.2772932496357645
0.27736479903526234
0.277318659487655
0.27744785669136884
0.2775559598440931
0.2773836045398358
0.27730494166356867
0.2774195914791744
0.2774236912900596
0.2774240848310784
0.2774892617554727
0.27744783363405645
0.27737000840618253
0.27717219425137307
0.27709632690240904
0.2769519712170353
0.27686122536982805
0.2769441363692866
0.2770386209100256
0.27703595941511394
0.2770277953204907
0.2769054125084782
0.276915348984491
0.27688574511883557
0.2767725772114734
0.27657847845944583
0.276568597499774
0.27655468351651535
0.27646793651617096
0.27656357707142465
0.27649603386425736
0.2764386130304458
0.2763247022157669
0.27615621958003356
0.27616703963268063
0.2761259880342336
0.2761056519593029
0.2761534535821576
0.27607506477494403
0.2760779524159487
0.2760479263733233
0.2761026358384483
0.27598197263670743
0.2759052533154488
0.2758685898915234
0.2758644634567501
0.27573995948764507
0.2757561288214414
0.2756898666377936
0.27570174406199877
0.2755610044535598
0.27552176352778057
0.2753926058061976
0.2753667024319151
0.2754329153612576
0.27520355829160215
0.27529868876689
0.2753899100517554
0.2750438436301884
0.275039074326075
0.27499965268925386
0.2747437339803597
0.2748218274789448
0.27476694995017137
0.27479482125494226
0.27472267396886463
0.27455236251840787
0.2745285365874839
0.2745915523657394
0.27435275482198407
0.2742673891782006
0.27420671676387043
0.2740714296184097
0.2741665880089008
0.2742349971534709
0.27404601468267864
0.2738368187442577
0.2736158016657133
0.2735435792454922
0.2735377587545579
0.27350952489173264
0.2732800417465181
0.27335208794136256
0.2733675323602819
0.27346797846449944
0.27342158213114465
0.27341123698688663
0.2733346808867537
0.27321311551092986
0.2731732240414876
0.27314278887561305
0.27311635368054155
0.2732274028040571
0.27318967922399684
0.27330333690952535
0.27346026368815735
0.27345588505333407
0.2733641657241255
0.2732650785297337
0.27338083830092663
0.27334230989519404
0.2734319943643303
0.2735280147475052
0.2734838167376613
0.2734828687272536
0.27344771655816524
0.2733882694460066
0.27343080194098623
0.27345107725175877
0.2734814232773163
0.27358190652634773
0.2736231879154052
0.2737271310898082
0.2736737117657422
0.2737110858093501
0.2737292669222462
0.2737100610586659
0.27375294544154216
0.2735356308285073
0.2736034936419999
0.2735856792946647
0.27341168735428145
0.2733484133818106
0.2733415006634131
0.2733831235734213
0.2733042579882966
0.27310559966978953
0.2729195619283603
0.2729443046032426
0.2729002925317856
0.27300814322871136
0.27304488061478993
0.27307192699121774
0.2731081418852819
0.27320745706344274
0.2732510328386102
0.2732867181808045
0.27329094441552926
0.2732905212756922
0.2733162172494501
0.27332196767003025
0.27318552782305794
0.27320498914749425
0.2731135105927922
0.2729482660515191
0.27278630383772495
0.2727440753485637
0.27283198012131216
0.27303360848796543
0.2730297627500873
0.27292984328481307
0.2728670943163408
0.27282049993005586
0.2729121410994033
0.2728023842889915
0.2728611930435402
0.2729004943076875
0.27277663994002743
0.2726537649849604
0.2727137387855959
0.27272069194078263
0.2726982953266224
0.27268870417458113
0.2724937422986585
0.2726280294610517
0.2726177712174206
0.27283529002740514
0.27287734409170605
0.272832341678954
0.2728944702368873
0.27255644549308156
0.2724367177656143
0.27246357115880904
0.2723507166609932
0.2721310653335661
0.2720643013021635
0.2721252826970936
0.2721235371595122
0.2721544826182525
0.2721262486599957
0.2721717512978258
0.2721708189247253
0.272203646017547
0.2722701837244629
0.27232992765971376
0.2722665286892493
0.27227664952020025
0.2721882593654288
0.27228560811655156
0.27242006107072747
0.2723356506061616
0.2723573832353182
0.27230123416268737
0.27227644260664474
0.2723068140414654
0.2723464994737079
0.27244463754652226
0.27220584512443313
0.27216748321476925
0.27220722391721874
0.2721258843995673
0.27212357034651546
0.27202301919569183
0.27176485059598043
0.27178305302347205
0.2717940475277886
0.27182847094854734
0.2717681867986754
0.27181346190877564
0.2716919483293022
0.2715757898715908
0.27140234347338643
0.27147671282191554
0.2713202966379118
0.2713565939516711
0.2713285261301748
0.271174355842808
0.27122403658046745
0.27120942920311264
0.2712576861213768
0.2712250086447827
0.27110196029364375
0.27107317989506663
0.2711336210438938
0.2711591314638402
0.2711889943771243
0.27118305252580854
0.27106192165831045
0.2711750041410962
0.2712265584158784
0.2712805347569457
0.2713805346259577
0.2713994325089183
0.2713894477772679
0.2713198654103114
0.271339436095841
0.2715143671017547
0.27119686826900125
0.2709089897522805
0.2709684624903054
0.2709160293097501
0.2709800692027905
0.2710050345878914
0.2708276280242069
0.2708085435880857
0.27073102389072423
0.2706752237837796
0.27029914401266886
0.2700820495719247
0.27007624145591225
0.2700063119617099
0.26996062809294774
0.26994019397907465
0.26990326695473177
0.26996228218969043
0.26992619594548284
0.2699017112664013
0.2697805532427655
0.2697103014786151
0.2697801592609793
0.2698625648008981
0.2698770856905096
0.2699031107025178
0.2697498030122907
0.2698115143310045
0.2698456850665881
0.2699131404378349
0.2698767551510409
0.26989291771976354
0.2698140046207591
0.2696652045434932
0.26965676720313714
0.2697726181898883
0.26959947417530783
0.2697093311491475
0.2696591583824556
0.269676052663261
0.2695687280504424
0.26950735123676517
0.2693000781156606
0.2694805307862258
0.26950202230616693
0.26943206663138286
0.2694567505446226
0.2694820633886542
0.26951315395729747
0.26949519244033693
0.26950332359173723
0.26952249079130375
0.2696419591350331
0.2696573577024982
0.2697479443797569
0.26985721545100994
0.26990179676456083
0.26965280044793616
0.269551222063241
0.26950173096371255
0.2695311899385596
0.2695183609062062
0.2694376026723877
0.26921601393282824
0.26923975990262217
0.2693241418891006
0.26939459987861625
0.2693665518525461
0.26928168033947475
0.26923174323515897
0.26909165449609573
0.2688634935663077
0.2689827508158972
0.2690884856929915
0.26908146200005345
0.2691658945975627
0.26919587120229393
0.26930424542057996
0.2692291029630903
0.2692433094050054
0.26921215212335803
0.2691483063387643
0.2690874708453673
0.2690324642383506
0.268925005644681
0.2690126949026401
0.2689653800929702
0.2687798749172846
0.26879850545785366
0.2687836751250867
0.2686142297309365
0.2685767565973951
0.26864291722921463
0.26852129184268625
0.2685241328223319
0.2685302062758089
0.2683101567258743
0.2682518318602197
0.2683305057389386
0.26832992175558046
0.26840374560811353
0.26835082186616066
0.2684131120739892
0.26836634716411
0.2684996546151661
0.2683530079245987
0.2681597577998981
0.26824350335698854
0.26834025527724514
0.268223210422708
0.2683275125450756
0.2682552652176651
0.26824278170080496
0.26836902911155835
0.2684399062147268
0.2684553698521488
0.26842215673114445
0.26838487349866813
0.2682617811857009
0.26815450627241966
0.2679192551902376
0.26795527850806977
0.26783588297872996
0.2677176019716234
0.26756648134742045
0.26754531698969053
0.26730912308484045
0.2673007233792538
0.2672736382597487
0.26723096843383476
0.26716616909575286
0.2672206513804182
0.26722841743906633
0.2673364980398465
0.26730684262909143
0.26712956789476316
0.2672297022358079
0.26734624650014016
0.2673807680221578
0.26740167774122203
0.26726840256278583
0.2672791813282446
0.2674232120872516
0.2675083493581619
0.2675546924187092
0.26752548341384075
0.26753418596998213
0.2675892167135627
0.2676982940817406
0.2676901134861923
0.26754962591390696
0.2675015858616179
0.267626766403537
0.26765467526867404
0.26750604784846077
0.2675860663007169
0.2675510864902366
0.267624199020582
0.2676846356134238
0.2678956457858729
0.2677881877395599
0.26787591868429983
0.2679292208683679
0.26794776085349303
0.2679624617322315
0.26785829527932614
0.26778594280122103
0.267783756824328
0.26781023970465245
0.26790091736879496
0.2680008944804797
0.26797319018585053
0.26807033757209364
0.26803171586705254
0.26803652522574883
0.2680600267384491
0.2679710841681404
0.26809718531538385
0.2681518287808291
0.26770706705296543
0.2676447953741836
0.26768553369622483
0.2676164617783525
0.2675941695093442
0.26760690814331956
0.2675200623972075
0.26738541256055326
0.2674031805965703
0.26742959700933366
0.26730491665584144
0.2673355605961457
0.26727638582068647
0.2673104582912518
0.2671735113236212
0.2672529941971974
0.26726815714451413
0.2672999327195642
0.2673413368119455
0.2674064148575933
0.26727498681367245
0.26723698081835123
0.2672764251619755
0.2672072591465011
0.2671767324017341
0.26710719467646915
0.26715483889154035
0.2672559366664864
0.26704538418393375
0.26708207583245025
0.26706798302054036
0.2670844944842127
0.26705270716247265
0.2671972936931539
0.2672445684327974
0.2672803481412035
0.26740346950053695
0.2674511475490251
0.2673373607833174
0.26733514255070767
0.26731913885617664
0.26736039159972713
0.2673657556257374
0.26752400072602633
0.267558795894128
0.26754205116084306
0.26746173145184504
0.26753521515328504
0.26753618793218814
0.267586038389824
0.2674088657924162
0.2674074471563421
0.2674886243111281
0.26739227932411547
0.267457121384836
0.2675215123469199
0.2675771690691384
0.2675319452472352
0.26750164699380863
0.26750141537202077
0.2674330528821208
0.26723742400012174
0.26733243980209864
0.2671522017184722
0.2670728266031802
0.2669966338276961
0.2669932046128627
0.2668848089191237
0.2665787487233625
0.26669532576137744
0.26665297702585766
0.2666256900936762
0.26635143250900517
0.26626288777303975
0.2661700348933759
0.26594403901677943
0.2660983286588937
0.26612215417357477
0.2660608530705262
0.2660633419505426
0.2659837423479513
0.2658558986656582
0.265856449997973
0.26576151908029155
0.265911885088257
0.2657834552476396
0.26558357712962144
0.26553194789082746
0.2655686562790328
0.2656115461438606
0.26568549518314577
0.2657165870389877
0.2657137889959751
0.26569326226371204
0.2657389461264812
0.265717853768789
0.2654494130689593
0.26544321702589024
0.2652954618316824
0.2652300630980936
0.26507350858203604
0.26494807790427566
0.26485874306190704
0.2647742619211366
0.26460963075832966
0.2645466327867353
0.26456487144862884
0.2647496066808397
0.2647569593373964
0.26460678532519466
0.2645881044180325
0.2646444038182697
0.26460654202929035
0.26465862028285225
0.264625010223971
0.26466405645079416
0.2646455586978812
0.26452458691054326
0.26454162891302424
0.264554442943594
0.2645823480277537
0.26456754449017383
0.2647724358748387
0.26488005296938366
0.2649918422191325
0.2651299635313632
0.265156793101195
0.26503163023357557
0.2649970401869318
0.26488135022820725
0.2648956034924137
0.26485360505347644
0.26494998409521264
0.2650305043153436
0.2651744863495006
0.2651853951079348
0.2651414312961011
0.26516437512966096
0.2652679942184565
0.2654642062554359
0.265497617345562
0.2655789952577704
0.26563705742253385
0.2654692434977355
0.2654164475549271
0.26548947215987306
0.2654891232844594
0.26541392849944145
0.2653659042466511
0.2653097478481308
0.26537416607736575
0.2652240789627821
0.265194258722514
0.26525768423394946
0.2652139648636995
0.26515133760598175
0.2651359924139486
0.2650642636686311
0.2649510935957542
0.2648406337918001
0.2649082433355081
0.26481095813143785
0.26465606918846396
0.2646345081986591
0.2645483391560993
0.2645607976798695
0.26450223732832634
0.26460499676830884
0.26452218118960547
0.26434671591726355
0.26443408033300875
0.2644314923562673
0.2645398938612332
0.2645413778860103
0.2643310989613147
0.26420514196715394
0.26418871309413094
0.26425707317833946
0.26435016624996743
0.26436191971016565
0.2644358563507787
0.2644815102828705
0.264401891197538
0.26435584053328276
0.2642737721871379
0.2640511879159223
0.26396033206220815
0.26410226442540086
0.26405761947986206
0.2641935730313758
0.2642649619652355
0.26408446016114917
0.2641420896855693
0.26403648264348323
0.2638999374717611
0.2639118239552227
0.2639248617268867
0.26388045605922783
0.2637903415966525
0.2638387920096894
0.2637478652118004
0.26379086293458787
0.26381554102323934
0.2638518155123738
0.26385943228531994
0.26377045538190547
0.2638458877077473
0.26390559699943783
0.2639654863108293
0.26400749291179626
0.2640090827770475
0.26407014297665043
0.2639254509267668
0.26402001931970975
0.2638180030307026
0.2636995272031999
0.2637000444721115
0.2637128040896882
0.2638121014535383
0.2639025263849146
0.26379971128541924
0.26360900838309687
0.2636455878219188
0.2636730906419974
0.26360106782048187
0.26360652507043547
0.2636393397681822
0.2635296175891708
0.26346705638225565
0.26346043721186296
0.2633658283948841
0.26349016117891033
0.26354686465524113
0.2635697794513242
0.263701566756534
0.26371172727247383
0.2635717349953055
0.26352925300249486
0.2635710199513257
0.2635212932843294
0.26355967049735063
0.2636203864256794
0.26361022635446263
0.26372169851053506
0.26385654026108074
0.2636361619251719
0.26364151172094297
0.2636688193677502
0.2636815420521824
0.26376794007098237
0.2637165708189193
0.26380497211011555
0.2637413163279346
0.2636294262086857
0.2636597307830363
0.26366224414270634
0.2637077408922057
0.26361959358962117
0.26368563797145783
0.2636352717516819
0.2635675480509281
0.2636972421007342
0.26369392250088175
0.26366553747186317
0.26360660774054134
0.26353502241563176
0.2636088932055858
0.26370709241114154
0.2637790066754693
0.2637838719155956
0.2635435009883146
0.2635970325138831
0.2632621465838123
0.2632589752557196
0.2630973529257431
0.2630860169903765
0.2631142770301138
0.26314179625041123
0.26289091130386366
0.2629143670213989
0.2629105992413947
0.26293150693222034
0.26302595984516086
0.26292416145803466
0.26295760667668144
0.26297942340344105
0.26291097791734563
0.26293180584767695
0.2629880455826822
0.2627574047448339
0.26289178980201233
0.2628868758812667
0.2629399785118437
0.2629135905987481
0.26289946423894006
0.26297379637422047
0.2628359556016501
0.2627231830561111
0.2625521187927381
0.26249884885350316
0.26248940246719943
0.26232558131544736
0.2621698572867045
0.2622202911631508
0.26215372643540746
0.26231131850487477
0.2623785703658007
0.2623030724175156
0.2622843137290257
0.2625166250172486
0.26242247669750185
0.26242777911941806
0.26254512351252124
0.26257929218737597
0.2626299604838055
0.2627274029445622
0.2628423186731518
0.26285327084127263
0.26290459678700406
0.262862254997408
0.26287470924237044
0.26286299640276356
0.2627885162028468
0.26279733499536684
0.26253804820968507
0.26238989831896276
0.26246028900243756
0.2625579011113116
0.26249965103551864
0.26246123198673266
0.2624304943642056
0.2625619487163988
0.2624115613184944
0.2624143639585951
0.2624678634381795
0.26234121058127713
0.2622739664803101
0.2622917447959081
0.26226689077008536
0.2621826141098176
0.2620736374483885
0.26209869707890865
0.2621283126190743
0.2620292158529409
0.2620644920155256
0.26205646708491304
0.2622681342462502
0.2623291263786165
0.2623194637486007
0.26223869352318063
0.2622047660157004
0.26232936996711653
0.26229013567725934
0.26233625552894424
0.2623613996468992
0.26237975769734423
0.2621663087166385
0.2619579587369768
0.26191798499207974
0.2621026830661556
0.26197695066548543
0.2619591510928154
0.26199969968403924
0.26196792165813054
0.2617980474375732
0.2618707752863664
0.2619156232278367
0.26182907637764696
0.26193436618042343
0.26197755011587254
0.26188382051390025
0.2619859097527547
0.2618836172926884
0.2618071973430931
0.2616580982550739
0.261615609492015
0.26154167186416644
0.2615669564877927
0.2616212632080509
0.26162507542157754
0.2615151978266861
0.26155018572309763
0.2615799050719233
0.26154225839850387
0.26154708305059404
0.26147297021063587
0.2614034822863628
0.2613061686107574
0.2610935372938379
0.26108695419309624
0.26092131560164356
0.26064254251452246
0.2606733562489397
0.2606108958285682
0.2607522081837593
0.2608081401537554
0.2607673547537982
0.26074711202170164
0.26087029646205306
0.2609185002350858
0.26087823005923405
0.2608750721898867
0.2608776501170601
0.26080596444886595
0.26092051010100237
0.26085402968443083
0.26093897203412364
0.2606402364234245
0.2605826337945256
0.2605096992867576
0.26052443141160686
0.26045250816911303
0.2605093027205547
0.26055665545311935
0.26044690009668636
0.2605441870588586
0.2605483219464244
0.26055663281817876
0.2606059890103971
0.2604871383844438
0.260526495627323
0.2605474550115333
0.2605367661042479
0.26042553688743475
0.26042943493615367
0.2603221130477439
0.2602967351484725
0.2603439330113886
0.2602956073167607
0.26028967982844375
0.2603379502359221
0.2604611824564943
0.26051661905095347
0.26043676009781525
0.2602995323414319
0.26021300858969876
0.2603255389641831
0.26029413521927114
0.260307363405219
0.26026283567890995
0.2603096574927215
0.2604185500711029
0.2604018413884339
0.26024817163754355
0.26039230894340304
0.26037518487563927
0.260200762296274
0.26022307967136993
0.26033169689810765
0.2603558877228922
0.2601534565932765
0.2601979323681919
0.2602443435009044
0.26007567081837124
0.26001210266870656
0.2600036518330515
0.2599117278653572
0.2598986730253803
0.2597849483359451
0.2595625878360943
0.25967024838299535
0.2596017923419718
0.2596642045955273
0.2597680804817103
0.2596776727461124
0.25966205665103337
0.25949482296189863
0.25939035816309686
0.25929184127177685
0.25931698675413406
0.259300145578093
0.25915085463888
0.2592307870531776
0.25916523777157596
0.25926869192209656
0.2593036032358369
0.25946075876519803
0.259525402673461
0.25946148713174344
0.2595520252965742
0.25956869101619606
0.2597384183533713
0.2597305403568161
0.2597516730729311
0.25976355067041357
0.25985930193280593
0.2598667924249539
0.2599188680241611
0.2599639205937032
0.25987353034938776
0.25992536461316296
0.2599796910726805
0.2599866613138946
0.26001108635820647
0.2599437900292787
0.25984857228648917
0.25983341258211845
0.25976873135365786
0.2598728858903159
0.25964023191850405
0.25971567177567456
0.25979565354734047
0.2597770168722331
0.2596308834984903
0.25932760997722937
0.2592929138520622
0.2593309573949997
0.259314885088486
0.25929347994666385
0.2593592282275303
0.25929502955318706
0.259176774143984
0.2592298387959526
0.25923204749364526
0.25923441243557743
0.25915308025656913
0.25910040359733244
0.2590438984678042
0.2590948091031967
0.2591121697582117
0.25907088657285826
0.2590666397689567
0.25904832475953377
0.25905959209979634
0.2591194282484316
0.25914107796321983
0.25921919777318325
0.25923417991474196
0.25905660111094875
0.2589721659993999
0.2590142411027947
0.25906874865872365
0.25898916534793426
0.25899088247800783
0.2588861537804117
0.2589930082594101
0.25912030579410106
0.25915480396196633
0.25908200702678164
0.2589722560757648
0.2588524892925892
0.25882713396543144
0.25857374370790553
0.2586418642694648
0.25862098783468357
0.25868232145117875
0.2586263541580478
0.25855966071854575
0.25857275415311376
0.2586656419031388
0.2587069209246705
0.2587349630358442
0.25860095607706146
0.2586969148375112
0.2584745917870178
0.2583422812828202
0.25835625092935965
0.25836825707332356
0.2583778474973839
0.2583803438822734
0.25823043876310026
0.2581894796132076
0.2581783338192013
0.2582693159818086
0.2582192621645133
0.2581924880611516
0.2582906417253731
0.2578987481249755
0.2579311560466663
0.25792296033273454
0.25787707461246523
0.25775032773714746
0.2577817911546051
0.25764654192228564
0.2576311555658002
0.25732128588211867
0.2573339768746228
0.25740165516172986
0.25720935580581417
0.25717907292566533
0.2572643801957242
0.25723625993541166
0.25725456153075876
0.25739176289221066
0.25754220882604717
0.25757984050315075
0.257482449698036
0.2574359738507359
0.25742448975837573
0.25742317646539703
0.25739992198056105
0.2573272386412494
0.2574154197595975
0.25725590242545404
0.25717572300615754
0.25716443841258685
0.2571774194084323
0.2572690554200219
0.2571415910893161
0.2571439545628551
0.25707181626302744
0.25707139373980514
0.25692326338662796
0.25678937515103517
0.25681467116981016
0.2567981929852311
0.25671965586326706
0.2566774683899664
0.2567416978824957
0.25687002816490145
0.2569154733571084
0.25702367533882464
0.25703523281287066
0.2570083415825395
0.25704865790555986
0.2569782087063953
0.2567423245164214
0.25669181832119115
0.2568278422272252
0.25682656801606685
0.2567235334109983
0.2567854782435861
0.256716169651098
0.25676137860530424
0.256442703623846
0.2563370999307004
0.25629847998210786
0.2563218821668156
0.25633098567337087
0.2563708327760351
0.2562634570083703
0.25631745011023954
0.25640865296925297
0.2563715106797131
0.25641165318654957
0.25635423909368793
0.25642313217371737
0.2562680113746527
0.2562112685824217
0.2560500766830517
0.2560380012923258
0.25617384096653906
0.2560849993123008
0.25602559618897214
0.2561139081256292
0.2560128962543401
0.25573920732624356
0.25566968739063445
0.2555642720061938
0.2553841090574306
0.2554417850992112
0.2553871285245066
0.25535251773768197
0.2553196255724143
0.25525335195301935
0.2551167186057629
0.2550561176880122
0.2551649752280687
0.2550025375273287
0.2550567151230848
0.2548788490518781
0.2548932783321921
0.2550480043208414
0.2550956008477995
0.25524268420811047
0.25526126707865915
0.25540882105308316
0.25545850974148065
0.25538201682275186
0.2553287175496983
0.2553860708597254
0.2553214256151929
0.25542755710705767
0.255216446902632
0.2551460694164469
0.2552232227429754
0.2552172648354817
0.25510653274226014
0.25498033201229675
0.25501825151001334
0.255003042491869
0.2549975514678069
0.2549212416144776
0.25496143496758994
0.2550535338557155
0.25518321952774337
0.25505001510186087
0.25503969449008346
0.2548914091221498
0.25477126724277355
0.25466901775664497
0.2545104208714236
0.2545257350638215
0.25463046322852634
0.25468763529407545
0.2546668874633975
0.25465783035363376
0.2546874851233176
0.2546746866429822
0.2546379991027773
0.25467077936901505
0.25462179977687627
0.25467622452495875
0.2546214382087397
0.2548167258519275
0.25479819918570756
0.2549050456424109
0.254928837430313
0.25497389906738577
0.2550650303922808
0.25518143427464335
0.25517898820635876
0.2552393653427636
0.2552439629726345
0.2552053504818169
0.2551984039501676
0.2552715078082234
0.2553184411919769
0.25533428400590885
0.25549124506512255
0.25544849575856565
0.2553053502745546
0.2552728310359158
0.2553772771751649
0.25526022063808196
0.2550105313612243
0.25502695544465204
0.2548699704361024
0.25483855819565593
0.25498459219742786
0.2549056720744607
0.2548491011950751
0.25475859458889083
0.25460285692928397
0.25463335430374345
0.2546745894677761
0.2544321095067257
0.25450096183194826
0.2544596543133848
0.2544400598456721
0.25440629323863195
0.2543555600316544
0.2539739639234395
0.254022162117183
0.25400163864686587
0.2541015364895839
0.2541173407048405
0.25387776652795235
0.25384463750920083
0.25363209830984623
0.2536404104793252
0.2537589209212522
0.2538719419096659
0.25382267595255104
0.2537544989398197
0.25380995724894784
0.2535838560271628
0.2533898072333327
0.2534157356382508
0.25347959495755146
0.25342752301899707
0.2532228825647381
0.25323345517329376
0.2532589528064956
0.2532673528118299
0.2532614329082912
0.2531894260502634
0.25311860210236947
0.253102610204579
0.25305552788991004
0.25304005504709537
0.2529518287682878
0.2529397878837285
0.2528682493726504
0.2528609782277986
0.2528088349820675
0.25274204379115295
0.25284954432813533
0.25276490382227823
0.25283795096708583
0.2528560125774286
0.25294366131488955
0.25276208059503347
0.2526510138337956
0.25254696247215
0.2526517872568659
0.2526450685277134
0.25248956579917947
0.25260349724383424
0.252565977348453
0.25253917580383056
0.25245258941712445
0.25219151962026554
0.2523007125935891
0.2523260494775149
0.25218158462635387
0.25207466313865357
0.25179953963089685
0.2517836996824959
0.25181022053549185
0.251700559294055
0.2517302921857819
0.2517255860215033
0.25185766575965784
0.25175375557973967
0.2518119511981174
0.25197594956166525
0.2519046419416785
0.2519150361886966
0.2519966743704649
0.2520118088363079
0.25205034608568255
0.25207618431092393
0.2519345962134937
0.2519475385912776
0.2520468730793528
0.2518936485451224
0.25185444942117063
0.25180473350547017
0.25154984677183
0.25159029294026614
0.25163007385534175
0.2516632964906218
0.25155339557357015
0.2513857483008747
0.2514403710638744
0.251572511156098
0.2515811090470642
0.25157940622988373
0.2517422558918433
0.2517668857820081
0.2518400546644677
0.2519186974254878
0.25185562483932167
0.2518314182674505
0.25173872969477284
0.2517701020990367
0.251784609990671
0.2518391596358157
0.2517057455726527
0.251797926936959
0.2518866447980179
0.25190935810348425
0.25192514541636846
0.2517282913635219
0.25172772616364913
0.25173809768186794
0.25182049662152783
0.25191780464624847
0.252001481030644
0.2518677691536164
0.2519108594807651
0.25192402162416594
0.25184600730623197
0.2517460795805617
0.25178597045513484
0.251872809935889
0.2515924347563052
0.2515605377895298
0.2514816416332326
0.2512440314495977
0.2512762112870577
0.25124862460448805
0.25116071211145186
0.2512455211206296
0.25115087135186986
0.25122416359470345
0.2510946804053016
0.2511206833108922
0.25113669086067913
0.25113619795858166
0.2512122629335626
0.2511356228969883
0.2511411927987668
0.2511130798290385
0.2510600625903956
0.2509958880149392
0.2510155614630367
0.25068804011697987
0.2507195106680744
0.2506983798487612
0.25098890194447265
0.2511031452577748
0.25104068877148333
0.25093264956760386
0.25096187929620495
0.2508627884745591
0.25086516717492335
0.2508415399676672
0.2508166254323211
0.25075434658233753
0.2509205170648088
0.2508978098214517
0.2508609573574012
0.25079623393707107
0.2507250650691768
0.25069032300495886
0.2506902221051803
0.25063662094614625
0.25070969389749365
0.25082749537911153
0.25093907159877304
0.2508948141371541
0.2507596111429016
0.25091367577948764
0.2507536649260129
0.2508509525263197
0.2508337086827387
0.25090885653286865
0.25089036614490734
0.25094967053811057
0.25082505261967547
0.25088281323819694
0.250859699398681
0.2509592155884701
0.25097421270116993
0.2508739346071782
0.2509146287591133
0.2510282657703282
0.2510577492067271
0.2510700897290724
0.25115201017644273
0.2511404735532424
0.2512874639144872
0.25116747653319094
0.25116697469849625
0.2511851707190057
0.25110806694997556
0.2511084654206345
0.25116343983441647
0.25131169269577935
0.25138061903455877
0.25151175778727597
0.25151097843854
0.2514702208058065
0.25148841020489643
0.2514434106957707
0.25135900703130554
0.251369004651561
0.2515262548119582
0.2513629674946767
0.25111124177798216
0.25107279419633666
0.2512629961512628
0.25125804407027974
0.2512569071922023
0.25117985860534564
0.2511994360614185
0.2513094982314781
0.2514831032436462
0.2515238773710309
0.25152824427149334
0.25155828706621575
0.251542967906073
0.25166189527965277
0.2516067648965318
0.2514442973198673
0.25141910515198007
0.25144681000760916
0.25149478812523707
0.25155110178447837
0.2515401911807842
0.2515177632933624
0.25152657445769255
0.25143892118816324
0.25141539397121093
0.2514135987617808
0.25140268394753806
0.25133606944846876
0.2512581883967946
0.25131066652076905
0.2513658684911768
0.251265878355476
0.2513180757562119
0.25130713626980106
0.25139831952059244
0.2513420241005806
0.25134005328627307
0.2514520068709253
0.25151488534895183
0.25136064780319956
0.2514391728323204
0.2514334727318559
0.2514311968880649
0.25159175692639957
0.25166766768896853
0.25159175061713357
0.2516955528740352
0.25152500806697065
0.2515332344136937
0.2515902325348103
0.25161185952108533
0.2514348595073639
0.2515456218968124
0.25152998275193383
0.2512205149004718
0.2510816838127654
0.251131813754112
0.25112330095353075
0.25115120607824626
0.2512606735212063
0.2512445019197691
0.2511820895787249
0.2511502715027475
0.25125110019791974
0.25106061456758166
0.2510046210960566
0.2510915804278515
0.2510831277144706
0.25107979053821095
0.2511873512373374
0.25126472402944977
0.2513670460355907
0.25142119909335503
0.25142478553981606
0.2514109549066057
0.2514074720793297
0.25146365792189507
0.25141614957468195
0.2515202519298344
0.2514145552935023
0.2514193289133684
0.2512839783231525
0.25119320043058146
0.25115333509265747
0.25116310023787924
0.2511745549075558
0.25119917198160424
0.25119623020399184
0.25121652364316704
0.25123099491924306
0.2511990105947871
0.25127261013394697
0.2513105188196436
0.25110803835573436
0.250992767077752
0.25103151257142964
0.2510440783050756
0.2510541415046089
0.2509740803848238
0.2510002082077404
0.250949881245327
0.25084994125343096
0.250858068338898
0.2507207579537617
0.2506494356523119
0.2504358901544753
0.25031348456719016
0.2502149152785135
0.2501416215469343
0.2501707105014911
0.25028669991006425
0.2502632116329675
0.2503265249110811
0.2501739236404117
0.2502164774208614
0.250227027470761
0.25003018998669435
0.2500523166279861
0.2501234434290647
0.25009771647309564
0.2500625974008127
0.2498445115680964
0.24971626485707243
0.24973343896047484
0.24975838496318348
0.2498056269679908
0.24983471660586865
0.24964277085166364
0.2497108874143249
0.24976171417714876
0.24982770031303503
0.24997645354274023
0.24981723460897554
0.24991094267981973
0.2497367226934386
0.24965937530863158
0.24957919863115174
0.2497150146310395
0.249662220977674
0.24949353448732015
0.24938192840152196
0.2493552504552331
0.24933991456110272
0.24936755506749442
0.24936524920601255
0.24934713949272214
0.24933477494556056
0.24925204762558562
0.2492154812434112
0.2492817217735196
0.24925226707987036
0.24917606998568953
0.24897429186434894
0.2491089480354457
0.24916396200903645
0.24915059893358116
0.24916844172725439
0.24912091629784983
0.24907542293763307
0.249028376463166
0.24913540241460175
0.24911462336379986
0.2491040295545741
0.24918329341718692
0.24912824731614847
0.24893338799964004
0.24894137967965246
0.24882204669451946
0.24876145663770244
0.24870878915410488
0.24862435472067113
0.24875128979800976
0.24877363895792381
0.24881246353096143
0.24873691405834097
0.24879464189509737
0.2488557208995147
0.24885526392656554
0.2487377449196
0.24875227620064022
0.2487369147716474
0.24870778980238717
0.24861646748867894
0.24866668361718625
0.24818289617531264
0.24821416273285435
0.24812519495555962
0.24813138129919898
0.24815504856592485
0.24824977659379
0.24826101933964329
0.24816093422547025
0.2482217104582023
0.24804303867817046
0.24802468830085456
0.24802326515948103
0.2480368900017177
0.24800146321633953
0.2480065058162384
0.24801026634062784
0.24806272353157632
0.24804716232857504
0.248030931536664
0.24815683226294272
0.24812451499118005
0.24796440624488925
0.24796921525134585
0.24794790972539293
0.24803299402650225
0.24809191588180934
0.2480195969902661
0.24812870186789604
0.24814189182990964
0.2482345132431344
0.248356068498352
0.24840048951128513
0.24836430497939566
0.24840633854245775
0.24842135464993298
0.24844762308050305
0.2484258450642015
0.24840835641897796
0.24841808417890754
0.24843296645441926
0.2483350043413679
0.24850773391238923
0.24844917866595007
0.2484846987350009
0.2485006561283707
0.24854547259677606
0.24861274244577036
0.24861956344388825
0.24865834269045972
0.24851043216985458
0.2484168299145194
0.24836735524005737
0.2484103352638698
0.24843998308972293
0.2484911740966944
0.24837444868527714
0.2484724302537954
0.2484620278002353
0.24848835848461137
0.24862058771575346
0.2484356678047367
0.24845436272580024
0.24846570724661898
0.24847436276689794
0.24835733165993146
0.24817245976728908
0.24818862709843936
0.24806239128981444
0.24803146989820835
0.24804821726790116
0.24801417599281161
0.24771695959476492
0.24753914706508628
0.24753598959447476
0.24748179012263938
0.24757623577657573
0.24758747279838444
0.2475273670186905
0.24765983198333696
0.24761597544813352
0.24750219229282666
0.24746446439028924
0.2472918742074398
0.24730318965747644
0.2469756584900321
0.24683025290530303
0.24689007675802466
0.24688545258076233
0.24687739262499364
0.24691917000163022
0.24700607921801376
0.2469141880639183
0.24685094788499973
0.2466855223858737
0.24671627266581875
0.2466629380544172
0.24665834637082973
0.2466523140488467
0.24660918775636365
0.24653789178999974
0.2465011776066902
0.24650190259605598
0.24655652974207365
0.24654979904874652
0.24631646173960964
0.24634597693488358
0.24609542980330368
0.24611615886781713
0.24615055687772724
0.24608565983822872
0.24607572362203012
0.2461652991761355
0.24617157614633012
0.24611569810884992
0.24616983521262936
0.24603648319398763
0.2461389728850769
0.2460573220631168
0.24611031845871545
0.24617667476102956
0.24615947485062073
0.24621689506594924
0.24632527528242243
0.2462879718131904
0.24611873782818283
0.2463110352535527
0.24634016022384342
0.2463762655383196
0.24643279142976804
0.24642927250890123
0.24649836028553174
0.24660714182583154
0.24656467865922072
0.24664567628938416
0.24673529824496365
0.24683909379688096
0.24678121932389718
0.24689150921954317
0.2468107750218762
0.2468883408033704
0.2467558215248319
0.24657706426072612
0.24655678384899304
0.24652105649616352
0.24660587218763652
0.24653767491404577
0.24650693787599232
0.24653526711003493
0.24654851199739336
0.24648123946634304
0.2466338923851471
0.24648364306968285
0.24622956388884443
0.24626474929021513
0.2464211728003579
0.24626834661398977
0.24625530715455823
0.24617207346326064
0.24619978562003708
0.24624111142137073
0.2462436286912426
0.24630853869462843
0.24638373039543837
0.2465609666674865
0.2464768438357261
0.24651148282104707
0.2464866513182844
0.24649880036175498
0.24653746970019053
0.24651765585086494
0.2466091618476116
0.24660985566974492
0.24658504148882876
0.24655524105343063
0.24635672133230524
0.2463956763114965
0.24636421177400658
0.24629623962268088
0.24625469405799993
0.24631981667868386
0.24629343630973377
0.24638937669815486
0.24650061298251003
0.24646725711146578
0.24649304020714524
0.24643476470003645
0.24644976823715714
0.246289811331999
0.2463198824961953
0.24633169591842585
0.246339577605875
0.24620117359351568
0.24628167301685444
0.24634710651369596
0.24638643042335873
0.2463154083546958
0.24635678491179924
0.2462828926793148
0.2463011615959233
0.24627047370802413
0.2464437247916702
0.24654000138567833
0.24646936384005225
0.2465455815034736
0.24656684658459171
0.24643457148206926
0.24654468837083976
0.24660176996604377
0.24660184929825613
0.246500911022158
0.24655602050764058
0.24654236199730006
0.24614390900438332
0.24612204375592184
0.24614207350560768
0.24624675975606802
0.24627662194287403
0.24638976792763279
0.2463160126451609
0.24620803842904537
0.24618152027575024
0.24616199784213322
0.24609235103987903
0.24598844169411715
0.24599822498301105
0.24571666156610217
0.2457967547571227
0.24574767942908016
0.24584473441052512
0.24575591629773852
0.24582597225481428
0.24569197813828614
0.24556890841060908
0.24555310677469588
0.24536604868047296
0.2454383701374523
0.24543124777180414
0.24540688245522113
0.24539948047332039
0.24540861395872926
0.2453463266286946
0.24538161143224124
0.24533298207143417
0.24539148259842514
0.24525997088852358
0.24548210956948302
0.2457011606077112
0.24573424390174592
0.24566583615793047
0.24571382133137742
0.2455804152138934
0.24544588047716964
