0.000999900000306475
0.41780733000008785
0.4661309266667012
0.45816020500001786
0.4428917320000114
0.42611061666667427
0.41067925428571994
0.3946006175000045
0.3801981977777815
0.3678227300000031
0.35542464909091165
0.34426402833333536
0.33426032461538635
0.3256079471428588
0.31756083866666807
0.3097491937500012
0.30203952823529523
0.29588781222222327
0.2902481126315799
0.28522355500000096
0.28181327714285787
0.28097831181818234
0.2815676304347833
0.2833965241666673
0.2861133944000005
0.28854376230769263
0.2912429000000004
0.29398563785714327
0.29702849586206925
0.2999144073333335
0.30258356580645185
0.30516931937500014
0.3077153800000002
0.3102150758823532
0.31210567028571445
0.3133714461111111
0.3142048902702703
0.3143154742105264
0.31415296256410274
0.31328451550000014
0.31215649707317084
0.31091850238095264
0.30936300697674435
0.30785481681818183
0.30633681466666673
0.30504845695652183
0.3036034395744682
0.3023508395833334
0.30098957918367375
0.29952977560000016
0.2980619305882354
0.29682588038461566
0.29541941245283054
0.29411055296296307
0.2929064003636367
0.2919012175000003
0.2910007673684212
0.29045816931034496
0.28997394406779664
0.28955336900000017
0.2897172422950822
0.2898430719354841
0.2903262193650795
0.2906423021875002
0.2910816876923079
0.2915526742424245
0.292206797910448
0.29311662382352965
0.29390083449275384
0.29457071571428606
0.2952535563380283
0.2960519041666668
0.29683258602739737
0.297695787837838
0.2985181282666668
0.2993255165789477
0.30006238779220806
0.3007709746153848
0.30147240329113933
0.30216839625000014
0.30276943827160496
0.3035080870731707
0.30390595783132524
0.3044638121428572
0.3050313894117648
0.3055781016279069
0.30621180022988503
0.3066810806818181
0.3069908402247189
0.30734231488888886
0.3075200305494503
0.3078726384782605
0.3078344036559135
0.307943538085106
0.307922866315789
0.30783657354166616
0.30765296804123643
0.3076053806122442
0.30740705191919127
0.30713874499999916
0.3067540611881182
0.30638093392156784
0.3059810751456302
0.30568617326923
0.30534751714285613
0.30487793226415005
0.3044537149532702
0.3040160261111101
0.3035761895412834
0.30303882745454447
0.3025481234234223
0.3021229076785703
0.30167990106194564
0.3012994296491216
0.30089555426086845
0.30053644431034376
0.3000471940170929
0.29957856559321905
0.29913698873949446
0.29883059016666536
0.2984093161983459
0.2980465090163922
0.2976962037398361
0.29725496983870836
0.2968244862399988
0.29646348746031603
0.29618253527558924
0.29580364734374887
0.2954742172093008
0.2952228699999986
0.29495338946564753
0.2947701549999986
0.29458919473684064
0.2943317634328344
0.2941648176296283
0.2940681977941163
0.2939613300729913
0.2938829601449262
0.293790888776977
0.29383507928571295
0.2938209201418426
0.2937956466197169
0.2937233993006979
0.29375251097222077
0.29387464068965385
0.2939055587671221
0.2940307367346924
0.29416180743243114
0.29431260818791805
0.2945536707999986
0.2947687890066212
0.2950057530263144
0.2952324199999985
0.2954514409090895
0.29570734438709545
0.2959548624358961
0.29614552726114507
0.2964327054430367
0.2966866046540867
0.29699360937499863
0.29728288981366324
0.2975878937037024
0.29793988429447715
0.2982876015853644
0.29844921781818035
0.29873757987951666
0.29901176131736396
0.29928495988095105
0.29956448035502803
0.2998649827058809
0.30015210654970614
0.30048887034883576
0.30077003549132797
0.3011063598850561
0.3013903589714272
0.3015736530681805
0.3018231298305071
0.30206323831460535
0.3022939652513954
0.30241181011110985
0.30265431127071685
0.30282492846153697
0.3030095732240422
0.30329694554347675
0.3034665594594581
0.30366942311827816
0.30388675326203096
0.30411191904255186
0.3043106015873004
0.3045085628421038
0.30463450774869005
0.3047134434374986
0.30485518476683826
0.30496406484535954
0.30506523394871676
0.305152802142856
0.3053039562436536
0.3053504568686858
0.30543473919597874
0.3054048256999987
0.3053865867661679
0.30535902049504826
0.3053694263054175
0.30533675225490065
0.30534103775609633
0.3053134692232997
0.30522638289854953
0.3051887262499987
0.30505910210526177
0.3049493101904751
0.30485248331753423
0.30470416839622516
0.3045948624413133
0.30444263018691486
0.3042554214883708
0.30412174935185043
0.30403595474654244
0.30387881348623735
0.30368761397260147
0.3034573326363622
0.30329563502262336
0.30310037702702575
0.3028807156053799
0.3027117775892848
0.3025364671111098
0.30233955247787503
0.3022533477533028
0.30214250429824463
0.3020037221834051
0.30180099139130323
0.3016433947186137
0.30148247836206765
0.30138104695278856
0.30119101615384514
0.300988807574467
0.3008047727966092
0.3005923734177204
0.300460153697478
0.3002409553974884
0.30009293574999907
0.29990345153526854
0.299711988677685
0.2995195972839496
0.29932369909835965
0.2991040025306112
0.2989059846341454
0.29867924461538353
0.2985632004032249
0.2983597661847379
0.2981897026399992
0.298026210756971
0.29790414277777655
0.2977466740711452
0.2975839944094477
0.2974423478431363
0.297275123046874
0.29716722871595225
0.29706239418604563
0.2969103352123542
0.2967948154615375
0.29669481019156996
0.29655541137404484
0.2964742359695809
0.2963230471969689
0.29622687569811224
0.29613153872180353
0.29603370853932487
0.2959386885820888
0.29585440765799176
0.29577116822222127
0.2957237147601467
0.29563604360294016
0.29558088930402826
0.29553912912408664
0.29549116952727184
0.29547060442028883
0.295450537400721
0.2954031930215819
0.2954439164874543
0.29544571178571355
0.2954816578647679
0.2955018482978715
0.2955112786572428
0.29554139542253444
0.29557907726315713
0.2956234631468523
0.2956676180487797
0.29571740729166585
0.2957816101730095
0.2958312709655164
0.2958928580756006
0.2959544555479444
0.29603857208191053
0.2961271381632645
0.2961592507796602
0.2962625193918911
0.2963724455892248
0.2965107516107376
0.29662988996655437
0.29669939553333247
