0.3554444008072899
0.3485564751116422
0.34186294857292965
0.33603265051016606
0.33046092031224517
0.3256130459006572
0.3209364265263923
0.31569177489177613
0.31103701059507216
0.3064185392504799
0.30203266861963207
0.2982119092262423
0.2944782426180518
0.291416789540315
0.2881161785173052
0.28522645626456355
0.2829202322352652
0.28166871385579173
0.281258330810375
0.2808304484861477
0.2815706032226374
0.28235788099899195
0.28398345110290213
0.28562331309123523
0.2869668832038055
0.2885401041546476
0.2902455281618661
0.29184027382554323
0.2936403082036566
0.295131964309608
0.2970278374333618
0.29864414489287106
0.3004948536083024
0.3020982850537993
0.3036980961662179
0.3051763298520618
0.3065865766047645
0.30828889812589255
0.3098803708897687
0.3110257024750145
0.31210880405030916
0.31309394210079833
0.3134484334167593
0.31410906798406524
0.31432606698431553
0.3143139342838649
0.31413325043134943
0.3139936591513224
0.3134418132754436
0.3128999737622463
0.31215342318743033
0.3113411102937995
0.31061995459694125
0.309687584521423
0.3087385720671524
0.30785262478465825
0.306986593661855
0.30611700494249994
0.3052896222254249
0.3044943504066828
0.3036027795862962
0.30282154210731993
0.3019994058066633
0.3011107324210347
0.3003110741339037
0.29952830211320847
0.2986028332127795
0.2977807366435026
0.2969647357711809
0.2963650204771776
0.29542291631289197
0.2946602972399154
0.2938080753065513
0.29311623765050243
0.29242823981314026
0.2919038582280653
0.2913373206265748
0.29082793576201327
0.2905303388593041
0.29021284730427155
0.2899760311051903
0.2897618260463962
0.2895052634726364
0.2897019075720646
0.2897370610327723
0.28984700208710357
0.2901827667181046
0.29035132579533496
0.290491796526008
0.29082647772198067
0.2910803411702809
0.2913031137290054
0.2916844365088719
0.2921033086925411
0.29265962094843034
0.2931170062264892
0.2936128391044873
0.293987291870786
0.29445595374198796
0.29489077298515076
0.2952554824098098
0.2957388529018239
0.29624001562331215
0.2967046046829801
0.2971617900866217
0.29769419863296953
0.29816565513580473
0.29864441235216055
0.29914329905883674
0.2997373542862678
0.3000639076984618
0.300452561475674
0.3008608201043993
0.30132993840085887
0.30170162242222287
0.3021673769184423
0.30255300434988663
0.30290774262990794
0.3033445666126324
0.3037354949890657
0.30390514290395865
0.304208370833423
0.3045606858923655
0.304902478071882
0.3052539195642143
0.30557721622608425
0.3059430335866824
0.30633482507987386
0.3065682832990506
0.3068252760752852
0.30699357796309634
0.3072145527110548
0.30742221911800227
0.3074502525335956
0.307590450307331
0.3078712375461682
0.30786813492037746
0.3078213777282778
0.3079581163286058
0.30789210104258646
0.30792550931686113
0.3078522733311153
0.30774998742201065
0.3076836233132708
0.30764545060667414
0.3076048730711687
0.3074416532285048
0.3074224560936607
0.3072200240882237
0.3069834820388081
0.3067527254509409
0.3065461294215138
0.30630377163164635
0.3060561468018411
0.3058645556374373
0.3056857190109973
0.30549398794261473
0.3052863480729042
0.3049556985930021
0.30469292348293786
0.3044536875769852
0.3041746969789898
0.30394966349290753
0.30368294794659456
0.3033249146707754
0.3030375709774007
0.3027365456357053
0.30247229005807463
0.30220242934244834
0.3019324920506964
0.30168141394940406
0.30140867677583816
0.30124747609014957
0.3010032435596568
0.30071891667056516
0.30053535506095586
0.3002737095603927
0.29991812989441846
0.2996563997561953
0.2994548345520843
0.29913652527146983
0.2989307289811509
0.2987087392824269
0.2984657825592413
0.29827707821594307
0.2980486154895322
0.297820445057821
0.29764475624148623
0.2972847985214825
0.2970570393199976
0.2968234899575828
0.2965227715330744
0.29644591417735866
0.2962713982198697
0.2960312053865064
0.29580258562903883
0.29556667926388536
0.2954142839230389
0.2952522842099897
0.2951369275106237
0.2949526493933564
0.294855052667252
0.294759309166881
0.29467539740270565
0.294520025367353
0.2943310682553243
0.29423383006512505
0.2941406336399892
0.29409088849909804
0.2940247032620268
0.2939622621346878
0.2939280847791915
0.293863105445882
0.29384232282755307
0.2938334557151431
0.2938351500502129
0.2938366731673856
0.29383166775023606
0.29379753398805775
0.29383998853930826
0.29372323094158037
0.29374134727207
0.2938005375874294
0.2938709978881172
0.29388640672132826
0.29390647411845616
0.29399482427670287
0.2940099271873997
0.2941050372192642
0.2942064994696745
0.2943116726331162
0.2944520765402079
0.29456844602988663
0.2947003242709857
0.2948498317699215
0.29500583079714415
0.2951527868319602
0.295299159137282
0.29544380967985506
0.29558556215746246
0.29570669639573577
0.2958553720506052
0.29594200812036764
0.2961078156987429
0.2962247425981466
0.2964322544712068
0.29657589152066877
0.2967486846088988
0.29695100068961167
0.2971086420307243
0.29728446519809204
0.2974649129516236
0.2976793088524139
0.2978585022831709
0.29807378785041216
0.2982870369354095
0.2983752816224551
0.2985070664734447
0.298667205629921
0.2988361291299616
0.29901143139093433
0.2991536376535041
0.2993590786671553
0.29950092192052213
0.29972524737337214
0.2998651461942883
0.3000713477975927
0.3002338397591571
0.3004219671967008
0.3006208742701544
0.3007709867872663
0.30097027047266056
0.30119618300365314
0.30133442235059615
0.30145066550816924
0.3015729054237548
0.30173658339363785
0.3018758562932903
0.30201948596117545
0.3021433541965842
0.30229392502114394
0.302346002612474
0.30245200782686643
0.30261533054793066
0.30273125615353347
0.30282549563241135
0.3029037495112249
0.3030630332565851
0.30324188035024946
0.30336996504334457
0.3034660212605621
0.3035789803652792
0.3037119846530433
0.3038458263873933
0.304005691788357
0.30411151948033843
0.3042367056592836
0.3043488325040501
0.3044861503542141
0.3045642739120511
0.3046348825496139
0.3046767098921801
0.3047748524192
0.3048344782515322
0.3049200687901422
0.3049647527471666
0.3050186555176303
0.3050691015052258
0.3051111431165905
0.305198540324378
0.3053035186837738
0.3053609301223976
0.3053488140754924
0.3054304428877683
0.30541240623109844
0.30540535360535237
0.3053674498179947
0.3053741105110428
0.30538817996846235
0.30535589679436326
0.3053687970135919
0.3053456893376111
0.3053371711431633
0.3053641620743758
0.3053016333998365
0.305312823022157
0.3052499140851044
0.30519596022775963
0.3051772446364228
0.30512368783463195
0.3050584722090631
0.304980640630381
0.3048961995206455
0.3048760057647102
0.30478353073181585
0.30470368538083414
0.30466598275256973
0.30457231291961684
0.3044728823881021
0.3043627624652625
0.30425563484244966
0.30416454096896073
0.304088024318245
0.30403310630360236
0.3039843747786325
0.3038782397048059
0.30378638297015714
0.303655664466846
0.3035073000066413
0.30338715080503575
0.3032964404492663
0.3031777987164238
0.3030280772529935
0.30293850174012604
0.3028087949944438
0.30271129634937055
0.30259156045552904
0.30250671252816264
0.30238809653507126
0.3023015025631638
0.3022528127337544
0.30217664163149405
0.30212876049847437
0.3020273103385569
0.3018901322494605
0.30180110434878515
0.3016968618359589
0.3015837645188264
0.3015044109615268
0.3014436222406375
0.30138071758001383
0.3012798985273093
0.301170782383246
0.3010312633997122
0.3009092828456087
0.3008044718681955
0.3006641150161571
0.3005579679240865
0.3004653706184772
0.30038380955017463
0.30024059384150004
0.3001275189712169
0.3000430764721692
0.2999602818606981
0.29981373373134423
0.2997117984395018
0.29960400478483395
0.2994651227509223
0.2993658378718923
0.2992080140818437
0.2991047161671143
0.2989934635125915
0.29888380640439094
0.2987433197271625
0.2986272150583782
0.2985639257773586
0.2984596698790577
0.29833849112238353
0.29821839344947343
0.2981383441999548
0.29802574360616907
0.2979196175831609
0.2978835981630428
0.2977932205642557
0.2976917451394979
0.29758393526294025
0.29750519599779623
0.29739671394726697
0.29731247389560034
0.2972453942631771
0.29716721320405604
0.29710764076680074
0.2970385490616172
0.2969553505064523
0.2968552575599509
0.29679508553468026
0.2967415732475611
0.29665785012086454
0.2965896061035942
0.29651155892649217
0.29647430849757206
0.29635495990512806
0.2962961657048937
0.29622953521868134
0.2962080931485245
0.29613149393345306
0.29606709082302296
0.29603831185502294
0.29595706912402386
0.295901754323214
0.29585415141572513
0.2958154396256961
0.295754696931677
0.29571831057482223
0.29567369202187954
0.2956355587026156
0.29559486705419347
0.2955490225102644
0.29555162611513874
0.29552450329774205
0.2954919353395885
0.2954468088873785
0.2954517764314083
0.29546046145987004
0.29541559164786635
0.2954027471962203
0.29543856485180453
0.29543429730250426
0.29543543219115864
0.29546101873111097
0.2954824560017473
0.29552602082813895
0.2954883072206279
0.2955063427909064
0.2955177815933524
0.2955410196767736
0.2955679550020758
0.29558844978152077
0.29562517916387554
0.2956439362038653
0.29566793482085973
0.2956837554129029
0.29573845269843946
0.2957792465230231
0.2958110732626623
0.29583127036639256
0.29584847532585967
0.2959021407294915
0.2959380948170621
0.295978544034571
0.29603922664793547
0.29607402430110574
0.2961347715396129
0.29616361829282034
0.2961878809667432
0.29626228206910876
0.2963236886875844
0.2964109706668704
0.2965014825396113
0.2965444141718584
0.2966301535987641
0.2966871983225615
0.2967323669103036
0.29679540903949997
