0.19998000000029292
0.5201807400000815
0.5482664133333676
0.5371257000000178
0.5186565040000113
0.4973688266666745
0.4808474000000057
0.4635501400000046
0.44856100000000376
0.43442922400000306
0.4225614727272754
0.4115856400000022
0.4019627630769249
0.39244546285714454
0.3833395333333348
0.37530923000000127
0.36794557882353063
0.3605793444444455
0.3543323410526328
0.34854610800000096
0.3426458647619056
0.33675780727272797
0.33086247304347904
0.326394568333334
0.3215267776000006
0.3171852984615391
0.312773847407408
0.30897211142857195
0.30536172137931095
0.3015384266666672
0.2977695535483875
0.2941673862500005
0.29137935757575795
0.28875579764705905
0.2866109222857147
0.2848552211111115
0.2845047135135137
0.2841834021052635
0.28462345641025655
0.28548921800000027
0.28687299902439056
0.288284105714286
0.28966543627906993
0.2911818436363638
0.2926424844444445
0.29412571565217405
0.2953564944680853
0.2968431091666669
0.29844658530612256
0.2999664712000003
0.3013015568627453
0.3025710161538463
0.3040453426415096
0.305156108888889
0.30622198036363646
0.3072707421428573
0.30835885052631595
0.30914229379310343
0.30982118644067813
0.31034008533333357
0.31094245704918044
0.31110857032258077
0.3111793803174604
0.31120411312500007
0.3109205753846155
0.31066515515151527
0.31030739940298513
0.3099399558823529
0.30939624463768123
0.30884952685714284
0.30828780338028183
0.30755238388888895
0.3067944328767124
0.30602437513513503
0.3053567658666666
0.30439484736842115
0.30385509194805205
0.3031553697435897
0.30240771341772144
0.3015599680000002
0.30073248543209885
0.3001621834146341
0.29959529301204824
0.29898852285714284
0.29836103058823527
0.2977007288372093
0.2970952450574714
0.29646907227272723
0.2959923532584269
0.2954832884444444
0.29495938417582424
0.2944597865217391
0.29407586752688175
0.2936734582978725
0.2933383056842106
0.2930713950000001
0.2927584160824743
0.2924657057142859
0.29229806989899
0.2922564860000001
0.292180388118812
0.29205423882352943
0.29214492970873784
0.29219760423076935
0.29224218742857155
0.29235563358490557
0.29258537084112146
0.29276328148148145
0.2929858752293578
0.2931815392727274
0.2936276317117117
0.29391932035714285
0.2944006817699115
0.2947871389473684
0.29499216556521735
0.29537760137931035
0.2957635343589745
0.296140259322034
0.29648556638655454
0.2968781770000001
0.29734673388429744
0.29769329540983613
0.2979996790243902
0.29834669258064517
0.29865631296000006
0.2990484558730159
0.2993418258267717
0.29984120312500007
0.3001350524031009
0.3004184181538462
0.30081380396946567
0.3011568515151516
0.3014926463157894
0.3018055513432836
0.3022050245925926
0.30259159441176453
0.3029788537226277
0.3031723649275362
0.3035477876258992
0.30384642800000006
0.3040465704964539
0.3042617749295774
0.3044982976223777
0.3046811250000001
0.30488650813793106
0.30504916273972604
0.30527730285714283
0.30547519270270274
0.30557525798657725
0.30562131466666664
0.3057433125827814
0.30582770763157896
0.3058920674509804
0.3059157963636364
0.3059060472258065
0.30591367794871793
0.3059242815286626
0.3058370668354429
0.30582211572327056
0.30581249575
0.3056996129192545
0.3056492486419754
0.3055875541104296
0.3054349002439025
0.30527041551515155
0.3051709296385541
0.30506707520958076
0.3050861966666666
0.304852241893491
0.304707666117647
0.3045028973099414
0.30434170186046505
0.3041841089017341
0.30391452735632196
0.30373511954285703
0.30356176136363644
0.3034327254237289
0.3032683458426967
0.3030412386592177
0.30288898666666664
0.30269241193370167
0.30252286021978014
0.30233648852459005
0.3020932713043477
0.3018645504864865
0.3017017862365592
0.3015438444919786
0.3013935597872339
0.30106582116402114
0.3008985370526316
0.3006460722513088
0.3004086425
0.30022552746113995
0.30002309855670095
0.2998544250256411
0.2997006448979592
0.29950548791878173
0.2992753254545454
0.2991159366834172
0.29892722139999994
0.29878983980099505
0.29861175168316845
0.29841577064039415
0.2982423247058823
0.29803256039024384
0.29793198388349507
0.2977530788405798
0.29755721038461547
0.29738789856459336
0.2972087537142858
0.29705330028436017
0.2968487013207547
0.29674435849765257
0.29652549065420564
0.2963689505116279
0.29625231777777794
0.29613118894009216
0.2960547827522936
0.295961947762557
0.29591309672727273
0.29584107294117656
0.29577533747747753
0.2957196163228699
0.2956227119642857
0.29554495431111094
0.2955035532743363
0.2954398491629956
0.29534404649122803
0.2952745177292576
0.29525454313043487
0.29518046077922067
0.2951443972413794
0.2951312139055795
0.2951406143589743
0.2951260828936171
0.2951296281355932
0.2951724312236288
0.29518592218487394
0.2952442865271966
0.29532847949999996
0.2953984685477179
0.2954620416528926
0.29556993152263367
0.29565080491803275
0.2956994102857141
0.29579524699187
0.29587269068825905
0.2959657943548387
0.29608525140562236
0.29623535999999984
0.296371566374502
0.2965083568253969
0.2965789479841896
0.2967116807874015
0.29684770509803915
0.2969830990625
0.297059919844358
0.2971583764341086
0.297204200926641
0.29732050661538467
0.29745927846743303
0.2975570659541985
0.2976938649429658
0.2977656995454545
0.297896597735849
0.2980437160902255
0.29820653408239695
0.2982903343283583
0.2983725014126394
0.29849058725925937
0.2986241040590406
0.2987230488235294
0.298877943003663
0.29902070248175183
0.29914159141818186
0.2992773411594203
0.29940234469314086
0.2995002414388489
0.2996342493189964
0.29977076928571433
0.29991345480427034
0.30004216936170214
0.3002033007773852
0.30035246197183096
0.30048692168421054
0.3006176360839161
0.3007374685714286
0.30081339597222223
0.300929625467128
0.3010899153103448
0.3011510206185567
0.30124212273972595
0.3013722234812285
0.3014559314285713
0.30159157586440666
0.3017021006756758
0.30174456781144776
0.3018517967785235
0.30196962782608705
0.30210495373333335
