0.42256265932108106
0.41501049156020176
0.40964978278332653
0.40400978921545827
0.39810893446171025
0.39245027357533835
0.3867070740695093
0.38184610981723577
0.3767132001670921
0.37236029341821364
0.36795713243685346
0.3633212593324935
0.35913246189518677
0.35541285864743344
0.35242113114568296
0.3485460284602856
0.34499567665705577
0.34121275955433605
0.33791854328938875
0.3341299877677486
0.33085708484421683
0.3279438834227416
0.32549579004785234
0.3224349704433107
0.3196161867416285
0.3171891791475324
0.314459365108009
0.3119955977617488
0.3097988237325455
0.3076311952901082
0.30535916178732314
0.3031702288528981
0.300793246975146
0.29851813518269643
0.2962482722819896
0.294167261670386
0.2921212099460737
0.29075149549093715
0.2893743637536319
0.2878282100477332
0.2866100874862145
0.28550634273226283
0.28479150879286663
0.2845625981662946
0.2842145781528247
0.28418488781519935
0.2844260141244258
0.28479561171230494
0.28523705898019613
0.2860905247055683
0.2868724115727397
0.28764855456035876
0.28865761686074365
0.2894335791288746
0.29028868566214605
0.29117905854117543
0.2920541567450977
0.29284910331461667
0.2938565238276152
0.29461539360083455
0.2953566981136092
0.2963160891432318
0.2972334005535294
0.2980747097324171
0.299084849331374
0.29996552026208134
0.3008521128542012
0.3016389216364128
0.30240960351198287
0.30321478746102115
0.3040435243151862
0.3046265131586313
0.3054074217986046
0.3059978047365137
0.30661131159318267
0.3072736756202702
0.30793370683288646
0.3085372064237988
0.308984656348292
0.3094730574419776
0.3098190098949488
0.3100734401793296
0.31057099159797885
0.3108880775923607
0.3110441248994297
0.31110979035416253
0.3111087099319807
0.31120766426476043
0.3111950297649837
0.3112089692825134
0.310920955756787
0.31078873807542107
0.3105712799736555
0.31042944649534876
0.3101950756530436
0.3099380789355265
0.3095828637984368
0.30927304963309143
0.3090005510044441
0.30865319418521087
0.30828787883909536
0.30791478663348226
0.30740282078343717
0.30689356042186944
0.30650697713072783
0.3060232797926481
0.3055595240201716
0.3051625076130523
0.3045792862250297
0.3041228644577605
0.3038554985857107
0.30346056536228183
0.303017751707805
0.30252377772532424
0.3021266338202364
0.30156266015665045
0.30104087528753176
0.3006017391668453
0.30030008508578254
0.29994548554729505
0.299594089383348
0.2992378376503293
0.2988483989273134
0.29846178245703425
0.29808284914016203
0.2976990990676721
0.2973581493259799
0.2969579152704478
0.2965739755671426
0.296243215708633
0.295991754363493
0.29568948569081643
0.29540303747901875
0.2950661082953927
0.2947189374593818
0.29446191861286664
0.2942109933282795
0.2940242513395952
0.2937263429133111
0.2934784389373707
0.293338758397386
0.2931053355760159
0.2929548113405642
0.2927996964869761
0.2926499847022275
0.2924655970726471
0.2924129000261664
0.2923265040856937
0.2922822043731551
0.29219359620238283
0.29218164451810813
0.29216859422951624
0.2919881402899027
0.2920626909779981
0.2922470737854427
0.29219709095594415
0.292193347788428
0.29223117933684284
0.2923535728801
0.292460825866214
0.2925854207204126
0.2926847668861837
0.2928455658882918
0.2929627559977134
0.29311465962460626
0.2931819168762124
0.29342575682777006
0.2936974838084241
0.2938272503170847
0.2940953700985234
0.2944001155754258
0.2946495171646428
0.2948070828495324
0.2949653203228576
0.29511560453311014
0.29537727944358527
0.29565067573014714
0.2958525176664125
0.29608453070378726
0.2962650472382554
0.29648658552367324
0.2967350589215032
0.2969555531706376
0.29725647443124903
0.2974426681098322
0.2976924839221048
0.29787599800325937
0.2980487956960969
0.2982810258174894
0.2984240510032974
0.29865669305070885
0.2988994050945941
0.29912798673215013
0.2992774233082388
0.299527421079154
0.2998409602202503
0.30001020577014903
0.3002070794227235
0.30038205066571755
0.3006254931372595
0.3008128139126931
0.30103377679905297
0.30125801445993106
0.3014578424063892
0.3015966154372046
0.30180638045728425
0.30210200743240334
0.30224145198439645
0.3025161826453353
0.3027387631066908
0.30297783631800934
0.3030787772947344
0.3032235862859425
0.303483456172127
0.30364588485779753
0.30384738135340195
0.3040082416902442
0.3040722580343599
0.3041866074564281
0.3043264531270409
0.30449740894742516
0.304619071196478
0.3047393936746099
0.3048652632116895
0.3049353051379714
0.30505015582213124
0.30517787950597464
0.3052905005305715
0.3054246705340603
0.30553412080070197
0.305574652449198
0.30556400382888216
0.30563891097058715
0.30571530983462847
0.30575563547640083
0.30582718174629175
0.30585871449372803
0.30588732922627837
0.3059061591757596
0.30586791809315805
0.30590587691080884
0.30592595119016863
0.3059388914710517
0.30591112654480423
0.305899734942484
0.305837855111209
0.3058150331841527
0.3058389102247615
0.3057985973699592
0.3057639065634745
0.3057011033554079
0.30563420462154023
0.3056432884627478
0.3056062662239143
0.30555876163863116
0.3054353821163197
0.30532385057576017
0.3052568309404734
0.3051646608741386
0.305140411827418
0.3050668234333216
0.30508408661585507
0.30500705815345786
0.3048918646823042
0.3047905743690371
0.3047082814215075
0.30456473653544724
0.30446798080371584
0.3043638962327082
0.3042778145914322
0.3041836942008027
0.3040478218292878
0.30388244475596415
0.3037689595754687
0.3036975559835302
0.30356149575169966
0.3034717474198725
0.3033868833937736
0.30327993113603047
0.3031625567965883
0.3030422296561226
0.3029336403492654
0.30284925166398635
0.3027393982736707
0.3026037015476313
0.3025225411236717
0.302434725886885
0.3022877002049129
0.3021132333114618
0.3019786792610404
0.3018638888258256
0.301771108481798
0.30169477013401735
0.3015792193567659
0.30151143288306614
0.3013935156313996
0.3011765419687613
0.30104630036606816
0.3009176596603367
0.3007959788823309
0.30064644517952366
0.3005021574135255
0.30037255387362527
0.30023365905981225
0.30015058867692723
0.3000225557964493
0.29988969145908684
0.29981446937957934
0.2997323070810082
0.29964195533803994
0.29950592305169843
0.29937082375589463
0.29925411317266715
0.29913365798154723
0.299055378892055
0.298926538026538
0.29884478658503144
0.29875964220640383
0.29863249150891147
0.298513304163344
0.298415168192284
0.2983326452187085
0.2981890948962732
0.2980755040776406
0.29795656831214057
0.29793303323595466
0.29783006750248553
0.29773237918183315
0.2976120028026975
0.2974781034338806
0.2973881815197911
0.2972797988356859
0.29715550871123564
0.2970792375514587
0.29697003128668986
0.29684930202764337
0.29678883282110335
0.2967169351003144
0.2965765860398373
0.29645124659631206
0.2963686484359519
0.29632544826108365
0.29623463564721153
0.2961399079703948
0.29608898030264985
0.2960553364727857
0.29602495180690924
0.29596074768316394
0.29593183042022786
0.29587584044994597
0.29584168646306475
0.29581541183701443
0.2957771295023668
0.29573053862705445
0.29567327768422347
0.29562239439499505
0.295562551792121
0.2955605576026268
0.2955063991199284
0.29548909822358504
0.2954406346613522
0.2953867241535362
0.2953194820503786
0.2952772445605285
0.2952258808420932
0.2952551623957934
0.29520593608494017
0.2951759549099955
0.29515975639323244
0.29512625148558647
0.29513109307389973
0.29514971185763006
0.29512051906107506
0.2951336778821787
0.29516605800004914
0.2951291693467537
0.29515745550080774
0.29518158742123723
0.29517698492597544
0.2952089269370193
0.29524498723429893
0.29531892739476406
0.2953562073740279
0.29537764275551726
0.29541462047607325
0.29546157269551454
0.295526654927168
0.2955740971004087
0.2956329270983815
0.2956790476096952
0.29569900048898
0.29576226617448387
0.29581927726992463
0.29586198457211066
0.29587842342637294
0.2959660865049084
0.29606244775739965
0.2961224773856158
0.29621868672432883
0.2962903418453209
0.29637122141133165
0.29643020773466433
0.29652662301873356
0.29656110368758204
0.29664851061445185
0.296711380481402
0.2968175826532464
0.2968828198924921
0.296977847910749
0.29702646343717887
0.29706021024140883
0.2971299680356895
0.2971714350669519
0.29720162743556977
0.2972377098980029
0.2973201727847483
0.2973767236198953
0.2974757080977857
0.2975266021593599
0.2976044171527569
0.2976940406038332
0.297738893200981
0.2977899096819907
0.29785365479883286
0.2979522095344457
0.29804346311538576
0.29813610625364306
0.29822456117107865
0.2982715418756847
0.2983248988263031
0.29837239945903316
0.29845420293338487
0.2985332094990448
0.29859887392826734
0.2986679934915206
0.2987231895758746
0.29879863778329996
0.29891071172087236
0.2989962319183579
0.2990783386139495
0.29914171697579417
0.2992281665661587
0.29930468226262297
0.29938587722968
0.2994216103256022
0.29949983582722006
0.2995991671925107
0.29965156644095003
0.2997343865864094
0.2998184667036138
0.29991295659285166
0.29999150020703147
0.30006666333569354
0.30017666129891185
0.30025356298769434
0.30035299750211086
0.3004367902577584
0.3005151931382841
0.30058435471263456
0.3006674470443066
0.3007372507576661
0.30079335082986847
0.30084980163067443
0.30089607188093637
0.3009822683360528
0.301089440820304
0.30113319080054424
0.3011599637774476
0.30121148369532813
0.3012775351419529
0.3013724217559193
0.30140439489400195
0.3014889428884724
0.30156350764145723
0.3016286878325578
0.3017027533802389
0.3017531041490924
0.30176089398445094
0.301838033403649
0.30191221019585135
0.3019702048630134
0.30205908875773624
0.3021199728314278
0.302181769203304
