0.3999600000001712
0.6051783600000464
0.6092205466666869
0.5850232000000108
0.5610129760000071
0.5396890800000048
0.5181993714285751
0.49853065000000296
0.4807566933333357
0.46602044000000187
0.4513647927272745
0.4386975500000013
0.4283405907692319
0.418378537142858
0.40830044000000076
0.3982394100000006
0.38978620000000075
0.38261438222222277
0.37532350736842157
0.3679755500000005
0.36209023619047664
0.3558623945454551
0.3504071391304352
0.34455095333333363
0.3397190992000003
0.33458157538461575
0.3299817718518522
0.325550855714286
0.32108765241379333
0.3169098666666669
0.3131577535483874
0.30960514250000015
0.3055684121212122
0.30216245058823554
0.2989954754285715
0.29591709888888906
0.29287403675675683
0.29013410526315797
0.2876002717948719
0.28578023900000005
0.28506968682926837
0.2844947857142859
0.28452729116279074
0.284997540909091
0.2855405377777779
0.28652708608695665
0.28740706127659577
0.28861069416666685
0.2900057779591838
0.29171904000000004
0.2932521968627452
0.2946750776923077
0.296487809056604
0.29792632740740754
0.2992663781818181
0.30061025500000016
0.30199005754385966
0.30327870965517245
0.30492248745762707
0.3062124273333333
0.30728286885245903
0.30822358709677433
0.3092576971428571
0.3098978725000001
0.3107559544615385
0.311263296969697
0.31157654447761196
0.31180158588235296
0.31184178144927543
0.3117258977142857
0.3116503735211269
0.31134944777777784
0.3108569808219179
0.3102809308108109
0.3096782949333333
0.3089797015789474
0.30814971168831173
0.3073869461538461
0.306743728607595
0.30608318700000003
0.30538479555555553
0.3045180985365853
0.3036722693975904
0.3029165014285713
0.30204585647058824
0.3013156572093023
0.3005415521839081
0.2998573395454547
0.2989685496629214
0.2982985462222223
0.29757730021978035
0.29697743826086964
0.2963474378494624
0.29566084468085096
0.2949935587368421
0.2945048416666667
0.29390440000000007
0.2932887942857143
0.292874162020202
0.2926404899999999
0.29227234891089116
0.2919418294117647
0.29170982601941753
0.29159385038461527
0.2914866148571429
0.2914310471698115
0.29140442355140195
0.29156075148148153
0.29174284880733947
0.2919453719999999
0.29223167747747747
0.2924573857142857
0.2927463093805309
0.2930424877192983
0.29343931095652187
0.293875354137931
0.29434556341880325
0.29464979457627116
0.2950221273949579
0.2953971470000001
0.29579739305785135
0.29610672754098355
0.2965713531707318
0.29705114258064513
0.29746949536
0.2978190263492063
0.29818896188976374
0.2985750146874999
0.2989853860465117
0.29934899507692314
0.2997894851908399
0.30007130424242423
0.3004911362406014
0.3008107991044777
0.3011113866666667
0.30142238764705886
0.30178251678832135
0.3020649866666667
0.30238896460431663
0.30276397114285714
0.30299678808510633
0.30325341943661976
0.3036290058741259
0.30401552472222215
0.3042279445517242
0.3045240871232877
0.30478168571428554
0.3050767991891892
0.3052672759731544
0.3055072472
0.3057125202649007
0.3058593560526316
0.30601305568627446
0.3062343646753246
0.3062943440000001
0.30632597538461537
0.30638285834394896
0.3064275156962025
0.3064472759748429
0.30639963525
0.3064023100621117
0.306343790617284
0.3064429769325153
0.30643748512195124
0.30632703757575763
0.3062110650602409
0.3060609238323354
0.3060756842857143
0.3059500998816568
0.30587928776470596
0.3057225539181285
0.30549515209302314
0.305328892716763
0.30520589954023003
0.3049771970285715
0.3047919
0.3045072840677966
0.30430020404494396
0.3040829387709496
0.30397031666666663
0.3038065542541436
0.30356715956043945
0.30340774273224047
0.30319339456521743
0.30291316735135143
0.30269900731182775
0.30244514374331544
0.30212561319148945
0.3019223968253969
0.30168759536842105
0.3014683040837697
0.3012130970833333
0.3009923065284974
0.30072150886597937
0.3005538637948719
0.30035940061224486
0.30012885116751264
0.2998462046464646
0.29954179075376886
0.2993017198
0.29909979124378105
0.2988897463366337
0.29870008000000003
0.29851303235294113
0.29834117287804895
0.29814980446601935
0.29793294376811597
0.2976865953846153
0.29750016497607645
0.2973061220952381
0.2971220781042654
0.29693654320754725
0.2967332899530517
0.29659526280373827
0.29642738772093025
0.2961983072222223
0.29606106986175107
0.29591203339449534
0.2957692593607306
0.2956847630909091
0.2955715647058823
0.2954014396396397
0.29530588430493276
0.2952072573214286
0.2951465479111113
0.29506111115044265
0.2949399920704845
0.2948832978947368
0.29479965502183403
0.29476710347826085
0.2947161584415584
0.29466214293103443
0.29464123502145934
0.29464129589743593
0.29461011744680843
0.2946404622033899
0.29465823713080175
0.29475933579831926
0.2947962595815897
0.2948038986666668
0.29489144182572613
0.2949726966942148
0.29498894567901235
0.2950542904918032
0.2950720995918368
0.2951937943089431
0.29528068647773276
0.2953445729032258
0.2953784541365462
0.29549530704000004
0.29561860430278886
0.2957003980952382
0.29576223509881416
0.29584913937007873
0.2959697433725491
0.2961131423437501
0.29623870739299607
0.2963683530232558
0.2965669814671814
0.2966919558461537
0.2968193653639847
0.2969417044274809
0.29712145992395433
0.29729898757575757
0.29741616045283026
0.2975820034586465
0.2977183285393258
0.29786678388059695
0.2980299922676579
0.29817687970370366
0.29836345933579345
0.29849479588235295
0.2986501355311355
0.29881648175182485
0.29898623461818186
0.2991508747826087
0.29931274267148
0.2994867716546762
0.2996079658781362
0.29978574657142865
0.29992111188612103
0.3000876882269504
0.30024497568904596
0.30037753267605627
0.3005571504561403
0.3007282934265735
0.30086771749128927
0.3009621958333334
0.3011468423529412
0.3013083813793104
0.3014387079037799
0.3015505865753425
0.30168226129692843
0.3017939385034014
0.3018879096949152
0.30195329716216224
0.3020533053198653
0.3021494426845637
0.30229583438127094
0.30240140933333337
