0.4513632302405516
0.4436259814824407
0.437041520352794
0.43068866857294763
0.4246871818982383
0.41837489249846516
0.4120311305634332
0.40611022908196237
0.4003645932226998
0.39501405504945264
0.3897868786691616
0.38524258571120185
0.3810491115286986
0.376738081256184
0.37234413241373676
0.3679782427824283
0.3643902358275327
0.36064183718714415
0.3567856558317053
0.35366067822034153
0.3504111835755097
0.34679789743980904
0.34363066388978447
0.34068238695473374
0.3376520279687245
0.3345766652051172
0.33188406003052684
0.32901188905800804
0.3262865466658037
0.3236070232888968
0.321088648197574
0.3185251217913636
0.316309459665296
0.31376316534522974
0.31192528678526643
0.3096055844099028
0.307274034196529
0.30482244049662965
0.30262129894259737
0.30078397374403343
0.2989945136829355
0.2972490581407763
0.2952089398283969
0.29337148625807763
0.29183465740458536
0.290139024415918
0.28851696485474043
0.287091211179649
0.28610862818406135
0.2854752840360597
0.28506675886223853
0.284674644108866
0.2844057313067836
0.2844883522820201
0.2847317264134859
0.28500169409860976
0.2852711281216509
0.2858137978486631
0.2863355608539776
0.28690900176293865
0.287405089808893
0.28814797078979315
0.28889791285441024
0.28975268710117674
0.2908830574212853
0.2917198960795844
0.29263227878371056
0.29343211301606664
0.29433166575932745
0.29535134294405707
0.2964855282472765
0.29734745166959586
0.29804571419082726
0.29894684250672454
0.299813457449305
0.30060848181600663
0.3014639454556376
0.30219598005587445
0.3030228813940533
0.3039627351463533
0.3049239295726426
0.30571584837533006
0.3065000159468968
0.3070686900285856
0.30748484555324274
0.30822178103800335
0.30883056846826995
0.30941872695799677
0.30977097702500633
0.3102109214624891
0.31075553863242644
0.31109744938246764
0.3113584702672818
0.3114687268524756
0.3116538954121526
0.31180197794699394
0.3117981851259044
0.31176982852551605
0.3117746111020375
0.3116321719663978
0.31165247817599484
0.3114687054991774
0.3112664353640868
0.31095822048961685
0.31066024566824424
0.31027945453906636
0.30991095927871115
0.30949666967199374
0.3091448602766761
0.3085740530734373
0.3081493471411615
0.30770687579091704
0.3072992015324848
0.3068719070352971
0.3065309607832766
0.30608614496536246
0.30567730217692857
0.3052334707720955
0.3047000396088988
0.304210388617448
0.3036722987284307
0.30315346759202766
0.3027197387642252
0.30220152382434884
0.3017792933941299
0.30131643027076793
0.30083280123048783
0.3004236241367525
0.3000923129665444
0.2994406785988204
0.29896841543464137
0.29863665744789614
0.2981696041454638
0.2977482741151414
0.2973463427709908
0.29697670581892577
0.296702584454826
0.29622811229208645
0.29577594557770914
0.29537258489954443
0.2949920747201573
0.2946666714783922
0.29441926469701607
0.294015929578367
0.2937059581231173
0.2932885840583349
0.2930606911981566
0.2928160913630874
0.29271281685935246
0.2925443271799347
0.29227422371133416
0.29212448075685193
0.2918746406548741
0.2917393685590829
0.29163324551884995
0.29159333633333917
0.2914779460381377
0.29140786142178976
0.2914097676933226
0.2914212397015784
0.2914062368340875
0.2915138762339706
0.2915884404592244
0.2916693561936694
0.2918199834003353
0.29194599862908843
0.2921087902509769
0.2923210629875235
0.2923898881751129
0.29254473032870165
0.29274694061405426
0.2929574705237158
0.2931301222944348
0.29336025515723896
0.29358935786717133
0.2938770885811872
0.29411070808011686
0.2944230404830043
0.2945834035371877
0.2947605477374118
0.29502166171707855
0.29526725680143273
0.2954556139028518
0.2956845304379644
0.2958512127697078
0.2961069367326833
0.29638673521490233
0.29670154967784046
0.296968874424676
0.29714686406248236
0.29747033019252833
0.29766468465714124
0.2978828782612968
0.29807633434753056
0.2983994324951844
0.29857407324073937
0.29878991957996826
0.2990242320808546
0.29929200738367867
0.29952196383736784
0.29978912288415693
0.29997112077677934
0.3001064720218942
0.30043218634365443
0.3006359072502358
0.3008107562847109
0.3009811724831687
0.30116374506471155
0.30137166225576184
0.30158806317897824
0.30178239457283884
0.3019880047790767
0.30212348310200166
0.3023565660757437
0.3025314577208862
0.30276465466379243
0.30289117068445326
0.3030557781243315
0.3031997448515442
0.30337826612116037
0.3036305660567358
0.30382154975146203
0.3040495266983726
0.3041802967959901
0.30435043115602634
0.3045242857866929
0.3047028275618384
0.3048434885101746
0.30502079637455537
0.3051283919520107
0.305267038345018
0.3053804859364786
0.3055311483770283
0.30569946312926144
0.30573039581294015
0.3058607917905156
0.30597718699500265
0.30606360204125593
0.30616267472389425
0.30624557764971194
0.3062952874777902
0.3063079899845629
0.30633422667634647
0.30637761591532653
0.30634464224223934
0.3064266378818201
0.306442808250704
0.3064360974071575
0.3064222447086917
0.3063834858896335
0.3064019069588906
0.3063519693712493
0.30638428345780944
0.3064384171233625
0.3064784839393928
0.30643681602050743
0.30639567131916323
0.306305359086391
0.30626687209514125
0.3061648637798844
0.30606115612114504
0.30605429302421605
0.30605422111084557
0.30600687192757337
0.30593036083867864
0.30587852868062193
0.3058330941771328
0.3056781653950531
0.3055462829409581
0.30545288764836154
0.3053283438477964
0.3052290264159291
0.30515882991828924
0.3050474118391441
0.304850298689052
0.30479132987651125
0.30459530973421267
0.3044448979062053
0.3043402785604933
0.30421599048877856
0.3040823376338967
0.3040296208570389
0.30392261978093205
0.3038256129708108
0.30366290712558663
0.3035673475465357
0.3034594985317617
0.30335935945344916
0.30323806217416993
0.30310551323808377
0.30291245341886863
0.3028222675886504
0.30263831959003173
0.30251615890381034
0.3023007692644283
0.30212502577130396
0.30202398655777996
0.3018886921656364
0.301743875283325
0.3015655883041892
0.3014679094951932
0.30133587164496
0.301186317467552
0.3010597621989235
0.30088725975931707
0.3007215604345984
0.3006473721966826
0.3005078791064336
0.3003872762893527
0.3002601604482287
0.30012815556157924
0.2999432461976176
0.29976014577209464
0.29960526207772853
0.29945995783345813
0.29930148640148635
0.29917569100268304
0.29907421886105257
0.29896265060718596
0.2988306584295044
0.29869940098463144
0.2986046594348325
0.29849286933679664
0.2983723822972483
0.29824510822308514
0.2981506769424048
0.29802102838434497
0.2978607376068897
0.2977257988698738
0.29762362775780016
0.2975003858376898
0.29740609017756703
0.2972577912062715
0.29714462243322814
0.29705992446539686
0.29693613305295563
0.29679614533974163
0.29669434802471684
0.2966079276968454
0.29648934999006527
0.29642707100192656
0.2962852174259901
0.2961430172460844
0.29606288723513585
0.2959951914399185
0.29591229964431165
0.2958396334305887
0.2957629217727388
0.2957008920845242
0.29561897252175373
0.2955709977113101
0.29547820359043653
0.29540858425615146
0.2953424783146126
0.2952552799957744
0.295206628130918
0.2951766880469173
0.2951084046255813
0.29508773373581376
0.2950131675911374
0.2949407295513037
0.2948981975379591
0.2948720725434467
0.2948008514867583
0.29474399480731894
0.29476720040626114
0.29476312633402113
0.29469728062048506
0.2946610217092509
0.2946622519468607
0.29464115909112365
0.2946550371190386
0.29463971643015907
0.29462226143293135
0.2946335521950316
0.2946407038480541
0.2946465402760273
0.29467407046717575
0.2947604656521998
0.294772549557508
0.29479631706804776
0.294796499579716
0.294829096027557
0.2948854969979211
0.2949219436801521
0.29497213328275484
0.29497221176604427
0.2949859168469712
0.29502433463850264
0.29506989375605064
0.29507207818128833
0.29514622544480895
0.29521770066425734
0.2952648900850001
0.2953038239319514
0.29534426326150265
0.29536412732431805
0.29540684470854306
0.2954772878921441
0.29554230865999087
0.2956181663092958
0.29567277215641663
0.2957290937582028
0.29576434672812246
0.2958067284188859
0.295848859487291
0.29592901259152604
0.2960064729674553
0.2960873440088694
0.29617070426732006
0.2962381696016885
0.296324424397845
0.29640911859730346
0.296523314082932
0.2966216500552429
0.2966918593783534
0.29674584209197397
0.29685294115845406
0.2969206409630566
0.2970276395789936
0.29712108290576655
0.2972307289307504
0.2973219691309379
0.2974066759113866
0.29748895115972207
0.29758182908408204
0.29768161634029733
0.297756308724782
0.2978384671683847
0.2979142080582773
0.29803060946513726
0.2981234160411098
0.29822136308020963
0.29832011847866957
0.2984351911092049
0.29849521426118697
0.29859128869500273
0.2986831439115255
0.2987713287591883
0.2988839163148077
0.2989864841356249
0.2990896580476473
0.29918552417489086
0.29927670822016483
0.29938408383856074
0.2994873271851275
0.2995393549456963
0.29964992589536243
0.2997477797339384
0.299820118487959
0.29992188528248065
0.3000202283524349
0.3000986895809281
0.3002151749046498
0.30030418151318394
0.3003770400542536
0.3004735117171552
0.300581740590281
0.30067251026767694
0.30077148273148235
0.3008672303604393
0.3009222190696934
0.30098291123033394
0.30110398088918333
0.3012257369217256
0.30130893641995615
0.3013862844365345
0.30146436014035716
0.30152476903685344
0.30160600048290054
0.3016819213528473
0.30174597005856285
0.3018136669705417
0.3018828271253917
0.30193940964076493
0.3019531744953883
0.30200103459274086
0.3020567434432998
0.3021181669698906
0.30221226696532644
0.30229570193692445
0.3023497456940891
0.3024299874283727
0.3025439036196167
