0.5999400000001319
0.7206105600000381
0.6985878133333508
0.6631396300000094
0.6304126480000058
0.6007745400000041
0.5748801542857174
0.5527042000000023
0.5332079644444464
0.5150824600000015
0.5005731381818195
0.48600521666666774
0.4736120092307702
0.46132414000000077
0.45064071466666733
0.44051951000000067
0.43048039764705937
0.4215963888888894
0.4131598505263162
0.4054185500000004
0.3979953904761908
0.39091411818181865
0.3838397895652179
0.3781336533333337
0.37240176800000024
0.3670663615384617
0.36197975703703733
0.35728819571428594
0.35303806344827604
0.3483455120000002
0.344117668387097
0.34005547250000023
0.3358181139393942
0.3323632976470591
0.3292567565714287
0.32556813111111127
0.32172534486486504
0.31851601263157914
0.3152549261538463
0.3122415270000002
0.3090853629268294
0.3063815476190477
0.30361661488372105
0.30070728181818196
0.29778305155555573
0.29518037130434804
0.2927922280851064
0.2905835925
0.2884536057142857
0.2869650208000001
0.2859544643137256
0.28548883461538466
0.28523731924528306
0.2855567562962964
0.28585432218181817
0.2866512271428572
0.28720868631578944
0.2882651827586208
0.2892581538983051
0.29042999933333336
0.2917448845901639
0.2930279529032257
0.29437644380952377
0.29545835624999994
0.2965604356923077
0.2978821296969697
0.29914487999999995
0.30024959411764707
0.30137563304347825
0.3024432622857143
0.3034538647887324
0.30449330333333346
0.3052813956164384
0.30624669675675686
0.3070829461333333
0.3079603052631579
0.3087568238961039
0.3093668420512822
0.3100546511392406
0.31057230300000005
0.31094162024691363
0.31108083170731704
0.3111215084337349
0.31097144142857147
0.3107713341176471
0.31049497209302324
0.31010360873563225
0.3098266440909092
0.30940320359550555
0.3088350506666666
0.30831614197802193
0.3077014182608695
0.307169745376344
0.3065955051063829
0.3060069562105263
0.3052611641666666
0.3046530272164948
0.30401957265306123
0.303584412121212
0.30295201640000013
0.30222813227722767
0.30150226705882355
0.3010398702912622
0.3003444888461537
0.2996631047619047
0.29899436792452827
0.2985516897196262
0.2978702862962963
0.29730299926605497
0.29666930254545454
0.29624554270270287
0.2957112764285713
0.2952336683185842
0.2947511652631579
0.29443592104347827
0.2939924220689655
0.2936983046153846
0.2933847603389832
0.2930412063865546
0.2927445746666667
0.29254968231404965
0.29237207114754105
0.2921434061788617
0.29197474354838715
0.29188651647999997
0.2919561501587302
0.2919859798425195
0.29204997312500003
0.29223222077519384
0.29247166615384623
0.2926598280916032
0.2928884757575757
0.29318655909774427
0.29334981223880596
0.29357378014814817
0.2937933532352941
0.2940386037956205
0.2943551536231883
0.2947010618705036
0.2950611334285712
0.29548281078014194
0.29578121014084513
0.2960469457342658
0.2963333972222223
0.2967051180689654
0.29703332136986305
0.2974165292517007
0.2978797854054054
0.2983060040268456
0.29863172400000004
0.2989865388079471
0.29934793236842117
0.2996729022222222
0.29998338519480516
0.3002470683870967
0.30051701589743585
0.30071544942675166
0.3010422227848102
0.301316191446541
0.30168806125000014
0.30196028521739127
0.30229098543209876
0.3026093376687117
0.30273828658536583
0.30316711006060615
0.30341697036144577
0.3036679118562875
0.3038433123809524
0.3041511150295858
0.3043621712941176
0.3046107326315789
0.304804121860465
0.3049513650867052
0.3050861188505747
0.3053207154285714
0.30546786977272733
0.30560175819209046
0.3057312262921349
0.3058610567597767
0.30598583533333323
0.30598262386740327
0.30608233714285726
0.3061560579234973
0.3061952578260869
0.30624461275675674
0.30616216516129025
0.3061561129411765
0.3061346904255319
0.3061004977777778
0.3060599661052633
0.3059892046073298
0.3059608916666666
0.30594315378238335
0.3058694035051547
0.30573274584615384
0.3056036634693877
0.3054062582741117
0.30529406303030304
0.3051828098492462
0.3050009467999999
0.30482757353233825
0.30470913920792086
0.30448997931034494
0.3043082419607843
0.30411477697560985
0.3039055774757282
0.30364894241545903
0.3034433803846154
0.3033020218181819
0.30320373180952376
0.3029857709952607
0.3028277075471698
0.30260771849765256
0.3023667476635513
0.30218241283720937
0.30199420407407407
0.3017426823963135
0.30157127504587156
0.30129651908675803
0.30109984454545446
0.30087874624434385
0.3007170904504505
0.30051514977578486
0.30028766964285714
0.3000872023111111
0.29989739752212385
0.2996875721585903
0.29943528421052634
0.2991661271615721
0.2990070685217391
0.2988130330735931
0.2986274594827586
0.29845182128755365
0.29832278752136754
0.2981724102127661
0.29801023101694923
0.2978061579746837
0.297657817815126
0.2975697487866109
0.29736733299999996
0.2971789039004148
0.29702911719008274
0.29690818370370375
0.29673328557377054
0.2965887247346939
0.2964562700813008
0.2963019752226721
0.2961325127419353
0.2960318435341366
0.29586292304000006
0.29571014167330667
0.2955867598412698
0.295476306403162
0.2953733081889762
0.29529219843137255
0.29521554796875005
0.2951247841245136
0.2950780849612402
0.2949545935135136
0.29491954923076924
0.29488201762452104
0.29488622961832045
0.2948443797718632
0.2948342242424242
0.29483561192452834
0.2948058849624059
0.2948268414981272
0.29483382716417905
0.29484991330855026
0.2948586601481482
0.29485809210332103
0.2948815776470588
0.2949553254212457
0.29498480744525546
0.2950654721454544
0.29514592623188396
0.29516504086642603
0.2952952843165467
0.2953674728315413
0.29548160814285707
0.2955640125266904
0.2956514226950355
0.29579771632508833
0.29584111971830984
0.29596430021052633
0.2960475304895104
0.2961491914982578
0.29626215833333336
0.29632883363321805
0.29649530993103446
0.29662698158075596
0.29674480013698634
0.296834521774744
0.29696444503401354
0.2970782599322034
0.29723042081081075
0.2973858334006735
0.2975139414765101
0.2976735274916388
0.2978158469333333
