0.5005781832396966
0.49139021534854166
0.4835626305349279
0.4760585337270904
0.4686354199316416
0.4613354290775591
0.45541913861833805
0.44863086224818827
0.4424983670679382
0.43658877913145344
0.4304744161696026
0.42506007000079593
0.4197666710623199
0.41493604719199195
0.41028592562809973
0.40542983129831334
0.4010967514247714
0.3963746837234321
0.3923096294461421
0.387958070161341
0.3838348498682601
0.3805929211264505
0.37707217001793447
0.3735157452882688
0.37017654390979493
0.36706894591496875
0.3639266829073905
0.36093591349936427
0.357997307174872
0.3554203557771536
0.3530389071648772
0.35024400772978226
0.3475121682925053
0.3449413989701232
0.34256370741214937
0.34005963974774867
0.3377148197228206
0.3350935505635577
0.3329009621358707
0.3311144070605063
0.32925475974148444
0.32717307119702943
0.3245771219730498
0.3224712411480499
0.3204956780517545
0.31851496428928583
0.3165688076104022
0.3146354496706616
0.31275478720998606
0.3108989148461132
0.3090819930828933
0.3074278313838049
0.3058156024436135
0.30414942639918896
0.3025216148461516
0.30070611911872347
0.2989862371580143
0.29724608029239075
0.2957491172450535
0.294185990025819
0.29279538423567764
0.2915275791074752
0.29027377167540125
0.2888515014405797
0.2878416758772303
0.28696403065612275
0.28632619377942214
0.28586479986249946
0.2855197398445555
0.28525278455261305
0.28523675598775855
0.28545884163746893
0.2855649249628227
0.2857448702367529
0.28618178874291966
0.2866493683906015
0.28699354167329216
0.2874421578397127
0.28799070619621525
0.2887247589889007
0.2892559408675962
0.28992883633837696
0.2906636324373172
0.291517865848243
0.29228934198482726
0.2930288958996642
0.29379283671832823
0.2946599251896367
0.2953029837084129
0.29585393960850803
0.29656140080431026
0.2973519282070982
0.29804392248919176
0.2988908706313492
0.29964358143495995
0.3002529569204615
0.30099642826947015
0.3015708967366957
0.3021234969154639
0.30291272389978385
0.3034523356403822
0.3039664912471822
0.3046494929348833
0.3051328248154528
0.30560303188837024
0.3062469279646701
0.3067438456939563
0.3072965744589746
0.30774855052388006
0.3082748742797755
0.30875618196410903
0.30909080564640623
0.30951406141703686
0.3099565387221793
0.31029631686729686
0.31057380518451294
0.31076200263524223
0.31094575232943933
0.31109541221372183
0.31109689028371434
0.31111984872252696
0.31111210864140826
0.3108797971016558
0.31086466170910787
0.31056600952227054
0.31049355951990587
0.31033247536368436
0.31002924754414585
0.3099705773817253
0.30962189394093653
0.30940183124007015
0.3091946787827652
0.30877044583247404
0.30836103009037474
0.30807461176063844
0.3077015786990841
0.3073606696774722
0.30707646046450743
0.3067458538291128
0.3063378945718105
0.3060073105417065
0.3055762378163972
0.3051255526518766
0.30473734181268974
0.30433112490990755
0.3040181524860255
0.30377627277134445
0.30345774346319243
0.3030415750332166
0.30265365369253727
0.3022269994594048
0.30186275583219646
0.30142983156522807
0.3011668822312884
0.30076556801850673
0.30034363354544913
0.29992858667033784
0.2994944684305484
0.29912660156257376
0.298789928364527
0.2985522655182533
0.2981362996957244
0.2977022373423981
0.2973990340055771
0.29710084022091454
0.2966707628559324
0.2964016421367851
0.2961402835256899
0.2958335136556596
0.29552212245929255
0.29523516554896556
0.29492584300324476
0.29467698244655416
0.29446136265045764
0.29423610768822817
0.2939931584364801
0.2937862128408453
0.29361385343660995
0.29347251370545624
0.2932655996040534
0.29304041704271766
0.292901231774635
0.29272938241161806
0.2926127332992273
0.29244801638882423
0.2923734542187775
0.29225698459540717
0.29211176008402606
0.2920173168292678
0.29191509230722246
0.2918853836566139
0.2920029574887858
0.29195818678001073
0.29196641272304846
0.2920328466763683
0.2920504596100931
0.29219065146291046
0.2922613915811014
0.2924369465900565
0.2925653485664854
0.2926607883370814
0.2928418622216751
0.2929223843001274
0.2931523091149234
0.2932156343562735
0.29335025380634894
0.2934918635837498
0.2936166052020788
0.29375921717115927
0.2938738119850616
0.2940381202016352
0.2942157202263376
0.2944057720778178
0.2946302967295342
0.29484284496821367
0.2950619910885586
0.2953103525040577
0.2955433884467258
0.2957270079365415
0.2958338341767335
0.2960474483181095
0.29619433216480806
0.296419070900237
0.2966462877711158
0.29683090857071326
0.2970346990886289
0.29726279449221626
0.2975228685093323
0.2978073308624233
0.2980244726744914
0.29830508430212654
0.29848605185301047
0.29871084422216276
0.29892374936836785
0.2991201226157497
0.2993488437484785
0.2995427746301108
0.29973466688598815
0.29993547650907226
0.30010192875897523
0.300246255672588
0.3004222333190659
0.30057468588308056
0.30067435864076364
0.30083010359606543
0.30104186068589955
0.3012066775620146
0.3013613892731021
0.3015646691672955
0.3017876704335042
0.30195941821045746
0.30215743249682236
0.30234288759912165
0.30253648210870043
0.302647949507894
0.3027374363871176
0.3030052360938471
0.30322000329298215
0.30337492843779057
0.30350996395428365
0.3036684931359199
0.30375830317219954
0.3039053222417625
0.3040993113735917
0.3042377652157795
0.304361379601623
0.30456955201588753
0.3046080837711259
0.30476872231515983
0.3048806055459462
0.304952794280687
0.30500130011670523
0.30513435710029513
0.3052429067996646
0.30540314743802444
0.30546851632785943
0.30556018761063153
0.30564238774535857
0.3056629203182456
0.3057947328416287
0.3058610071072704
0.3059679181157219
0.3059773443699715
0.3059846339431792
0.3060255002486221
0.3060830663550179
0.30614279719912063
0.30614330004727075
0.30618591478336754
0.306241056769042
0.30624443172370996
0.3061811574150405
0.30616207611393786
0.3061201608352899
0.3061786013645693
0.30613414875973277
0.3061291690659268
0.3060949600369557
0.30609314646274655
0.3060402698952416
0.3059890321351122
0.30598003098124316
0.3059700227575679
0.3059334417359355
0.3059147487225944
0.3058686880089566
0.3058071039127481
0.3057317684751726
0.30564685755552357
0.305514867632248
0.3054060118842761
0.30532232593352837
0.3052969685135909
0.30520826067229445
0.30514633765931565
0.3050020371020371
0.30494105048958176
0.3048057066657124
0.3047787959155559
0.3046530570682382
0.30449049693645025
0.3043833289620128
0.30425880857865684
0.30415809322079423
0.30403391171753824
0.30390530757796863
0.30374480720697705
0.3035987029910261
0.3034766232691273
0.30338290890874176
0.30330172784854326
0.3032501530058712
0.30314773115864047
0.3030417001344403
0.30290802611922996
0.30282765483741014
0.30270134355723766
0.3025333805191187
0.302418771673313
0.302330792566038
0.30218235561149354
0.30207185860098196
0.3019420146549626
0.3018105390318626
0.30165147005655024
0.3015720723596994
0.30140006010984466
0.3012744625679403
0.30114952215607105
0.30098564073107137
0.3008786282159531
0.30078027028905274
0.30069571286742836
0.300550295915885
0.300430697699819
0.30028758213176976
0.3001881637472519
0.30002354167277234
0.299945791183163
0.29981044426717696
0.2996873670373278
0.29953821585080476
0.2994040894864939
0.2992138618128163
0.29910609468709204
0.29900645904909484
0.29891234467679517
0.29874904554415693
0.29864092522944363
0.2985551442815356
0.29845123669634044
0.2983518993595028
0.29826336615146554
0.29820494438240586
0.29809271724105124
0.29800963619460685
0.2978941518124698
0.29776136143453746
0.2976867438071856
0.2975892683634802
0.29757018750643305
0.297448620491336
0.29733073507971275
0.2972336469548562
0.29708467040983455
0.29702888142882766
0.2969237329132176
0.296894276804504
0.29677677496043897
0.29668298640178914
0.2965890686441377
0.29647800665961455
0.2964377308998626
0.2963570439684311
0.29624204231369644
0.2961333653494882
0.2960903991877709
0.29599638370496284
0.2959055819099935
0.2958429382930817
0.2957100519602007
0.2956353761012529
0.29558025969885793
0.29549913749931767
0.29541987775838807
0.2953738402156222
0.29533404213200487
0.2952830159741505
0.29524296008050044
0.2951926142688098
0.29512464515536585
0.29507571613021444
0.29502747926218376
0.2949842853819824
0.2949458498425982
0.29491922847632956
0.2949125103703072
0.29488615864177525
0.29488734636160907
0.29486777512787743
0.29484421440624664
0.29482459948755646
0.29484361903377665
0.29484041626919666
0.29483181140302295
0.29480568188397116
0.29481652401839753
0.29480978451331175
0.2948075599010904
0.2948384416828924
0.29485027118979257
0.29487888633448545
0.2948665096717318
0.29486805654952475
0.29486378744567976
0.2948821830751346
0.2949260752942592
0.2949661324056606
0.29496487134030047
0.29504218640101043
0.2950654433203225
0.2950948349744812
0.2951414617244472
0.29515108500800935
0.29520708731585243
0.2952947774063147
0.2953324359170395
0.2953770904563684
0.295454750503753
0.2955257144263298
0.2955635929278242
0.2956296067681866
0.2956725011853305
0.29576489523684246
0.2958102961963981
0.2958407003807749
0.2959160080224934
0.29598521184096194
0.29603414816945284
0.29607721241425444
0.2961487079085072
0.2962275340247107
0.29626736527922637
0.29631358602048896
0.29640424554543576
0.29649487765163973
0.2965711829808555
0.29663448484511323
0.29672764785993677
0.296778116879697
0.2968342476001692
0.29688601020845384
0.29698527103009587
0.29705774718978784
0.2971539201448342
0.29723054441252994
0.2973280040647365
0.297393712983656
0.29748508487917047
0.2975820268646293
0.29767430219016866
0.2977629642609908
0.29782863965932016
0.29788835983268613
