0.7999200000000587
0.8326411200000177
0.7864475733333413
0.7410127200000042
0.7000609520000025
0.6633184200000017
0.6329593942857157
0.605359960000001
0.5836017777777786
0.5628913880000006
0.5443415018181824
0.5284403033333339
0.5132502553846158
0.49950815714285757
0.48715302666666704
0.47601055000000037
0.46531664470588263
0.45598076666666687
0.44637970947368444
0.4376673200000002
0.4293996400000002
0.42197109272727273
0.41482277565217396
0.4087225400000002
0.4025663408000001
0.39625976000000007
0.3908301333333335
0.38543987
0.37958531724137934
0.3748960480000001
0.37038741161290323
0.36595971625
0.36161919030303036
0.3574531070588236
0.35332994857142863
0.3492944244444445
0.345595064864865
0.3413886873684211
0.33811317435897437
0.3349638640000001
0.33159503707317095
0.3281335514285716
0.32499500837209305
0.322065019090909
0.31946054933333345
0.31652650521739123
0.3138191897872341
0.31126888666666663
0.3085009257142858
0.30614080880000005
0.30335948156862746
0.3009529315384615
0.298605036226415
0.29651121851851847
0.2945039665454545
0.2925475921428571
0.2905549129824563
0.2889550179310345
0.28771257694915253
0.28660852933333336
0.28601114688524587
0.28589582451612894
0.28600853142857163
0.28626071499999994
0.28655699630769227
0.2872002533333333
0.2881000191044777
0.2887113499999999
0.28983022260869573
0.2908001708571428
0.2916365549295774
0.2927152083333333
0.29385432054794514
0.2949934875675675
0.29601965173333333
0.2971929936842105
0.2982652135064935
0.2993217102564102
0.3005508329113924
0.30151546500000004
0.302453768888889
0.30356677951219513
0.30453855614457825
0.3055725714285714
0.30633711670588226
0.3071911534883721
0.3078795498850575
0.30833979272727274
0.30895516494382025
0.3094179462222222
0.30983242373626363
0.3101517582608695
0.3103752774193548
0.3104265957446809
0.3104277284210526
0.31036740041666666
0.3101015344329897
0.3099132534693877
0.3097574496969697
0.30936461280000005
0.3090167706930693
0.3086425964705881
0.30817948893203884
0.30780690923076914
0.3074716087619048
0.3070632683018867
0.30650742953271026
0.3060860696296297
0.30554553761467884
0.3050760105454545
0.30445692324324336
0.3037342839285714
0.30324716070796465
0.30264775052631576
0.3021694573913043
0.30161196551724134
0.30105758324786325
0.3005111057627119
0.2999732359663865
0.29936924966666667
0.2990122241322313
0.2985047186885246
0.2980596780487804
0.2975077100000001
0.29708246592
0.2966048380952381
0.29612268976377953
0.2956955603125
0.29522589147286815
0.29478620461538463
0.29446390778625964
0.2942049081818182
0.29373281233082704
0.29344820835820906
0.2932519623703703
0.29302537147058816
0.29283584496350357
0.2927459263768115
0.2926422684892086
0.2925314825714286
0.29244316056737585
0.2924708152112676
0.29246819048951056
0.29251665083333334
0.2925638929655171
0.29265622739726027
0.2926984179591836
0.2929093605405405
0.2930261715436242
0.2932666509333334
0.2934985827814569
0.29378987342105267
0.29405734509803916
0.2942588020779222
0.2945419961290323
0.2948514464102564
0.29518132636942684
0.29546633341772155
0.29561386616352203
0.2957839327499999
0.2960089050931676
0.29630333407407394
0.29661855092024547
0.296856007804878
0.2970824766060607
0.2974333306024096
0.29771033125748514
0.29794867976190476
0.29826493964497036
0.29858579364705873
0.2989184505263158
0.2992230158139535
0.2995202196531791
0.2997635673563218
0.3001107867428572
0.3003898790909092
0.30072713875706214
0.3010730483146068
0.3013774522905027
0.3016356086666667
0.30186077613259676
0.3021144145054945
0.3023543772677596
0.30258021130434787
0.3028935930810812
0.3031469324731182
0.3034062977540106
0.3037453029787234
0.3039752086772487
0.30423095936842115
0.3044892498429319
0.30473230979166677
0.30490971772020725
0.3051171263917526
0.3053117641025641
0.305435480612245
0.30554448182741123
0.30566191333333337
0.3057213529648243
0.3058314161999999
0.30585605970149266
0.3058922194059407
0.3059700220689655
0.3060163892156863
0.306075683902439
0.3061302436893203
0.3060718676328502
0.3060036876923077
0.30593232976076556
0.3058996655238094
0.30590191241706166
0.3058092250943397
0.3056517027230047
0.3056310964485981
0.3055417376744186
0.3054627712962962
0.3053588997235024
0.30531030348623867
0.3051480926027397
0.3049543521818182
0.30481982280542985
0.3046371032432432
0.30443704251121073
0.30427777857142857
0.3041137201777777
0.30395850867256635
0.30376819207048444
0.30354458245614035
0.3033893489956332
0.30325390573913047
0.3030495359307359
0.30290002517241377
0.3027091902145923
0.3025832685470087
0.30233864493617013
0.30219454711864424
0.3020222960337554
0.3018734630252101
0.3016828229288704
0.3014627430000001
0.3013162391701245
0.301183849090909
0.3010411812345679
0.30089505213114753
0.3007258860408162
0.30051598585365846
0.3003497251821864
0.3001980532258065
0.3000142790361445
0.29983225856000006
0.29960869896414355
0.29944435650793644
0.2992520964426876
0.2991063004724409
0.29893519403921587
0.29871373796875
0.29855946754863816
0.2984125079069768
0.29823123196911194
0.2980699395384616
0.29791575157088124
0.29775699206106876
0.29760448638783277
0.29743305924242425
0.29727896981132074
0.29716331969924814
0.29705216659176026
0.2968802391044777
0.29679570721189596
0.29667786725925915
0.2965136888560884
0.2963885797058824
0.2963003550183151
0.2961887099270074
0.2961354302545455
0.2960686017391304
0.2959871872924187
0.2959415420143884
0.2958918169175626
0.29580195585714286
0.2957100716014235
0.29569546042553185
0.2956577440282685
0.2956194839436619
0.29553979789473683
0.29551586433566424
0.2954987370034844
0.2954809284722223
0.2954750579930796
0.29550433613793115
0.29545526570446723
0.2954007794520548
0.29538283522184305
0.295412281904762
0.295488890983051
0.2955487944594596
0.29555291313131316
0.29558810348993303
0.2956497939799331
0.29571561879999997
