0.5443332187857967
0.5347463594199906
0.5251756799291797
0.5163841575649624
0.5074922894371562
0.4995125401791458
0.4919539925204457
0.48449892630166214
0.47828885302345625
0.4716065061769049
0.46531702137672226
0.45991935703814846
0.4542470785393249
0.4482647762210238
0.44269611748574744
0.4376668496684968
0.4328440635345976
0.42787702619836054
0.4234478490628355
0.41892853239761085
0.4148238880338092
0.41110153052144527
0.40749168422879534
0.4038093831401868
0.39953940188505443
0.3962593396872286
0.39284247776299064
0.3898825734012751
0.3866342124763489
0.38295107359910996
0.3795907123497404
0.37678993979689046
0.3739684521089546
0.37114221455983476
0.3684292848999037
0.3659583066144164
0.3632782722593392
0.36066207567515485
0.35818654370735925
0.35603778219640814
0.35333714992657117
0.35090164832386694
0.34850837131696866
0.34648218033793676
0.3438465858106192
0.341392282590961
0.3392322265918477
0.33756200235715483
0.33555649073613447
0.33363263233976403
0.3315978609651753
0.3295050596397098
0.3275735207275864
0.3256335688484526
0.3238016244314489
0.322061938008809
0.32064461858573357
0.31885183695503083
0.3170922296603915
0.31548408613830237
0.3138230856301516
0.3122301240761516
0.31076734799729455
0.3090573145791582
0.3075511823934509
0.3061404985619942
0.30440560516049486
0.30296965417833677
0.3014143317155664
0.30000212176382357
0.29860327812557785
0.2973968108089955
0.296166390650888
0.294971360114453
0.29370137040205924
0.2925511487541027
0.2913630185972389
0.29021965216661605
0.28928174180533495
0.2883766810845242
0.28771083122315666
0.28690740673626425
0.28648345841680534
0.2860991677604203
0.2858926358066314
0.2858946909506159
0.2859911300036102
0.2860471960354305
0.2861669607114755
0.2862893745011631
0.28656091464896816
0.2869660636160476
0.28745941740005276
0.2879633726448284
0.2883249181748313
0.2887139870999621
0.2893384875757655
0.29003024083884643
0.29059816761652624
0.291164346205529
0.29163641841244614
0.2923214955907697
0.2928850525901734
0.2935955376251034
0.294299615802768
0.2949916710585705
0.29554369770428346
0.2962663419317604
0.2969585341913831
0.2975632661342046
0.2982638149709479
0.298883654597048
0.29953261542868403
0.30033153256734146
0.30091569827631814
0.3015137190342976
0.3022023967801408
0.30266376690582986
0.3033077897500972
0.30392153306197356
0.3045374135841292
0.30520957251093905
0.3057975199466032
0.3062453380786275
0.30663699423183643
0.3071896913713754
0.3075667632026864
0.3080135741137021
0.30826988148036794
0.30868933934239673
0.3089543160771149
0.30919827120149823
0.3095346182585771
0.30979211121610406
0.3099373418760216
0.31015025880491043
0.31031878708161353
0.3104112264189408
0.3103959874114869
0.31045235667872173
0.31042830763854234
0.310379415647313
0.3102839080746529
0.31015714020070295
0.31001500393224635
0.3099121522696986
0.30986756666849213
0.30967889753809996
0.3094184323014675
0.30926282980643394
0.3090155269614394
0.30881609589782644
0.3085538231973056
0.30822667923478453
0.30805272872868217
0.3078089763634161
0.30758928850724376
0.30739419447565486
0.30718097028538804
0.3068392476301648
0.30650719440597096
0.30626308245926115
0.30600164344111536
0.3056384502545041
0.30532190387916613
0.3050776988685433
0.3047228727357554
0.30431684319576136
0.30389625759616745
0.3035712385609227
0.30324823459864525
0.30282883086061774
0.3025509247827054
0.3022676591771065
0.3019890275373095
0.30161265122870895
0.3012131854428566
0.3009260611366231
0.30061715028378655
0.30027693712320447
0.29997284415604053
0.29962890356003935
0.2993219920499036
0.29912136592941385
0.2987890887793885
0.29850408623620694
0.2981706102293804
0.2979954566484685
0.29757120463845654
0.2972723118525913
0.29708285117256183
0.2967626443672682
0.2965066840042536
0.29625436838228447
0.2959710569404348
0.2956949712421426
0.2954459171787204
0.2951349851934755
0.29489435068466985
0.29466818338678435
0.29446283078294777
0.29434667636273004
0.29415309387760047
0.2938299538101714
0.29365594955914476
0.2934498939550656
0.2933580229688306
0.293213409339363
0.29311929929204594
0.29297448720599284
0.29283630472453237
0.2927687823674161
0.29270435688040064
0.2926502469023732
0.29258941074520894
0.2925319463313518
0.292439916841987
0.2924500648017916
0.2924619350661989
0.2924784201944105
0.29246852555038516
0.292458341446158
0.2925146050133217
0.2925800838122704
0.292609801251446
0.29265793090127523
0.2927076128343967
0.2927034595155701
0.29288842731857545
0.29294648335105566
0.29302522352379
0.29318821482381663
0.2933110972185051
0.29346846096612866
0.2936106503443201
0.2937902638029787
0.294010589922136
0.29411746138049777
0.2941911382199457
0.29437742522982535
0.29454195592510446
0.29473674786214377
0.2949180911883369
0.2950848550827233
0.2953070500724905
0.2954661083115294
0.2955413289297969
0.2956699155400949
0.29573408489872954
0.29585734184207224
0.296008537774581
0.29618143475425096
0.2963793717378197
0.29654535435547225
0.2967375591646991
0.29685570848257126
0.2969849714276688
0.29713884847318217
0.2973473416735122
0.2975129053039727
0.29770965965228713
0.2978856992669442
0.2980240508014873
0.29820023471591783
0.29836220550437487
0.29858650033705914
0.2987813117014205
0.2989973557212101
0.2991583923846245
0.2993697550693214
0.29952074661357986
0.2996902126615354
0.29983080818692087
0.3000678434414684
0.30022502317562505
0.300389445101642
0.3005752313422779
0.30080694436449706
0.3009875305821491
0.30123500104820755
0.301376821538348
0.3015316336655163
0.3016501000556049
0.3017952105035514
0.3019337248442391
0.3021143536421469
0.30221847570479266
0.30238970817653743
0.3025275486698027
0.30267269411355113
0.3028946988050799
0.30306372323677067
0.30320212556619286
0.3033628139858823
0.3035572579052912
0.3037461077086253
0.3038755707058014
0.30402501535413884
0.30420251665175624
0.3043031174402493
0.3044887660615352
0.3046879561460919
0.3047857064367392
0.30486422008736513
0.30500760155905005
0.3051166360996249
0.30521139682569043
0.3053281199058605
0.3053925958044902
0.30547555252092917
0.3055453868481086
0.3056337489207984
0.3056468364751125
0.3056995961766561
0.3057381029469438
0.30583126873126876
0.30583254390084125
0.30585184846108204
0.3058634370301655
0.3058913264736428
0.305969660561242
0.30599625569376787
0.30601775858742253
0.30608910448154725
0.3061143154959255
0.30612967808706604
0.30609130744560253
0.30604585207128576
0.3060130414947464
0.3059628280833283
0.30593170070019193
0.3059308694951044
0.3058907223508298
0.3058781341348522
0.3058660724371546
0.30581001444341005
0.30572214997380054
0.30565448476030466
0.3056499754443175
0.3056174419005989
0.30554221064391685
0.3054973528732401
0.3054314567358526
0.30539987297036253
0.3053290451049173
0.3053107326703969
0.3052061382489829
0.3050997843063725
0.3049913070894513
0.30491857769380915
0.30481932879577267
0.3047494388532841
0.304593843468806
0.30448645007760333
0.304378737581681
0.3042775231942172
0.3041833705105704
0.3040770610808713
0.30395692919125705
0.3039088560148905
0.3037675988260782
0.3036356393107551
0.30354509749789427
0.3034525817767322
0.30331215049010496
0.30325418326450704
0.30311393236247386
0.30300558192524385
0.3029163596344777
0.30282640286265305
0.3027085967455767
0.3026077180716764
0.3025475223292249
0.3023885285251521
0.3022985807974349
0.3021942478764812
0.3020716728416508
0.3019916467889098
0.30187475809483444
0.30179027759251476
0.3016830555506742
0.30153871589208336
0.30142123074207394
0.3013486198078237
0.3012576178604952
0.30118330998620657
0.30112929021375945
0.3010130510798118
0.3009248960007349
0.30085627901495826
0.3007255774902674
0.3006096017179166
0.3004935658761706
0.3004003749597852
0.3003111343663172
0.3001981729823976
0.3001220470008422
0.2999896032821856
0.29989597885987107
0.29975202352398045
0.29960883594329557
0.2994915856848853
0.2993810985575722
0.2993178237482783
0.2991848698380978
0.29910708929692087
0.29900353802320356
0.2988910067327639
0.29875876611318697
0.2986348954250354
0.2985590121860018
0.2984660462469303
0.2983579219658574
0.29826186967686985
0.2981751573439918
0.29806965659204343
0.2979688840129576
0.2978968595688051
0.2977792237427225
0.2976905211817997
0.2976048665436246
0.29751113900693404
0.2973920173293092
0.297296002716014
0.29723782858917003
0.2971641931309723
0.29709644845945116
0.2970168420036243
0.2969080360030142
0.29683128936757763
0.2967955859446735
0.296729558627269
0.2966277167488651
0.29656309886491794
0.2964509143337615
0.29638945447754017
0.29635772726172205
0.2962830401047145
0.29623067007353543
0.296180523236533
0.2961354870076268
0.29606558313902975
0.2960609135126093
0.29600657305388234
0.29598863697810884
0.2959411498137767
0.29590396855991996
0.2958569819176088
0.295813208086639
0.2957494782093283
0.29570987402838
0.2957201200426989
0.2956869326626027
0.2956695633448114
0.2956602304588781
0.295619480929212
0.29557052612124113
0.29552078009872373
0.2955387149326206
0.2955022948340048
0.2954982461311819
0.29548562697192426
0.29549271144532363
0.2954862981899572
0.2954729701264479
0.2955045615203872
0.2954757613047222
0.2954161734314378
0.2953990909520843
0.29540065000044446
0.2953831401250103
0.2953827730809081
0.2954363314319045
0.29545832968679075
0.29551274191790244
0.2955483997624322
0.2955476727226385
0.29554862937323656
0.29557645834550594
0.2956183472643077
0.29564984224069724
0.2956744282873355
0.2957142311886949
0.2957649295644478
