0.009999000000297964
0.16392024742635813
0.26266041897735837
0.32754977923074646
0.36796181758132196
0.3949960659243673
0.4134076678871872
0.42658305544143393
0.43396381351408975
0.44006075018970114
0.44327046142492454
0.44428495528356504
0.4454357685836615
0.4452566126595896
0.44314255752809417
0.44098885418161216
0.439149792896671
0.4374458006732004
0.4352814816126377
0.4327945530697528
0.4295032860653957
0.4276240594599293
0.4247750909397602
0.42273018341546253
0.4197674173699554
0.41610772883888203
0.41292842766260063
0.4101237018796483
0.4074652686779032
0.4047661005161598
0.40305813216666164
0.400872174509844
0.397817793880367
0.39493143830643085
0.3922250577483871
0.38991238288813224
0.38805573635905444
0.38521189514056375
0.3831517113837807
0.3805817435670481
0.37881762749454617
0.37640026593737896
0.37441061589367497
0.3726361770381438
0.3704584082553406
0.368337649020116
0.36634863302256715
0.36412843711442655
0.3624830808229279
0.36098133260188137
0.3593579179106552
0.3580818442133531
0.35640734874606506
0.35491255023864665
0.3537560213653057
0.35143456053428046
0.35036150248640496
0.3486464134872521
0.3467807553457861
0.34517939546384113
0.3434507576731267
0.34182926278557335
0.3403940139429439
0.3389597702571282
0.3373424597864607
0.3358310982251076
0.33449391881997226
0.3332172063840121
0.33200708719538485
0.3302366306934025
0.32884311128983645
0.3271611335657023
0.3261910147960979
0.3247846934141263
0.3231164293467339
0.32186580729163705
0.32066719767766105
0.3195484402219648
0.3182559977959687
0.3172406985934404
0.31627197589764977
0.3150660714538527
0.31372505289179853
0.31251345529150953
0.31148299198752316
0.310069224904586
0.3086275530255128
0.3075842730371783
0.3065888147050748
0.30527871920649285
0.304400061101333
0.30299460053670013
0.3017555989242271
0.3007912508806474
0.30001215429859385
0.2999789300757788
0.2999753804768508
0.3000129134743502
0.30000631860154536
0.299979302033052
0.29999267223984794
0.2999886945207133
0.30000246508038586
0.30002083262630064
0.29998413890667297
0.3000251094055535
0.29999401520811786
0.3000089909860484
0.3000006578229598
0.3000379289099996
0.29999374426406833
0.2999925252747173
0.30002517841838816
0.300002069612027
0.3000331186383002
0.30000146186537624
0.30002048350505806
0.3000198530404189
0.29999637944217417
0.30001040719993577
0.29999791384692176
0.3000003964165705
0.30000511116207307
0.29998911234440184
0.300001363567331
0.30000582955825683
0.3000187068265501
0.3000092508374109
0.30002246185445314
0.3000064247598806
0.300023201162413
0.3000108267577074
0.30002559688770947
0.3000028734057014
0.2999914796141683
0.2999875149104423
0.3000026545344291
0.299995547298576
0.3000049592029328
0.29999593708184547
0.29999892350061963
0.29999500407495416
0.29999825009072856
0.30001004464684355
0.2999898732915247
0.2999992350417069
0.2999950410499833
0.30000140163318456
0.29999715520376535
0.29999558007881444
0.2999984476803951
0.30000106804664173
0.29999747788765585
0.29999511096106013
0.3000098951108856
0.30000538119493525
0.29999044948299947
0.30000414787107266
0.30001944204772923
0.2999971343634922
0.30000434133054754
0.30000954552168624
0.30001485254592264
0.3000038773348872
0.29999062337420246
0.3000223374405535
0.3000231231076532
0.29999571015267823
0.30000487102878437
0.300006431807456
0.29999965280505514
0.3000141050923092
0.3000050013116732
0.30002446283436
0.30000079047017725
0.30000042348603106
0.300003081674886
0.29999963626593684
0.29998952193803596
0.2999911994492618
0.29999750020501914
0.2999941879504312
0.2999934544056553
0.2999994369773601
0.30000186231517767
0.29999616706313703
0.30000189528945187
0.2999979657406071
0.30000324731843064
0.2999886783723309
0.3000012749263342
0.30000305025732854
0.2999921212059543
0.30000052683652956
0.30000322619589437
0.30000042079276845
0.3000036583844474
0.3000011375149717
0.3000072737614058
0.3000001485717585
0.299991112875046
0.29999594927000484
0.30000386012428404
0.300003226736814
0.2999904941016325
0.29999591941083803
0.299994871252367
0.2999961979954039
0.29999929340302145
0.3000052214726452
0.30000039805063783
0.3000006954120028
0.29999765721765925
0.29999585698969466
0.3000068784279042
0.3000051601952667
0.2999877855143923
0.2999948335188488
0.2999970478463869
0.30000301157319786
0.30000568475103806
0.30000787246024485
0.3000004972447612
0.29999691659233296
0.2999990133408027
0.2999977466078493
0.2999961935423767
0.2999994065508095
0.2999923632038298
0.3000018452446127
0.29999427317062843
0.30000522228638526
0.29999932805731544
0.3000010511963759
0.3000068735658854
0.30000371090888567
0.2999864693739853
0.2999973462398373
0.300007116289012
0.29999785976974924
0.30000357364195895
0.29999994132907404
0.3000068700366223
0.2999832054210607
0.29999862902378394
0.3000115654689606
0.29999239650209
0.2999980481797544
0.29998821296546485
0.3000187860324861
0.2999924990731557
0.29998968990728947
0.2999737082044436
0.2999909756512672
0.30000255993269465
0.3000154524662312
0.30000100423547826
0.2999915985662097
0.3000016512176342
0.30000500534451346
0.30000088781155654
0.30000316896161927
0.3000022612249529
0.29999877420003784
0.2999864498072107
0.29999536014877426
0.30000180442135693
0.2999854284529254
0.2999973116249882
0.2999997022110693
0.2999963356118588
0.3000070887028282
0.2999882693316276
0.30001310691491
0.2999768857700099
0.30000041043498793
0.3000024030048517
0.3000000304421949
0.30000361270917875
0.29999611076194643
0.2999983138758746
0.30000370770637574
0.3000023782293627
0.3000115482823035
0.3000029607486612
0.3000003162547664
0.30000020961830476
0.29999957583970627
0.3000045581807922
0.30000103800138733
0.3000018648644851
0.29999865715144514
0.3000009385038467
0.2999959825712598
0.2999971568920279
0.29999818563680214
0.29999537451632985
0.29999746322903054
0.30000777631645204
0.29999093742285
0.30000301998825096
0.29999652495828677
0.29999477540360087
0.2999991551418526
0.299997445775538
0.3000012174367347
0.30000209271069056
0.2999992558430906
0.29999993011522463
0.29999707741849246
0.29999668555377323
0.29999907662087166
0.30000064464520604
0.2999846442815045
0.3000008557475923
0.2999991877362771
0.300002709750538
0.29999973373377187
0.29999469141970014
0.30000077115408763
0.3000027468323341
0.30000436940578157
0.30000136648467224
0.30000274292600915
0.30000034602142034
0.30000422799358517
0.29999594963773657
0.299985918380443
0.3000016840048043
0.2999997257359146
0.3000028083252584
0.29999951722772444
0.30000098645902296
0.3000010339799143
0.30001322524553964
0.2999982889288221
0.30000814223289907
0.30000489654382945
0.2999995979318437
0.3000030666408279
0.2999902415926434
0.3000089174901246
0.29998213810982133
0.29999819969081687
0.2999953474791064
0.3000013327741694
0.29999885238579826
0.2999973249904745
0.3000044422778698
0.29999617662987055
0.29999556804163086
0.3000020728343785
0.2999954081170121
0.2999987876327467
0.3000031865793217
0.2999967625087123
0.29999612345150317
0.3000024559164244
0.3000032842231103
0.3000007827547405
0.3000001978797131
0.29999804237074923
0.2999987999581425
0.2999988810046853
0.299989031496086
0.30000360406820037
0.2999930927984058
0.30000059119379674
0.29999777098068614
0.30000062000127836
0.3000031778486052
0.30000474537333555
0.2999976910341817
0.3000098632562328
0.2999969305524671
0.2999989580812936
0.2999940854949126
0.30000772780713336
0.30000047438122346
0.300010888392489
0.29999513371966957
0.30000252197758404
0.3000017852592999
0.3000019984178426
0.3000012565390716
0.30000051491051016
0.3000009510008057
0.3000053776750128
0.2999982930280204
0.30000467344025405
0.2999967266831354
0.3000031097569621
0.29999980051359953
0.3000018976609894
0.29999735292057317
0.3000060598909212
0.29999902097801723
0.30000363641185024
0.3000008331500216
0.3000118453494911
0.30001333520565765
0.2999974526010626
0.29999874708080576
0.29997812975737526
0.2999971175699845
0.2999941411405018
0.30000306150946043
0.2999999950780535
0.2999924354178466
0.29999938780292457
0.29999071618087103
0.3000017170794381
0.29999607576877096
0.3000005487726155
0.3000016497758542
0.30000089291040166
0.3000083570689357
0.2999790667906569
0.3000052637091456
0.30000311340173225
0.299999361434649
0.29999598716518583
0.29999827714514826
0.29999615978346916
0.2999966511762078
0.299995955474078
0.29999981933053677
0.29999824859281854
0.30000195539568475
0.3000016838101003
0.30000120966208765
0.2999967498609226
0.2999958809540225
0.2998763481639486
0.3000012336586484
0.2999977905153731
0.2999969321670162
0.30000238816939817
0.2999964519673649
0.2999978632384458
0.30000354859786127
0.2999985611613941
0.29999999431749347
0.2999990913679833
0.30000220148464896
0.29999907792375413
0.2999985437642809
0.300005927900571
0.299993264988369
0.30000461247090926
0.2999977495960463
0.2999968546758983
0.3000014681293236
0.30000138916795693
0.29999999895036167
0.2999942970111762
0.3000040286129936
0.2999896952357922
0.3000003835744396
0.29999857570039934
0.30000039740613915
0.3000024516361528
0.3000017499953166
0.2999947788957017
0.30000799131882816
0.3000036381515945
0.29999885962124806
0.3000007554948473
0.299993274491938
0.29999992882627624
0.30000052819933765
0.2999927226794683
0.29999876228283084
0.3000132676084515
0.2999992998166192
0.30000802865172826
0.30000718077871125
0.3000006733934214
0.30000157693250307
0.30000174759938325
0.29999920554331794
0.2999975141083131
0.2999881191405377
0.2999979572376875
0.2999969005319417
0.30000145842732284
0.30000191175083546
0.30000127281409306
0.30000054001211063
0.29999271794716353
0.30000201492124123
0.29999978437536423
0.3000029284957004
0.3000005436856198
0.30000137283298456
0.3000027666774724
0.3000014568767124
0.29999726845526353
0.2999890712939167
0.3000122133725559
