0.3000117956953342
0.3000069165611928
0.30000455229364553
0.3000062181765274
0.30000022364224754
0.3000018524010928
0.2999997467402882
0.3000065126439889
0.300002924159244
0.30000731037040607
0.3000112585930633
0.30001194560234645
0.299999501278042
0.29999757467714394
0.30000359383354924
0.3000031896247838
0.30000065550531274
0.3000033775885559
0.30000319638648854
0.30000488204341447
0.30000379891996787
0.2999990421201113
0.2999982404423144
0.2999997645864053
0.3000020089069452
0.30000110005681235
0.29999952321418066
0.29999894189760556
0.2999906622522349
0.299993170887198
0.29999491055070027
0.2999996630648486
0.3000000516281992
0.3000015364365851
0.3000009954584125
0.3000009724571441
0.30000104696400265
0.3000019162057729
0.3000027810573226
0.2999992604199403
0.2999984533703922
0.3000019713843538
0.3000035192383975
0.30000475256230974
0.3000071225121752
0.3000070997181844
0.30000454588046166
0.30000314273127915
0.3000003964318909
0.29999890442950283
0.30000122390867634
0.29999855371272566
0.3000003629804977
0.299998522513766
0.30000132087428233
0.29999976908582304
0.2999976499704321
0.2999996103464381
0.29999852909519265
0.29999844354886873
0.3000013256314771
0.3000015864049439
0.3000006302012451
0.300001756320755
0.3000024769125449
0.3000054009302997
0.30000720963117333
0.2999993120895975
0.3000027360209172
0.3000005581504883
0.30000131026047205
0.2999986940700571
0.29999816095633525
0.30000774579414413
0.3000185527367678
0.30001502924072376
0.3000146740891584
0.3000181357421028
0.30000997574950783
0.2999983915752311
0.3000131148572224
0.30001074064748223
0.3000105790537295
0.2999819927110853
0.2999895286969171
0.2999940024099803
0.2999968410013072
0.29999838990641836
0.29999841078411704
0.29999932019494624
0.30000271203961704
0.29999950547202636
0.30000049486427627
0.29999652121000897
0.30000821180022175
0.3000043559537018
0.30001083576492726
0.30001294725090366
0.3000090227532981
0.30000347719198195
0.29999741669818203
