0.30000159448539465
0.29999832810358884
0.29999982399636427
0.29999779578653474
0.30000101567602233
0.30000306479895844
0.30000129319580104
0.3000016869452685
0.2999986011134088
0.30000081378371535
0.29999790802765913
0.2999976247732091
0.30000320010363013
0.2999995873432346
0.29998870692695634
0.2999918131334254
0.29999475161254485
0.3000007543988301
0.2999998778954027
0.3000010882726565
0.299999922240925
0.29999715195897825
0.3000006985315099
0.2999985562630212
0.2999997527450533
0.29999954236358317
0.29999786137586426
0.2999979211909417
0.29999726006852523
0.29999981379619767
0.3000050216486917
0.3000096562901209
0.3000102874948817
0.30000887666360376
0.3000036964223757
0.2999995305987906
0.3000036305484185
0.29999659218034136
0.30000003104618267
0.2999935926175853
0.3000016734852077
0.2999984430909588
0.2999964097944714
0.29999725944769917
0.29999823724069896
0.2999983960375884
0.3000007146500765
0.29999871133273415
0.300000467583427
0.29999852844067043
0.29998555729944765
0.29999422769948825
0.3000003927305883
0.30000071558592356
0.300001722043327
0.30000306359546813
0.29999986958532765
0.300000471630509
0.30000124366829484
0.30000865610017013
0.300009256913491
0.3000030948205731
0.2999979442212296
0.30000079266727897
0.2999989280914861
0.2999956514699478
0.29999097045376055
0.29999163569001
0.29999433421966226
0.29999906215727823
0.2999972206241923
0.29999578286950046
0.2999960336316271
0.29999685705149626
0.29999785706426185
0.3000012055025646
0.30000084796789783
0.30000143419437986
0.2999994875308102
0.3000000605194042
0.2999983744577047
0.3000006748481193
0.3000019794413076
0.3000008553644181
0.30000443064918836
0.30000184912891004
0.29999955264942135
0.300002336695817
0.30000257923789786
0.29999988599480043
0.3000002269095665
0.30000417934211365
0.30001057416809407
0.3000093936905127
0.3000058811851354
0.3000003556055061
0.30000491110384286
0.30000401832298695
0.30000402110991076
0.2999981177638369
0.29999733883885926
0.2999922706977213
0.29999325702185864
0.2999950159276522
0.2999991073650682
0.30000036909923367
0.3000004992151155
0.3000001493183718
0.30000037705181026
0.30000200846658853
0.2999969891254566
0.2999959866354036
0.29999832726196385
0.3000056708185378
0.3000021846002836
0.2999999271759072
0.30000250883046375
0.30000503493356057
0.30000577362400715
0.3000027621858351
0.30000469117902395
0.29999932609875146
0.2999990931729928
0.3000015003868831
0.3000056556843832
0.30000011283570593
0.2999998359185141
0.30000615878749903
0.30000644130268317
0.3000003138840799
0.30000070647386756
0.3000010295348373
0.29999788342492184
0.2999908082192203
0.2999950285615557
0.30000069096901605
0.30000393541192094
0.30000425570154843
0.3000019095242611
0.30000040994219
0.29999842430606194
0.2999983661895147
0.2999968698733383
0.30000225819816606
0.3000043733733787
0.30000551818147647
0.3000059213196836
0.30000032146059485
0.2999985494282571
0.299993487166067
0.29999234023976384
0.29999480235157017
0.299998525361715
0.2999989298957587
0.30000138652437247
0.3000008743916762
0.30000082929778904
0.30000297606688164
0.30000285144874517
0.30000075745578636
0.30000641568413144
0.30000190040613894
0.29999858784124167
0.3000006706383026
0.29999689788673267
0.29999887805220427
0.3000007898039134
0.30000474871065375
0.30000669088194665
0.3000108383404039
0.3000089427696464
0.3000084410748868
0.30000934896958253
0.2999978797932409
0.29999303060561866
0.2999984093037309
0.29999727179455726
0.29999722746132695
0.2999976554588082
0.2999995985135152
0.2999990425885256
0.2999983263865572
0.30000155349454316
0.30000146951413675
0.2999997793245316
0.3000021569059854
0.3000000156306084
0.29999791843679324
0.30000448039167404
0.30000095781588776
0.3000016425823334
0.2999776955262913
0.2999807428382162
0.2999857999598702
0.29998493530060333
0.2999876493816708
0.2999939094685532
0.29999513906403097
0.2999939831342666
0.29999381025449035
0.29999674046626845
0.3000026946935128
0.3000012990797353
0.3000013519842438
0.29999903111665216
0.30000072192391913
0.2999943598474586
0.300000522483141
0.3000004881406486
0.3000031185943619
0.300000742036479
0.2999995162252298
0.29999992638645256
0.2999987706492915
0.3000016101425149
0.3000026408699644
0.3000032060568296
0.29999787804086087
0.29999649225585445
0.30000094327467575
0.2999967579200924
0.30000447653748863
0.2999984568593892
0.3000025709439623
0.29999932899600845
0.2999969757428227
0.3000023202948898
0.3000011936056184
0.3000002877703072
0.29999771983456935
0.299996726093551
0.29999864513524643
0.29999846726100965
0.2999969150607582
0.3000021709969549
0.3000009311276771
0.30000141483094056
0.2999969870589019
0.3000012687591669
0.3000013112581519
0.29999815800319385
0.2999972567907172
0.3000021657541777
0.30000301828101994
0.3000021217019797
0.2999983808032083
0.3000035475918321
0.3000003125185602
0.29999544875856565
0.29999857614527137
0.3000045323274775
0.3000000438555105
0.3000019554151089
0.2999984055661111
0.2999989074816193
0.29999753762768844
0.29999899896734505
0.30000180389931763
0.2999999683396447
0.29999993509180234
0.3000030213101741
0.2999982789714555
0.300001444215676
0.29999976637992076
0.30000014483353943
0.2999975712738666
0.30000143514677824
0.3000014284653113
0.3000034286180818
0.29999766097925573
0.29999551392410284
0.29999805729962425
0.29999736459313686
0.299996898086193
0.29999721993900297
0.2999958631578361
0.2999967869429283
0.29999650889690155
0.2999929518355675
0.30000147006146316
0.2999993285107857
0.30000217248972993
0.30000209358890007
0.3000022862411167
0.29999973773754995
0.3000036325276304
0.3000044571105436
0.3000000118283248
0.299999793902623
0.3000000594896851
0.30000077549415105
0.3000010072823156
0.29999833909680285
0.29999238486766344
0.30000047035737154
0.30000143864681805
0.3000006262894803
0.30000256577251105
0.3000027112111112
0.29999664248569213
0.2999979540261959
0.3000027951367362
0.30000354603098245
0.3000037579192649
0.3000109282139042
0.3000191520558234
0.3000181853567242
0.300019635673205
0.30001841977340504
0.30000729131198867
0.3000018014703175
0.2999987321161678
0.2999980257204934
0.3000011254721715
0.29999991083571276
0.3000012045179119
0.299971639800401
0.2999719540315007
0.2999723221832912
0.299976280414358
0.2999807208549412
0.2999871150721216
0.2999921829235329
0.2999942878759859
0.2999912000685121
0.2999963367927704
0.3000035804944583
0.3000000852431409
0.30000004704728844
0.3000001618472615
0.2999998931739355
0.3000011986233634
0.299999963725771
0.30000142217589365
0.3000068972996358
0.2999971318777508
0.2999996619034987
0.2999990462938731
0.29999919128571184
0.29999503962825746
0.30000162071629954
0.29999955211889173
0.30000149388746833
0.29999927405383553
0.2999969143447776
0.3000008444403752
0.2999979070145826
0.29999868281550046
0.2999970786481265
0.29999763647654554
0.2999984578333882
0.29999935938287825
0.3000018756195907
0.3000009754213371
0.29999753090448733
0.3000021855619218
0.3000005896203921
0.29999535914640363
0.2999823998553742
0.29998922341686274
0.29998754247362314
0.2999862706015255
0.29999084495832395
0.2999907051675843
0.29998767709422225
0.2999850185518331
0.2999897523323036
0.2999896542967392
0.2999951153494975
0.2999944693708626
0.29999653342443533
0.2999989453111478
0.29999915017317136
0.30000192421389293
0.2999982584622689
0.29999454103267054
0.29999482469774574
0.2999976363049883
0.30000192062222264
0.30000171841023127
0.2999948876089774
0.29999395504434434
0.2999977578717159
0.3000020778984238
0.3000030944912694
0.30000193557489674
0.2999953001573481
0.2999975684650731
0.30000186907144066
0.30000181461825803
0.29999658904982107
0.30000173070568636
0.3000018319764305
0.30000003611250325
0.2999968210003896
0.3000020964980502
0.3000001391734187
0.29999789701104007
0.30000061822718904
0.30000287467622044
0.29999912330589606
