0.29999388708094477
0.30000533109513905
0.29999964297615034
0.30000066080906385
0.2999960695529097
0.2999740361070542
0.300003292241831
0.3000068514930463
0.29999040566310364
0.30000297904068796
0.29999857863583135
0.2999901239951227
0.30000018875070567
0.3000032563122459
0.2999979186065148
0.30000415088779575
0.29999811450541547
0.3000068565691557
0.3000010922588344
0.3000016511177209
0.29999952488328097
0.3000095446637141
0.3000030671094739
0.3000075930246273
0.3000015208610317
0.3000017536380586
0.3000073491422137
0.3000059466137196
0.30000488513761037
0.30000993851950797
0.2999958389540749
0.29998960719316803
0.2999961386746177
0.2999938477690106
0.3000010843521901
0.3000085495231024
0.3000052881794568
0.29999704045722886
0.29998731249286914
0.29999660571094866
0.29999468457127165
0.2999950673340891
0.2999981317142312
0.30000313768887665
0.3000011609003189
0.2999994619542423
0.30000326160030744
0.3000131667897372
0.3000045775648503
0.2999978706031148
0.2999989444882021
0.3000024071870072
0.29999788891819246
0.2999932819873792
0.3000002699709222
0.2999977201777718
0.29999951283980064
0.3000027689570044
0.3000044010252598
0.2999999287144668
0.3000021735530306
0.3000022457515348
0.2999867132246963
0.3000056579474977
0.2999937924888967
0.3000091593669766
0.29999406073074997
0.300002734419784
0.30000040890546453
0.3000107411637969
0.3000025984260094
0.3000064426150063
0.3000075831444522
0.2999995381034415
0.2999989246367015
0.3000072089353474
0.3000017383575715
0.30000816046969847
0.29999596235088055
0.3000017636257233
0.30000314735416056
0.29999043583692053
0.3000011967040389
0.3000018349553395
0.2999981238468734
0.2999967166188885
0.29998990454554186
0.3000073716957439
0.30000282702369274
0.2999930997552843
0.29999359964525185
0.30000886304873187
0.30000349206321186
0.299996996817268
0.2999976174358706
0.2999997712797229
0.29999902020280356
0.2999990762464687
0.3000088090552717
0.2999953775770715
0.3000045303882496
0.3000058065938479
0.29998382915025856
0.30001234195916404
0.30000240617399476
0.30000326365476093
0.30001052532078165
0.29997819181293683
0.2999985118213305
0.29999730721451223
0.300003346263118
0.3000053038464565
0.29999714613672235
0.3000023977203089
0.30000669417775183
0.3000022066790454
0.299982855980624
0.30001199964325587
0.29999990915852415
0.29999803411161796
0.30001072448050803
0.2999966591034178
0.29999117110073836
0.3000037335145157
0.3000016998107091
0.30000314655990545
0.2999859004360439
0.30000943096515786
0.3000198938381553
0.3000073233702987
0.2999903155969992
0.3000046507447106
0.2999875739854948
0.29999959817568367
0.299974154063387
0.30000198663214717
0.2999904774323524
0.299971214766518
0.3000003495381087
0.300004818236399
0.3000128734755908
0.3000008311424751
0.2999992709763547
0.3000082651853916
0.29999429850038584
0.30000587400793677
0.30000055168861195
0.29999772404176117
0.300009419869251
0.3000002115462447
0.299999163655168
0.2999940086303142
0.30000238865107465
0.30000087612834525
0.30000196682315605
0.2999955809943581
0.29999849600362016
0.29999717057532105
0.2999852443275177
0.2999935961244289
0.2999987470873927
0.2999963457031658
0.29999962827603577
0.30000830381214716
0.29998302613872196
0.30000164518822325
0.299995888519039
0.29998677555144493
0.2999984875510794
0.2999953162903123
0.2999988841546054
0.30000115627227664
0.30000748784593656
0.30000354102579474
0.2999866724743746
0.3000036582065866
0.30001396494721655
0.29998994615274555
0.30000023696888967
0.3000054855017069
0.2999983618059531
0.30000345616385304
0.3000025482833567
0.2999972658711969
0.30000002607151144
0.299997819678689
0.3000017032887906
0.30000457618440524
0.29999499156493614
0.3000009605057836
0.2999983640000523
0.30000157734678556
0.30000250696949493
0.3000062052591995
0.30000012162928613
0.2999945643390167
0.3000113306836587
0.30000231009497513
0.3000023365990159
0.2999968382120105
0.3000001333447535
0.29999868357065185
0.30000004418931214
0.3000010785179883
0.30000325769318237
0.3000026851521005
0.30000339972729806
0.29999690041285476
0.29999873543981814
0.300004139823439
0.2999999849114612
0.29999916776700786
0.3000003351440508
0.3000015493996465
0.3000007262542982
0.2999925072909677
0.2999963927556827
0.2999972901961492
0.29999698479216497
0.2999956739084305
0.29999629783489845
0.2999968977282633
0.29999518162156347
0.29999995244329314
0.300001219423203
0.30000228310333654
0.30000752224091465
0.29999963155193776
0.29999034640483246
0.30000782682983684
0.3000025449781907
0.3000037456329241
0.2999947190635204
0.30000162496056726
0.2999956745886848
0.2999930221941117
0.29999898309067474
0.2999949308131642
0.2999995678055799
0.3000016580169147
0.29999896637384404
0.3000015323679194
0.3000009637916976
0.29999333468312694
0.29999971312816254
0.3000007466911909
0.3000000977185924
0.30000164004797636
0.2999987380543113
0.30000833012126105
0.30000034318460644
0.2999980313356122
0.2999980169689864
0.30000278654300494
0.300002338299602
0.29999865511049806
0.29998648542793627
0.2999961692065406
0.3000020562747392
0.30000645339550136
0.29999852438338015
0.2999979245109944
0.3000015740194649
0.3000039509186403
0.30000322468751084
0.29999809258480004
0.29999717435650153
0.29999709922126017
0.3000005890170119
0.2999928113069221
0.30000060187307687
0.30001622198815714
0.3000036004592962
0.30000515521681337
0.2999996374771562
0.30000608844014387
0.30000071067862466
0.3000042990232974
0.299998339479547
0.2999990975446246
0.30000390734626636
0.30000133692674524
0.29999473875457106
0.2999994585679592
0.2999884082735811
0.3000058230499075
0.30000417474511376
0.29999998427699626
0.3000032516280893
0.2999994954962597
0.3000035829414497
0.2999932232193492
0.30000268888031234
0.3000007031758144
0.30000361448332014
0.29999769765495676
0.2999991528223349
0.3000022919131905
0.3000170481225294
0.2999991055848654
0.2999989630841847
0.29999427690342895
0.3000109099205537
0.29999334663228194
0.30000403742148285
0.30000115411351314
0.29999801467971954
0.3000009100950617
0.3000041894922595
0.30000168756223944
0.29998841980651747
0.3000044833345201
0.3000107480646549
0.29999734226861474
0.2999806888588479
0.2999919892493128
0.2999978084915641
0.2999940622910249
0.2999957990111567
0.29999491107166654
0.29999981997272207
0.3000060171033475
0.29999831794187604
0.3000009264340243
0.2999977357164131
0.3000000192062774
0.3000077401145773
0.29998849462318045
0.2999964857395855
0.29999215484243147
0.2999983201199553
0.30000192725879915
0.300001007232335
0.3000016277573121
0.2999940192015791
0.2999970343170162
0.30000215650431883
0.3000063345690379
0.30000530197255526
0.29999934699853026
0.2999976331044798
0.2999967462618742
0.299997385039832
0.2999949168327418
0.3000005901208075
0.300001081472849
0.3000014006448356
0.3000091788095758
0.2999993401343539
0.30000085322092085
0.2999993952750586
0.2999974700376892
0.2999989714454402
0.29999999394891397
0.29999795406787577
0.3000013748492546
0.29999771231477246
0.29999630784460907
0.2999910445381079
0.300000397171056
0.30000221630969914
0.3000129404293773
0.2999932638756343
0.29999958627900813
0.30000086209191346
0.3000004464224718
0.29999629857363463
0.30000176541546253
0.3000023096129568
0.30000253566951207
0.30000247717814144
0.29999890255070627
0.3000031261298737
0.29999261378234787
0.2999988055674494
0.2999995768122544
0.300012005467843
0.30000329864299835
0.29999536145059513
0.29999578798779114
0.29999931885380837
0.2999941743532719
0.2999951269344313
0.30000315207255146
0.3000068161655115
0.3000088451269358
0.2999988054006646
0.30000077537837877
0.30001204658076097
0.2999980083286615
0.2999951533935944
0.30000004314748996
0.30000101370128773
0.30000120153022325
0.30000329624955924
0.29999611917459046
0.3000009243452266
0.30000054154704514
0.3000017871429831
0.3000051266485596
0.30000016824704767
0.3000001398432801
0.2999992131721291
0.29999996854889166
0.30000528914206326
0.29999313129686844
0.2999992971518147
0.29998819458873016
0.300005681849163
0.29999986919365185
0.299997531832367
0.2999962867964142
0.30000352302022115
0.2999974191485071
0.30000225559367555
0.30000544760911974
0.3000027218400214
0.3000018408080355
0.2999988059770897
0.30000337656609877
0.30000488734911723
0.3000013166700737
0.3000010794861937
0.29999648104354937
0.30000509910628914
0.3000001940552931
0.2999992824818728
0.3000047588097805
0.3000140057246219
0.2999985290156647
0.3000117956953342
0.30000122390867634
0.29999741669818203
0.30000495844334507
0.29999801296176665
0.30000314932909977
0.2999782646085781
0.3000018676523494
0.2999966835046819
0.29999546181566383
0.29999272613711325
0.2999971407091897
0.3000024140715868
0.30000066731314223
0.2999984870554132
0.2999967197406619
0.2999919745350802
0.2999855923202619
0.2999991875159317
0.30000150965687333
0.29998962470239887
0.2999992669729833
0.3000003591584184
0.2999939653925834
0.29999570818178833
0.29999941796403384
0.30000024748408827
0.29999565563620123
0.30000056190286783
0.3000035957798749
0.30000295678121824
0.30000022767835566
0.30001005477557285
0.3000023909305439
0.2999790832966138
0.2999755091997467
0.30000514025088554
0.30000584020941423
0.30000347424617846
0.30000107000116194
0.30000159448539465
0.29998555729944765
0.29999733883885926
0.29999234023976384
0.29999674046626845
0.3000045323274775
0.2999979540261959
0.2999984578333882
0.29999912330589606
0.30000491593687384
0.2999971582747588
0.3000011349195163
0.29999897731584124
0.29999696476411886
0.29999850154969177
0.3000019787829281
0.3000005193418618
0.2999981461265241
0.3000002952690811
0.30000103644892007
0.3000036665817064
0.29999804686212705
0.2999994131348369
0.30000240488716845
0.2999962603476133
0.29999497845009904
0.2998763435828311
0.3000117499489898
0.3000014631431954
0.2999975255903812
0.29999818675493584
0.300002025500665
0.2999962029987191
0.30000738980649755
0.30000087985334734
0.3000000208993028
0.29999490640926785
0.2999982099340017
0.2999991941981248
0.29999734806267053
0.30000328535766907
0.3000078610303718
0.29999835635789107
0.30000185422846193
0.2999999190219673
0.3000012334293526
0.29999946368729646
0.3000066825509695
0.30000489155961574
0.3000001714066265
0.2999998616148395
0.3000037100917371
0.29999863061571364
0.3000024309485658
0.3000051623328641
0.2999968756479078
0.29999175561019475
0.299996091956647
0.3000056533748543
0.2999991207437349
0.29999793868401103
0.30000176207617324
0.2999991136454565
0.2999982516707471
0.3000041845313538
0.29996397521143536
0.30000023455743485
0.2999971304731637
0.3000025118810804
0.299996793188706
0.2999928225686692
0.2999993637422741
0.3000026553599804
0.29999814597124574
0.2999951322856719
0.2999976366833397
0.3000003055790462
0.29999667147436027
0.29999718440549616
0.3000023617682225
0.29999979002466626
0.300001508810002
0.30000233499702567
0.2999958861470938
0.3000014249279468
0.3000054931565562
0.2999952840829885
0.3000012473841305
0.30000835581497376
0.3000031114381474
0.30000354604977975
0.3000019326221012
0.29999741558560555
0.29999598299613695
0.30000073479077294
0.2999976136903867
0.29999219975155167
0.3000018773896618
0.29999911946388214
0.3000013392566695
0.2999990675007058
0.3000125934364509
0.299991722552291
0.3000001794701158
0.2999979973480249
0.2999965124024738
0.30001266887663436
0.29997816830412294
0.30000132634219345
0.2999980007453158
0.30000819299377923
0.29997841855133356
0.3000068057003302
0.2999988104287725
0.3000000657884261
0.30000670535516105
0.30000061768588926
0.2999993530453664
0.3000003985313362
0.2999981127046416
0.2999980837313152
0.29999868337995206
0.2999980505152843
0.29999968383890274
0.29998713708184044
0.3000009967284345
0.2999999203176328
0.2999968519649976
0.29999710151493975
0.3000010605553932
0.3000000646898102
0.299999689774457
0.3000012280773018
0.300000695371909
0.3000010122293181
0.2999974140505054
0.2999995720886902
0.29999699163063476
0.29999251986871867
0.3000021145804047
0.30000370319415304
0.3000047516478248
0.299998714982739
0.3000032953639331
0.3000036484191012
0.3000009394631995
0.3000017825351936
0.29999929956783833
0.3000002401578692
0.2999987507630446
0.30000150390699853
0.30000106611375676
0.30000088664653046
0.2999977303740078
0.29999748639744694
0.2999925186857684
0.29998994265382306
0.29999795384167505
0.30001231112429416
0.30000033540658877
0.3000172049283304
