0.29999388708094477
0.29999964297615034
0.2999960695529097
0.300003292241831
0.29999040566310364
0.29999857863583135
0.30000018875070567
0.2999979186065148
0.29999811450541547
0.3000010922588344
0.29999952488328097
0.3000030671094739
0.3000015208610317
0.3000073491422137
0.30000488513761037
0.2999958389540749
0.2999961386746177
0.3000010843521901
0.3000052881794568
0.29998731249286914
0.29999468457127165
0.2999981317142312
0.3000011609003189
0.30000326160030744
0.3000045775648503
0.2999989444882021
0.29999788891819246
0.3000002699709222
0.29999951283980064
0.3000044010252598
0.3000021735530306
0.2999867132246963
0.2999937924888967
0.29999406073074997
0.30000040890546453
0.3000025984260094
0.3000075831444522
0.2999989246367015
0.3000017383575715
0.29999596235088055
0.30000314735416056
0.3000011967040389
0.2999981238468734
0.29998990454554186
0.30000282702369274
0.29999359964525185
0.30000349206321186
0.2999976174358706
0.29999902020280356
0.3000088090552717
0.3000045303882496
0.29998382915025856
0.30000240617399476
0.30001052532078165
0.2999985118213305
0.300003346263118
0.29999714613672235
0.30000669417775183
0.299982855980624
0.29999990915852415
0.30001072448050803
0.29999117110073836
0.3000016998107091
0.2999859004360439
0.3000198938381553
0.2999903155969992
0.2999875739854948
0.299974154063387
0.2999904774323524
0.3000003495381087
0.3000128734755908
0.2999992709763547
0.29999429850038584
0.30000055168861195
0.300009419869251
0.299999163655168
0.30000238865107465
0.30000196682315605
0.29999849600362016
0.2999852443275177
0.2999987470873927
0.29999962827603577
0.29998302613872196
0.299995888519039
0.2999984875510794
0.2999988841546054
0.30000748784593656
0.2999866724743746
0.30001396494721655
0.30000023696888967
0.2999983618059531
0.3000025482833567
0.30000002607151144
0.3000017032887906
0.29999499156493614
0.2999983640000523
0.30000250696949493
0.30000012162928613
0.3000113306836587
0.3000023365990159
0.3000001333447535
0.30000004418931214
0.30000325769318237
0.30000339972729806
0.29999873543981814
0.2999999849114612
0.3000003351440508
0.3000007262542982
0.2999963927556827
0.29999698479216497
0.29999629783489845
0.29999518162156347
0.300001219423203
0.30000752224091465
0.29999034640483246
0.3000025449781907
0.2999947190635204
0.2999956745886848
0.29999898309067474
0.2999995678055799
0.29999896637384404
0.3000009637916976
0.29999971312816254
0.3000000977185924
0.2999987380543113
0.30000034318460644
0.2999980169689864
0.300002338299602
0.29998648542793627
0.3000020562747392
0.29999852438338015
0.3000015740194649
0.30000322468751084
0.29999717435650153
0.3000005890170119
0.30000060187307687
0.3000036004592962
0.2999996374771562
0.30000071067862466
0.299998339479547
0.30000390734626636
0.29999473875457106
0.2999884082735811
0.30000417474511376
0.3000032516280893
0.3000035829414497
0.30000268888031234
0.30000361448332014
0.2999991528223349
0.3000170481225294
0.2999989630841847
0.3000109099205537
0.30000403742148285
0.29999801467971954
0.3000041894922595
0.29998841980651747
0.3000107480646549
0.2999806888588479
0.2999978084915641
0.2999957990111567
0.29999981997272207
0.29999831794187604
0.2999977357164131
0.3000077401145773
0.2999964857395855
0.2999983201199553
0.300001007232335
0.2999940192015791
0.30000215650431883
0.30000530197255526
0.2999976331044798
0.299997385039832
0.3000005901208075
0.3000014006448356
0.2999993401343539
0.2999993952750586
0.2999989714454402
0.29999795406787577
0.29999771231477246
0.2999910445381079
0.30000221630969914
0.2999932638756343
0.30000086209191346
0.29999629857363463
0.3000023096129568
0.30000247717814144
0.3000031261298737
0.2999988055674494
0.300012005467843
0.29999536145059513
0.29999931885380837
0.2999951269344313
0.3000068161655115
0.2999988054006646
0.30001204658076097
0.2999951533935944
0.30000101370128773
0.30000329624955924
0.3000009243452266
0.3000017871429831
0.30000016824704767
0.2999992131721291
0.30000528914206326
0.2999992971518147
0.300005681849163
0.299997531832367
0.30000352302022115
0.30000225559367555
0.3000027218400214
0.2999988059770897
0.30000488734911723
0.3000010794861937
0.30000509910628914
0.2999992824818728
0.3000140057246219
0.3000117956953342
0.29999741669818203
0.29999801296176665
0.2999782646085781
0.2999966835046819
0.29999272613711325
0.3000024140715868
0.2999984870554132
0.2999919745350802
0.2999991875159317
0.29998962470239887
0.3000003591584184
0.29999570818178833
0.30000024748408827
0.30000056190286783
0.30000295678121824
0.30001005477557285
0.2999790832966138
0.30000514025088554
0.30000347424617846
0.30000159448539465
0.29999733883885926
0.29999674046626845
0.2999979540261959
0.29999912330589606
0.2999971582747588
0.29999897731584124
0.29999850154969177
0.3000005193418618
0.3000002952690811
0.3000036665817064
0.2999994131348369
0.2999962603476133
0.2998763435828311
0.3000014631431954
0.29999818675493584
0.2999962029987191
0.30000087985334734
0.29999490640926785
0.2999991941981248
0.30000328535766907
0.29999835635789107
0.2999999190219673
0.29999946368729646
0.30000489155961574
0.2999998616148395
0.29999863061571364
0.3000051623328641
0.29999175561019475
0.3000056533748543
0.29999793868401103
0.2999991136454565
0.3000041845313538
0.30000023455743485
0.3000025118810804
0.2999928225686692
0.3000026553599804
0.2999951322856719
0.3000003055790462
0.29999718440549616
0.29999979002466626
0.30000233499702567
0.3000014249279468
0.2999952840829885
0.30000835581497376
0.30000354604977975
0.29999741558560555
0.30000073479077294
0.29999219975155167
0.29999911946388214
0.2999990675007058
0.299991722552291
0.2999979973480249
0.30001266887663436
0.30000132634219345
0.30000819299377923
0.3000068057003302
0.3000000657884261
0.30000061768588926
0.3000003985313362
0.2999980837313152
0.2999980505152843
0.29998713708184044
0.2999999203176328
0.29999710151493975
0.3000000646898102
0.3000012280773018
0.3000010122293181
0.2999995720886902
0.29999251986871867
0.30000370319415304
0.299998714982739
0.3000036484191012
0.3000017825351936
0.3000002401578692
0.30000150390699853
0.30000088664653046
0.29999748639744694
0.29998994265382306
0.30001231112429416
0.3000172049283304
