0.19998000000029292
0.32557521661770583
0.399663847732338
0.4452566565850661
0.47548912840579793
0.493268534980001
0.5056595182630007
0.5125346688232127
0.5170491225648302
0.5189903461283545
0.5188619045562401
0.5177391981535919
0.5154859801586986
0.5126720783379763
0.5106916624381596
0.5080272826495612
0.5048490932049998
0.5011216449080749
0.498377364835492
0.49519645131571344
0.490111888911528
0.48659354301892654
0.4829517522162472
0.4798381948783027
0.4770620739065986
0.4741023815839689
0.4704274995528298
0.4666118843679141
0.4624428181016065
0.4598231186377475
0.45640994516057165
0.4541912770181702
0.4510785054248706
0.4482921759030827
0.4452539469048211
0.4424577148385027
0.4397388587208244
0.43677034346529975
0.43353259665875143
0.4306871959394144
0.4281645170868722
0.4253901521349204
0.4228038035064281
0.4201497867242765
0.4182947435136837
0.41597230428948717
0.41376435150713775
0.41143788108900803
0.4090410341839952
0.40739123288530243
0.40511087040004135
0.4032771505458055
0.4014533792329642
0.39963669284272696
0.39752498071022624
0.3958735635735544
0.3935406650772325
0.39150289282464334
0.3898837929402392
0.3877878368836746
0.3860095706768861
0.38461640376153183
0.3828718362070602
0.3807387640538684
0.3787375648419493
0.376971666041901
0.37511508330542365
0.3734105810093039
0.3716429196117239
0.3701213811636188
0.3685210606166367
0.36670073261137937
0.3654797231100285
0.3641818237333866
0.36258610813574066
0.3615276145835936
0.3601881821035118
0.3587995465006871
0.3575326433979502
0.35581911573834335
0.3545984864998559
0.3528246705982142
0.3517057180965941
0.35002989655445094
0.34864912069278775
0.34731461842676603
0.3457872604003407
0.3446505304841204
0.34331561642160335
0.3419239971703736
0.3406845133409786
0.3396368129528201
0.33847984300979483
0.3374688369871206
0.33615597857151003
0.3352438449840973
0.33425991973182634
0.333178248959206
0.332217304823634
0.3311474404196416
0.33028818768297163
0.3290760675628387
0.32790544479273687
0.32670720859633595
0.32566463116109967
0.3246614462494748
0.32330497880256126
0.3222660194325363
0.3210211936280679
0.3200094344552459
0.31913768372726936
0.3179922876052682
0.31705534882129893
0.31587816782148415
0.3150739104012191
0.3140508737147859
0.3130387513787892
0.31218306350836056
0.3109795863731004
0.3102749066842616
0.3095476060212137
0.30870621238234464
0.3080791004212974
0.307047050805061
0.30620737563967226
0.3054046679337705
0.30457183135151045
0.30356257535558806
0.3027767887332916
0.3017393916858686
0.3009230789052272
0.30000628846466193
0.29999411924882746
0.2999969184376363
0.30002788748660814
0.3000035439836456
0.3000152136316693
0.2999975960921576
0.3000087186790821
0.29999314783930364
0.30001235539302484
0.2999874022420589
0.3000232642558919
0.3000370109725937
0.30003361129665584
0.2999941498234655
0.29999135735073146
0.3000208707800529
0.29999634330285796
0.299987051184318
0.29998480741517775
0.3000103189385709
0.3000031464713314
0.29998102792362114
0.30000518446560587
0.3000009344597533
0.3000087770303794
0.3000079103763663
0.29999554133854345
0.3000267272157223
0.2999976412774733
0.2999950916502073
0.30000804925331326
0.29999181486781956
0.2999982731083488
0.30000458120424855
0.29998981993720075
0.2999970263888754
0.2999997132513743
0.3000119515045595
0.29999526763335416
0.3000000749720865
0.299993007103438
0.3000215468206866
0.299998284914226
0.3000128008454275
0.300024372105418
0.30003213676580154
0.30000010415108014
0.2999986845249557
0.3000040846556409
0.2999956624375849
0.30002104270166896
0.30001002551458433
0.3000096109695174
0.3000023017341934
0.2999958149711953
0.30000481335165496
0.29998497974573024
0.3000443503881136
0.29999948257246234
0.3000150305839526
0.30002771515567017
0.29999281970250635
0.2999927148992543
0.3000096523182173
0.30000432934093346
0.29999349933390196
0.30001008990997824
0.3000076478311263
0.2999930719090762
0.29998762705790805
0.30001253590915766
0.3000016530483397
0.300005677052126
0.30000342854547457
0.30000318146454674
0.29999860940745693
0.3000105146187142
0.30001056576570273
0.3000075528126138
0.29999694913482566
0.2999967616168552
0.29999741873711416
0.2999881594093571
0.29998526617834587
0.30001431515754085
0.30000149404782483
0.30000730133308207
0.3000066180927027
0.30000909926793506
0.2999969725659595
0.3000195028676652
0.29999721609803176
0.2999931850246905
0.3000097113950776
0.2999707808483437
0.30000810910522957
0.3000273980090652
0.3000273285493126
0.30000345269385464
0.29998686973437794
0.3000265043098499
0.2999965604728707
0.30000002668410486
0.30000195145866315
0.3000018355613241
0.3000010050778259
0.29999899665889296
0.3000017713396774
0.3000027405351777
0.30000182586167423
0.30000405792964624
0.2999967357587945
0.30000604837116496
0.2999967711454784
0.29999672354882756
0.30000116259426923
0.29999240092606916
0.29999589117015
0.2999990335985452
0.2999999923772838
0.3000017271697306
0.2999983077789582
0.2999962953011439
0.2999991461339975
0.30000535950099005
0.3000194733974363
0.3000054432198155
0.300001025568588
0.30000355907772513
0.2999966649373126
0.3000077319768042
0.2999956295486095
0.30000236755212917
0.30003355515406305
0.3000053998354075
0.3000023493250519
0.30000011553270134
0.30000349033409335
0.3000047798838481
0.29999981261053676
0.2999849333431851
0.30000668316592094
0.3000039117317208
0.3000071921053923
0.300002729092527
0.3000066792458683
0.2999675684993989
0.2999966664613112
0.29999862398246446
0.3000221748350663
0.30000410699327773
0.2999994000145092
0.2999983994590568
0.29999903793923555
0.29999950419184473
0.29999168281139943
0.3000031840101902
0.2999989782316569
0.3000025570028685
0.3000117875794246
0.3000123764962357
0.3000042648276524
0.30000025196551217
0.2999996579502451
0.3000005752501943
0.3000016950826565
0.29999344904542213
0.2999738275794126
0.3000091801389855
0.3000085340897496
0.3000007737386382
0.30000251534958444
0.29999671229925284
0.30000055806343484
0.3000007976202488
0.3000045101273503
0.30000570517215663
0.3000143418800325
0.2999871409300384
0.30001110350375204
0.2999942972705075
0.30000763144416387
0.2999976328126075
0.300000205850927
0.2999976015164174
0.3000008782945712
0.2999976245056343
0.29999810874733546
0.29999820621088125
0.299997052687754
0.29999789213562145
0.3000051774632605
0.29999179692059974
0.30000563868892705
0.3000091359506075
0.2999959923551775
0.3000029531783397
0.30000136818232737
0.30000025768010163
0.2999992699435965
0.30000661192855227
0.2999896162880974
0.3000006793643294
0.3000005333260166
0.29999655777112744
0.3000023615857771
0.3000049905718586
0.2999973917848454
0.3000003821309417
0.30001195850409856
0.3000012695978951
0.29999140357574816
0.30000179294396334
0.29999862541389144
0.30001023706161023
0.300002588506046
0.3000033408172328
0.30000056110661355
0.3000011600024528
0.3000056400171698
0.3000037246608207
0.30000007974376264
0.30000260552308433
0.3000000991411146
0.2999967018116081
0.29999853250545794
0.3000017338769143
0.29999589303436436
0.30000549280253874
0.2999962040919576
0.2999796850980522
0.29999480499160913
0.30000220161100477
0.2999986708808253
0.2999987838958833
0.2999887930111925
0.29999980042866214
0.29999745225000707
0.3000002434552379
0.29999486342604065
0.29999859258000006
0.29999702439148634
0.29999848623642467
0.2999998186038275
0.3000013993673869
0.3000019957498822
0.3000022479987061
0.29999388775020763
0.30000550529666614
0.3000068279509739
0.29998619426571416
0.3000034884235696
0.3000034068188968
0.2999991822531509
0.3000091650475456
0.3000010292989471
0.2999999541893389
0.3000028735376691
0.30000503412809576
0.3000064753381262
0.29999636717835065
0.3000004820265515
0.3000176925469794
0.3000002918375986
0.29999758421049805
0.29999971784451673
0.30000235943861187
0.3000019362257381
0.29999112397818584
0.29999713803677763
0.3000007329299682
0.3000018057725443
0.3000013144879303
0.30001064864125604
0.3000079370765192
0.3000084113660221
0.29999990350746786
0.3000006367364688
0.3000000412828455
0.30000177738884837
0.29999887119582325
0.29999662906167146
0.3000005694372394
0.3000023950322326
0.3000015442460763
0.29997714393796915
0.30001029344794916
0.30000207936499623
0.29999669386041816
0.3000003807385817
0.2999991079540303
0.29999909674580305
0.30000006398479895
0.3000019931427035
0.3000009138563986
0.3000015607534503
0.300003535555032
0.3000009979270766
0.29999962106729194
0.2999976891710442
0.3000010742914201
0.3000026232028574
0.29999822032176404
0.30000118217471505
0.2999972950809112
0.3000024527296067
0.3000039032082905
0.300000436545119
0.300004379051088
0.2999979103738305
0.3000076322637597
0.3000007944318457
0.2999981072662232
0.2999990626797543
0.3000193376790742
0.30000330431640376
0.29998170829951976
0.30000134598425743
0.3000051147835019
0.29999941671515784
0.29999893124459664
0.29999905278648076
0.3000067121748503
0.29999785526619416
0.3000091910345838
0.2999992940930083
0.2999987114686228
0.2999810148465446
0.30000108540558734
0.30000242578981284
0.30000697591375813
0.30000297175134305
0.2999997570030353
0.3000007543972617
0.29999648998885564
0.29999944182595806
0.3000035528276108
0.3000036374713073
0.2999979827290241
0.3000013296648111
0.3000031293654364
0.30000034420854393
0.2999976420663345
0.30000066877426645
0.3000011975931296
0.29999883836361463
0.30000114573085834
0.2999987700339074
0.3000050045695677
0.29999940325511476
0.3000021736890963
0.29999918438210726
0.3000011391792169
0.3000093254119188
0.29999393683575926
0.3000009080282725
0.3000134906902411
0.30000425816502296
0.29999993674683034
0.29999955495753117
0.30000031445523856
0.2999981968239943
0.30000070323739014
0.29999380630820915
0.30000159782692404
0.2999909122849854
0.2999988264933624
0.30000204522319573
