0.2999915717580677
0.2999960495226065
0.3000015246584439
0.29999856774046063
0.30000164412437114
0.29999931325909046
0.29999955778802145
0.30000050909032283
0.2999940498071282
0.30000269160453574
0.3000068247127451
0.2999985934573245
0.29999919634748085
0.299999429879522
0.29999533478480467
0.29999495957246247
0.300002928177066
0.300001000615446
0.30000301956378106
0.29999922642433485
0.3000002411438081
0.2999861118220041
0.2999898762977893
0.2999939474361807
0.29999132793954797
0.29999824405407083
0.30000056142116427
0.2999988702311227
0.2999955952403237
0.29999655476836073
0.2999989721128522
0.30000169350104133
0.2999980010791746
0.2999968174022878
0.3000008839358429
0.3000002922764352
0.2999978936581421
0.30000446439818573
0.30000512946783264
0.3000029928856611
0.30000182100048933
0.2999965131330249
0.300004583146508
0.30000205161257165
0.30000191015699207
0.3000037086195727
0.3000020373783905
0.3000023930057236
0.3000063201751263
0.30000528078569233
0.3000059957742751
0.3000013399913102
0.29999515014822775
0.2999988892169744
0.2999992054073979
0.2999991689642818
0.2999966375721156
0.30000195923719863
0.29999838087411046
0.3000046958876824
0.30000195294387244
0.2999974680360237
0.30000133659015604
0.30000089199155744
0.3000000139804554
0.3000010997423338
0.2999972233836833
0.3000018107223239
0.2999960731388537
0.29998762721240135
0.2999869008079993
0.2999909100072362
0.29998713592594606
0.3000083171623822
0.3000032413899504
0.2999969330730833
0.3000017783890361
0.30000210956327644
0.29999850536833217
0.2999998450007524
0.3000016855084817
0.30000065822967215
0.29999710923890677
0.30000579794570825
0.3000018538563779
0.30000307040135865
0.29999745311216375
0.2999985489867292
0.30000232371035496
0.30000454774697327
0.29999558690888073
0.3000042693317789
0.30000351360520294
0.300002705619966
0.3000034928250803
0.2999989741558131
0.2999997880873284
0.2999992382659
0.2999957384549635
0.2999984822929955
0.29999959671700627
