0.3999600000001712
0.49056334056578366
0.5430246046680178
0.5746631548837442
0.5931691243425222
0.6042861203948446
0.6086985937692299
0.6098461444975539
0.6089827701175385
0.6070057912003406
0.6044100856655371
0.6004072092302609
0.596665104358912
0.591326058564426
0.5879009881674662
0.5822132822768046
0.5769658236880414
0.5718630249482144
0.5664541480236571
0.5623834124132019
0.5560997049929939
0.5512513154387617
0.5471872117478853
0.5428037940698345
0.5379798304251633
0.5338313579846532
0.5296316689434597
0.5239884542781719
0.5197842035781013
0.5152720833791868
0.5112530430605329
0.5076564079959566
0.5041416550709124
0.5004960077364947
0.4969141357810575
0.4928302048176083
0.48972705726987864
0.4858499021668993
0.4827281262386134
0.47894929338966963
0.475550660092419
0.47243938394337937
0.46958378869721895
0.4666029769749629
0.46317349509315286
0.45974211800353193
0.45715401639735154
0.4541380516962201
0.45126883965031805
0.44853792658221014
0.4461980397951091
0.44364684533319276
0.44092702280126994
0.438669298242219
0.43604797499539916
0.4333156107786167
0.43063849586348946
0.42817513513664396
0.42582874935070547
0.4233923877622531
0.4211730880098423
0.4192662301968998
0.4170966443972668
0.4155063453126586
0.4133637528106838
0.4113941342808545
0.4095809774786525
0.4075999233197204
0.4052560796809551
0.40299863795207636
0.4011145829848547
0.3992295155700024
0.39769213706477635
0.395903142496265
0.39372967699405204
0.3915866000649467
0.3900295725921633
0.38831144032775466
0.38665882123888884
0.3848874236910462
0.3832350494204959
0.3814997637745057
0.3800119533378997
0.37892828972198467
0.3776846305574385
0.37628192635475366
0.3749633497777042
0.37335460037269275
0.37192331634614795
0.3708183103540139
0.3694910267062377
0.3678740594976405
0.3667399721204141
0.36533375700015247
0.3641837306996687
0.3628831080944598
0.36185687721832316
0.3605767131082912
0.35926577224725054
0.35766702071695555
0.35652134277966585
0.35530639975767475
0.3541593722570212
0.35281333724355723
0.35177888547205827
0.3504645749575894
0.349393055951278
0.34810064647545647
0.347158738927137
0.3462268240619266
0.34521251433872113
0.3442484154099825
0.3432773889506858
0.34229843393981174
0.34103627857447716
0.34014276136356136
0.3391315117357505
0.33822548692151166
0.33722623187866596
0.3362764069610108
0.33546193517130063
0.3345128049414141
0.33389862131858794
0.33312811851531654
0.3323837811256507
0.33149000425819497
0.3303767471906952
0.3293399175825906
0.32826936473069834
0.327369871692462
0.3263474172276307
0.32527716260662964
0.3242885258584455
0.32355144353077003
0.3227051248691172
0.321507656640069
0.3206150974927513
0.31989696190955685
0.3191250646712779
0.3182806038877304
0.31759107853532953
0.31685900343998274
0.31608695830697786
0.3153022590761151
0.3144991647643387
0.31353579240160867
0.3126763398816672
0.3118360327925688
0.311016515885825
0.3103855172367673
0.30965098990800444
0.30880354513988695
0.30798235545477837
0.3071242455406423
0.3065603771794214
0.3059004020610723
0.3050497853788565
0.3042847663012932
0.30359508332654683
0.30295701280367004
0.30229872098372734
0.3015080860265975
0.30076014916536864
0.2999927984833355
0.30001867378975433
0.30001882777037625
0.299997450208917
0.2999961660397249
0.3000096707216431
0.2999911316447512
0.30000672198133915
0.299992529039124
0.29999899813649045
0.30000216543607905
0.3000011870631317
0.3000101519194399
0.3000009804330852
0.3000007754627534
0.3000053869609146
0.2999910575840208
0.2999900155762961
0.3000086583183439
0.3000042647716834
0.3000068329579143
0.30001638024652566
0.3000068034662313
0.3000028577767868
0.3000054883867237
0.3000069094060347
0.3000033309298623
0.30000756264365114
0.3000023935066899
0.30001931155575123
0.3000112073080696
0.30000230430814545
0.3000202596799002
0.3000022654647193
0.3000043379932793
0.3000018914784741
0.29998721680572793
0.2999933823101867
0.3000152039671261
0.30000569904676944
0.30000576111102606
0.3000079887398319
0.30000322750183217
0.30000606475622293
0.29999872977978226
0.3000043676371841
0.3000035905669072
0.2999802877371106
0.299994628768232
0.2999977161112518
0.299998620107769
0.3000073195548072
0.29999752186291606
0.30000888886629873
0.29999753744541413
0.29999207160878816
0.3000200959259063
0.3000043595337799
0.29999717179682983
0.30000052337291827
0.29999637698350434
0.3000162592824963
0.29999655443436135
0.3000011347089635
0.3000119143678175
0.3000072037700411
0.29999741633598265
0.29999678377457106
0.3000026473031254
0.29999855061586256
0.3000088315629391
0.2999988813443324
0.299999565119381
0.3000092932778893
0.30000223587191854
0.30000568609860123
0.29999914019008656
0.3000101139107224
0.29999414794026547
0.300000359829255
0.30001023735477494
0.29999688392335755
0.3000025444324763
0.3000088223246219
0.29999861534144145
0.30000140050490764
0.30000274896757695
0.29998338321178863
0.2999992888953673
0.30000863098747843
0.30001460353252163
0.299998872707293
0.3000009484843802
0.300003622714368
0.29999975496981357
0.29999499809944064
0.3000029773033299
0.3000030482924051
0.2999940106697282
0.2999967510709718
0.29999213137331515
0.2999994918575286
0.29999526897109385
0.3000272694771705
0.30000328252153474
0.3000010776244978
0.29999329663302254
0.29999774769997933
0.2999962040235372
0.3000015151073693
0.29998909284275044
0.30000002265103753
0.3000014542119711
0.29999500718493155
0.2999972972852306
0.3000000814817647
0.2999687705363594
0.2999975523941195
0.29999979271290655
0.30000087295287603
0.30000634769897894
0.29999885429000217
0.2999976975104399
0.29999505773696067
0.300002906943283
0.3000015284235642
0.30000108414272386
0.30000142118609596
0.3000000272605231
0.2999983037620605
0.2999933315104516
0.2999991369697469
0.29999574866883627
0.30000045950105625
0.30000345815612783
0.2999955699666288
0.2999986451197172
0.2999953540314093
0.30000309841173245
0.30000631366698116
0.30000026280737235
0.29999860236976594
0.29999881896428826
0.2999998122848633
0.30000470896379605
0.29999885483885746
0.30000073032139263
0.2999888614248879
0.3000071795768061
0.3000039096119378
0.29999583624069437
0.2999996672839075
0.2999985764221773
0.3000112895273883
0.300004750275477
0.29999061824885564
0.3000008919529086
0.30000114573899417
0.2999929441365162
0.3000027020606969
0.3000028696189696
0.30001311620485493
0.30000177629360214
0.3000034403819516
0.3000019424134619
0.29999702654901017
0.29999359205038656
0.3000006231959127
0.29998550280716185
0.2999784381706062
0.30000554520598477
0.29999540490487575
0.2999938688908981
0.30001481872006275
0.2999991507810249
0.29998341961001973
0.2999998314843203
0.29997255816134083
0.2999987584160789
0.29999820224235096
0.3000020738826481
0.2999918129116427
0.3000042647378164
0.29999792574935236
0.2999964638714435
0.29999680713335264
0.3000036789292788
0.29999593259874524
0.30000469700032584
0.29999227718122956
0.3000000118325631
0.2999896405485468
0.3000004155990469
0.3000061126889071
0.30000103185027827
0.30000204545737563
0.30000498325051705
0.2999924377042993
0.2999942516368389
0.30000737290871604
0.29999166053104986
0.30000895088393953
0.2999994794891512
0.2999727401815775
0.3000011197808087
0.29999890467558565
0.30000040240942594
0.2999990565885686
0.29999300067208234
0.2999989961101739
0.2999982613691806
0.3000068051282839
0.3000012204768251
0.3000041064515062
0.29999939921492313
0.29999477464575697
0.3000056730461862
0.3000014586331584
0.29998931871315326
0.29999861980354303
0.3000001987948975
0.3000018386924296
0.2999896682918346
0.30000111024265796
0.300001488924844
0.3000015444519224
0.3000074352017684
0.29999962607801334
0.30000424096391987
0.300002491491006
0.30000175854765887
0.3000011526787101
0.30000029199396205
0.2999993927445658
0.3000034286552018
0.30000154845849214
0.30000009882621825
0.3000000258156419
0.3000010438827144
0.30002142705102264
0.2999986814369947
0.2999813237352459
0.3000018088861458
0.29999370765018174
0.2999980562334098
0.30000233130146026
0.30000440286550056
0.30000609483074847
0.30000125282230805
0.2999979510506098
0.29999791490978467
0.29999761773406
0.2999960539270422
0.2999810039248787
0.300005848561806
0.2999986367698574
0.3000045442515562
0.2999853043842243
0.29999974998088164
0.30000032833778023
0.30000040620874957
0.29999814083868515
0.30000017176855864
0.30000121795370305
0.2999993702552938
0.3000017453758873
0.2999958295249989
0.300000723672583
0.30000681909933224
0.30000572141481197
0.30002184907492213
0.3000014928103216
0.30000599712236187
0.300001509341686
0.29999569014559335
0.29999852927633497
0.2999972036263694
0.29999616159215514
0.2999978422554316
0.3000023569540575
0.29999778510075503
0.29999948197473747
0.2999996722325001
0.2999981695570202
0.2999996202384405
0.30000478333732405
0.29999674027397716
0.3000212543786499
0.29999989096214474
0.29999994190286106
0.3000022530350084
0.300000751611721
0.29999843847636354
0.29999818338811
0.29999830217453183
0.2999953441564187
0.29999746577252573
0.2999982801373
0.30000047843382693
0.29999998352450385
0.29999828953012675
0.29999438236837417
0.3000024118507987
0.29999832808145066
0.3000006910061005
0.29999963163666843
0.30000310591760826
0.30000060818351526
0.3000043780556215
0.2999985192746394
0.29999985468921286
0.2999983665866923
0.3000018689775841
0.2999990381610903
0.2999876120337762
0.2999844719697614
0.3000012789552984
0.3000065656674431
0.3000030009852157
0.3000028265952438
0.30000185109124544
0.29999652315081815
0.29999937231207896
0.3000013873196674
0.3000000084103629
0.3000004634522774
0.300005437470938
0.30000756789586547
0.3000012570908184
0.30000021854789505
0.29999574113787053
0.2999999837505889
0.29999813065728664
0.30000573999612323
0.2999986143311071
0.3000007465256631
0.3000013344970912
