0.29999953515070776
0.299999488782427
0.29999755338537704
0.30000155908732073
0.3000017761508359
0.2999980617658521
0.3000065694139812
0.29999969820230266
0.2999981652636112
0.2999998492666963
0.2999945988905469
0.3000012983313244
0.3000072480688595
0.30000344112616883
0.3000001149907263
0.30000942227792793
0.3000091537063301
0.3000088701836936
0.3000039345866671
0.3000052686232979
0.29999550150846455
0.3000004816935369
0.3000027180459771
0.29999969921658176
0.3000000377276416
0.2999948973639731
0.29999425715138406
0.29999422052406133
0.2999961100310865
0.3000032058784676
0.29999747316794667
0.3000025096826303
0.3000002816253873
0.29999989059742116
0.29999923776149373
0.30000292574288656
0.29999741622251397
0.3000014423452959
0.3000039917377765
0.30000040629473024
0.29999645416798426
0.29999825109829437
0.30000038321441025
0.2999985689672119
0.2999989801985188
0.2999974281158688
0.2999976403212813
0.3000025240457188
0.29999662437723906
0.30000047450956313
0.2999970131340539
0.2999917183077002
0.29999648932515244
0.2999942547654907
0.2999982358597375
0.29999818816497026
0.2999991500390261
0.2999927470230943
0.30000010960733603
0.2999965029282483
0.300003343151119
0.29999659361188646
0.2999978435975057
0.2999979999949133
0.30000432922112574
0.30000170931893755
0.3000025801222743
0.29999771758904126
0.29999821063786725
0.29999966647884213
0.29999967856900545
0.299996095232419
0.3000045194324027
0.29999840446593884
0.29999984718534034
0.30000109320532453
0.2999951405169189
0.3000010877809586
0.3000000092748597
0.2999959454178055
0.29999577052417115
0.2999967694286866
0.29999974679297803
0.299999242372448
0.30000351245171974
0.3000033224362936
0.300000081527126
0.2999988893794553
0.3000007079993433
0.2999995266200094
0.3000003987818689
0.30000182934582365
0.2999978618130136
0.2999995498981335
0.30000147931885823
0.30000816485976023
0.29999441891732914
0.3000043995299557
0.3000006612040733
0.29999883850162323
0.29999964226747
