0.5999400000001319
0.6594746592881626
0.691383998661385
0.7080541018455526
0.7152395824671294
0.7179607108302659
0.7160239468110439
0.713018668221419
0.7088345268368308
0.703982969067063
0.6970352581566448
0.6901211499172831
0.6823500730084768
0.6768427093609648
0.6689797773791855
0.6629379215287388
0.6558187792809733
0.6494798085347957
0.6434270662978219
0.6362506316039368
0.6290066486733427
0.6221706529337032
0.6164041595074765
0.6103485237955026
0.6039009230863734
0.5977775674643995
0.5914209771956193
0.586131767404962
0.5805512988492332
0.5761339603160369
0.5715320455230135
0.5669032286413025
0.5627548932931277
0.558717175672014
0.5544165256772637
0.5498363323541849
0.545496129219915
0.5405285084849742
0.5366477925479465
0.5334930721590012
0.5297536876118323
0.5261919162765081
0.5219724756918238
0.5182830205813476
0.5142393718133985
0.5103457052220516
0.5069887393770374
0.5037386367549932
0.500799063123274
0.4978155591265374
0.49433653101195973
0.4919384255465359
0.4891946128980511
0.48624942430538853
0.48348337150880094
0.48068325770104514
0.4779509518973124
0.47554833693605947
0.47282174607511496
0.4705338717342813
0.46786010947155543
0.4655143367975415
0.4632321992904992
0.4606878777267862
0.45854658938450976
0.45619944179739846
0.45342400308506403
0.45104890335024417
0.44879533265826477
0.44669767954800543
0.44474524692491424
0.4423423347394906
0.4402854275427275
0.4385385538236003
0.4367349133529602
0.4342189644725407
0.4324767955493849
0.43026649257643446
0.42861714072697377
0.42713819011969045
0.4251567738593155
0.4231975117699578
0.42141690258823894
0.4198191000068102
0.4178479909614834
0.4163215335368442
0.4147547184672472
0.41330792982740217
0.4118633157825653
0.4103044962365435
0.40896725953775903
0.4077161224818855
0.40627625556584157
0.40459300828680334
0.40339887806344066
0.40185124033878994
0.4001861354652354
0.3986824983788313
0.39720025325045916
0.3956864424883122
0.39438906658942785
0.3928232797735687
0.3916645508982145
0.390339554573889
0.3888948661472368
0.38774299597716144
0.38641547968150325
0.38522144075933573
0.38399961880065536
0.3825425329602299
0.3814082398808779
0.38040899811951634
0.37944030357154035
0.3781347852764748
0.37698641491737517
0.37596493559610733
0.37462425975292224
0.37318227005514315
0.37215547208400945
0.37121104159145646
0.370194412817193
0.369170873286888
0.36805499865899904
0.3670768186776222
0.3660227934540474
0.3648390767986034
0.3637429239151604
0.3628027346703565
0.3616698393536958
0.36062500436378764
0.3596113030162811
0.3586643951507136
0.3579566749758183
0.3569463962052656
0.3560684817905537
0.35535750669781274
0.3544215942641221
0.35358509874230504
0.3525826910729907
0.35133771749134357
0.35031004406735633
0.34936826821931855
0.3483916870592194
0.34754920475341244
0.3467425954426512
0.345697426128004
0.3447764137400393
0.3439832248697148
0.34314384446554236
0.3422081700554591
0.3414260957243198
0.34045489348068936
0.3397461410112249
0.33905338391452444
0.3381640009262208
0.3371514310425333
0.3361880907578346
0.33531195903723754
0.334550075718655
0.33389370916758465
0.3332969225978816
0.33238395354433237
0.33146281803524946
0.3307589719878543
0.3300829536093851
0.329439740250402
0.32876635954691846
0.32783168904164817
0.3269605856734056
0.3261272963659274
0.32534296756738545
0.3247270849243601
0.324277857705384
0.32343467036415097
0.32263184864831607
0.32198508335982656
0.3212249638601212
0.3207128389761582
0.31999455984305303
0.3193375580576211
0.31874534007673905
0.31792470651571847
0.3170852692278069
0.31666617787560136
0.31602924153068146
0.3151678955050261
0.3144695800871752
0.3139043428661141
0.31340964130736293
0.31281794843754795
0.312075610592362
0.31146382445616494
0.31079887902304637
0.31022596240119615
0.30969803896546444
0.30910922408093355
0.308635147753919
0.3080432770718504
0.30759621951293625
0.3069444821593805
0.30627990087299806
0.3056277454433969
0.3050337679998545
0.3044332610510091
0.3037705961799496
0.3031324048328812
0.3026481988461036
0.30197635902593944
0.30148039632446233
0.3008553816922688
0.30021045936329993
0.2999935780001951
0.29999349991745394
0.29999993957819593
0.3000147365932305
0.29999461251355775
0.30000245104274315
0.30000537635077595
0.3000014414790647
0.3000045612310781
0.2999988693373774
0.29999588096221597
0.3000115785778298
0.3000006615506007
0.2999934534211063
0.29999631715286057
0.3000000625230105
0.30000112808185164
0.30000660778052757
0.29999845096370903
0.3000122639069328
0.30000143844889904
0.30001043960060125
0.2999847866164288
0.3000081694515949
0.300014130592385
0.29999353724921973
0.30000679592614987
0.30001843230542846
0.2999971644216488
0.30000841288852065
0.29999673270917826
0.29999644630525313
0.29999853945068333
0.29999651773308356
0.300008205653726
0.30000709936880277
0.29999546774277086
0.30000252564314367
0.29998472599105164
0.3000001850753634
0.3000240999840964
0.29999986853485505
0.2999863971017448
0.30000192547265014
0.29999512851780474
0.3000033557127648
0.30000233717484526
0.29999901795584005
0.29999637736850426
0.30000222886739236
0.299994605283724
0.29999882060269334
0.29999035590740586
0.2999987133486307
0.2999948908194401
0.3000015801228869
0.30000036550574083
0.29999427974390813
0.3000033495957223
0.3000002165173592
0.30000780046726605
0.30000157380379744
0.29999223627339877
0.3000007742358095
0.3000002505998224
0.2999958503084996
0.299999507989412
0.29999878486286324
0.29999733783715266
0.30000573914915585
0.30000553202539815
0.29999847820208814
0.30000004614425
0.30000324050923655
0.3000015558599246
0.29999876230473843
0.2999972980705673
0.2999991403386597
0.2999948362133018
0.30000260120646405
0.29998582499901394
0.2999971810022063
0.3000024505520713
0.30000338814885885
0.29999743415052704
0.30000288036293066
0.29999918851736396
0.30001313701373256
0.29999836158608206
0.29998453493609334
0.29999820619079864
0.29999735307548336
0.3000106210892054
0.3000008043432696
0.29999587251537096
0.30000701095375504
0.2999998076879382
0.30001623411353195
0.299999967653949
0.30000326115915865
0.29999373178121436
0.30001804477761573
0.30001035654065056
0.2999982995322714
0.29999804374073114
0.30001651420639563
0.30000529200108195
0.3000058524106832
0.2999977348000894
0.3000057543815262
0.30001348133576355
0.29999824963204935
0.30000215393383034
0.2999997742218454
0.2999981498749067
0.29999897833450595
0.3000054861234869
0.29999977212629414
0.3000026982484998
0.30000125351828233
0.2999974318960148
0.2999968130487983
0.299999623478018
0.30000284295820956
0.3000032656082783
0.3000051011364203
0.3000034300940879
0.29999776574286285
0.3000039791282738
0.3000022773821378
0.3000052950776019
0.299994508577198
0.29999687202306813
0.29999780219256444
0.29999695074360355
0.3000008691709285
0.3000016887725757
0.299994963152893
0.2999997410104127
0.3000015161066565
0.3000017306785896
0.29998948421022065
0.29999823323622044
0.3000003710249143
0.30000078875203584
0.3000027908577645
0.29999754590663263
0.2999998438971502
0.29999816225162423
0.30000004320852725
0.300007637865197
0.3000072936260899
0.3000012356896712
0.30000259446410005
0.3000107809108403
0.3000006728829103
0.300000550515496
0.2999998237381857
0.2999972978908668
0.3000029719950933
0.2999986403672772
0.29999673823550443
0.30000127335580296
0.29999556367799085
0.30000088677516223
0.2999994037630026
0.3000052218183231
0.3000046770769945
0.29999349852100754
0.300002443167785
0.3000048735407972
0.3000103499276334
0.2999953004878084
0.30000403020970967
0.29999791649788654
0.3000018756054912
0.2999964517449524
0.300001480562318
0.30000059052660977
0.29999428498223313
0.3000133083959372
0.30000048544250124
0.3000001311454591
0.2999901219324903
0.29999963876917324
0.3000001389700194
0.3000004754065091
0.2999970449035415
0.2999986514764629
0.2999984262028804
0.30000151949722476
0.3000015935284941
0.30000378486353074
0.30000356164663367
0.3000035310586484
0.2999808933041076
0.3000042069704114
0.30000037613304487
0.2999962418994433
0.30000100125346774
0.29999348478724397
0.3000026321238466
0.299998633250776
0.30000565457756545
0.3000001192624946
0.2999983527289938
0.3000038242060209
0.30000432171160163
0.29999944333215556
0.3000026304499347
0.3000035735278648
0.3000000578077149
0.3000033947343941
0.29999836884767617
0.2999959814205828
0.29999661122628973
0.3000109898568607
0.3000303739033716
0.3000003219688756
0.30000145999466876
0.3000009738241759
0.3000006498090525
0.3000051673208811
0.3000017594585461
0.3000013973489136
0.29999790830111306
0.2999965180968792
0.30000301749599445
0.30001159873833905
0.3000122703103557
0.3000003333697918
0.30000550337664167
0.2999986795247638
0.29999570844137324
0.2999849412635036
0.3000011673718984
0.2999996641697855
0.3000048364082656
0.29999805375179067
0.29999703634765174
0.2999991629716511
0.29999934270270856
0.3000038293510785
0.3000064691876827
0.2999981853638013
0.30000808229845644
0.30000028055476025
0.2999988993770958
0.29999592140299125
0.30000405337542935
0.2999947488612893
0.29999919142667997
0.30000179682648653
0.3000002401692522
0.2999961568836387
0.3000008806275426
0.299999584910319
0.30000251990265214
0.2999987204505786
0.30000507905985696
0.2999988347278909
0.29999530692246223
0.30000428579715843
0.300000126515245
0.2999974981917819
0.2999985834298532
0.300001073122
0.29998614116020017
0.3000008455075954
0.3000011508608784
0.2999979909304795
0.2999968786369187
0.3000097755116524
0.3000036798120084
0.30000061088718866
0.29999909305901395
0.3000001921531079
0.2999981182499799
0.29999681495260144
0.2999983814114988
0.2999997858075568
0.30000027770624815
0.2999996989676743
0.3000035976660882
0.30000179347833433
0.2999991865458218
0.29999223980089507
0.29999878104035416
0.2999999255838468
0.30001880356647215
0.29998695767530636
0.30000018654457405
0.29999762924223516
0.2999997877131726
0.30000266461836156
0.30000116898246854
0.2999959269635316
0.3000036706546876
0.30000155902912873
0.29999915533597643
0.2999984698851995
0.2999958089996274
0.2999979850791106
0.2999987782100798
0.29999736071416716
0.3000013769781409
0.29998817949699574
0.30000321269362296
0.29999970718109936
0.29998774177531207
0.29999728320400465
0.29999986863375383
0.29999763520917844
0.30000383344420445
0.2999792357591776
0.2999969767500259
0.29998748688148913
0.3000011376984445
0.30000482751296687
0.29999418830965263
0.29999725942149325
0.30000016214255776
0.30000309208259957
0.2999948256727679
0.30000096412204824
0.2999984571389005
0.30000732327932556
0.299999674537348
0.3000062771860931
0.2999996904350736
0.2999969819167365
0.2999941843435028
0.29999962519134726
0.30000107834002565
0.30000261927776795
0.3000001594803947
0.2999970611692415
0.3000063935765971
0.29999729919469054
0.30000153139201646
0.300014877976267
0.30000505303300085
0.29998939709633643
0.30001052957408036
0.2999986789141602
0.2999981079181403
0.30000329397100656
0.29999922759023556
0.30001034178352126
0.3000029868168743
0.2999994947057676
0.3000067709487795
0.30001063321936405
0.3000090970838949
0.29999996246876437
0.29999846176779643
0.30001473926370814
0.3000033228796398
0.3000205499002685
0.2999994621023899
0.2999994850095833
0.29999778683184164
0.30000024156632144
0.30000122422793074
0.29997779568137917
0.3000001399776835
0.2999984269281406
0.29999184805348933
0.2999998751111419
0.2999978640934994
0.3000018511441028
0.3000013643488266
0.2999986880621873
0.300001135586647
0.2999852966124744
0.2999985426704591
0.30000723079735925
0.30000172931107605
0.30000170529294334
0.2999988724817042
0.2999935915932921
0.29999944670253653
0.2999880268248907
0.29999331350561065
0.2999943262904623
0.3000008392803256
0.30000323147396035
0.2999978887609276
0.30000175981179056
0.2999968614560965
0.3000005538388989
0.3000001272649916
0.3000006652535374
0.3000023055336669
0.2999999873798652
0.30000276128929215
0.30000234568426376
0.3000033567645749
0.299986929269461
0.29999664172130247
0.29998428265287425
0.2999995129876697
0.30000342269188374
0.29999695361058953
0.3000019510936893
0.29999798896048324
0.29999950848265444
0.3000016013027458
0.3000000961816023
0.30000091806133977
0.2999998949759376
0.3000027917943814
0.3000099484719829
0.2999975681011211
0.3000006368367847
0.29999998226513647
0.2999995259134599
0.30000497611008115
0.29999821676247984
0.2999901889887281
0.29999994970301647
0.3000153279851072
0.299999369677986
0.29999879672587515
0.300001662077377
0.30000001216627714
0.3000037168759453
0.30000120361682914
0.29999857566791854
0.29999842851490177
0.30001125378971594
0.2999831730303665
0.29999827583990846
0.3000000593730785
0.3000007745472961
0.29999963840356036
0.2999991450772772
0.300000972746039
0.2999946781208057
0.299999677767087
0.3000009587172211
0.2999990098658988
0.30000467364383554
0.30000063087603934
0.3000029513663651
0.2999975252884367
0.2999994314922817
0.3000012245829574
0.30000232409689287
0.29999824919390783
0.29999950103995254
0.3000026542781026
0.3000033000564042
0.3000018032716716
0.300000940665182
0.3000023988817715
0.2999993861057927
0.30000090999669726
0.30000150631783806
0.3000207230381986
0.299997334613208
0.29999937494761786
0.29999814336186525
0.2999969582068651
0.2999978099339011
0.2999997438124219
0.2999837913495508
0.30000291864766004
0.29999858149513114
0.2999991568973992
0.299998220614241
0.30000176867522754
0.29999332627609865
0.30000377704081926
0.3000034267789605
0.3000048205012418
0.30000064411736227
0.29999896311289687
0.29999509740812036
0.3000011395922243
0.3000011567589126
0.299999898433718
0.30000087181582513
0.29999896209841215
0.2999994271636728
0.2999829587293692
0.2999995355795667
0.29998516558952937
0.2999999247807318
0.3000019747655871
0.3000036600516309
0.29999761144621817
0.29999993204735953
0.2999983551601966
0.30000310717130374
0.2999990856050382
0.2999935892952842
0.29999914894089663
0.30000095624151035
0.30000639948337016
0.3000030157508069
0.3000017557530117
0.3000004328791581
0.3000009829383413
0.3000022815603314
0.30000262934611577
0.30001698250527664
0.30000463534766453
0.29999251142610495
0.30000045290981625
0.29999800341763083
0.30000036081307646
0.29999886117030194
0.29999915882486394
0.30000020214215084
0.2999999867709553
0.29999769510284535
0.299998899477644
0.300000659633309
0.30000226573263344
0.29999943462368395
0.29997433950542873
0.2999953362847425
0.29999840681153667
0.30000018217944535
0.2999989669295441
0.2999985995156115
0.2999991393626604
0.30001362723315017
0.29999924098601816
0.3000000233070309
0.3000002515679898
0.30000044048120655
0.299999312215778
0.29999864330527326
0.30000519016351623
0.2999977301160537
0.300001656498608
0.29999865105016243
0.29999842125441023
0.29999604742114117
0.3000146155368223
0.29998718264094926
0.3000010181198256
0.3000053569079033
0.29999938964244643
0.2999974369233436
0.30000238935580603
0.29999975771557386
0.29999765565889236
0.29999985274589214
0.3000010004620093
0.29999937497264606
0.2999936538217973
0.2999964453247792
0.2999989026022081
0.2999998002329458
0.29999677861205054
0.2999926245464747
0.30000091965933706
0.30000169347611316
0.2999981753627554
0.3000026146178374
0.30000314316145427
0.3000028106642707
0.30000305063447563
0.29999079104078696
0.30000225671003156
0.29999931556119697
0.3000007703510891
0.29999902336705175
0.29999978026804885
0.2999992057597375
0.3000009505934139
0.2999987662428186
0.30000563986237727
0.30000032850341385
0.29999914498078517
0.30000072071512884
0.3000004957028676
0.30001043086904544
0.30000006491925735
0.2999993452444605
0.30000015930001545
0.29999692817122414
0.2999967482505693
0.29999761198216535
0.30000132982562133
0.29999634463300684
