0.29999761232570044
0.30000115217486756
0.30000361812548904
0.3000004546137779
0.3000008155225271
0.30000214852833396
0.3000043255120868
0.29999563563472587
0.2999973850469052
0.29999748817495997
0.3000045605247891
0.30000842551345164
0.2999991709987987
0.2999978120992606
0.29999614195815716
0.2999982648213734
0.29999700222478143
0.30000117705551466
0.29999621675513377
0.3000012922176716
0.299999936974663
0.3000040938663633
0.3000080529494249
0.30000018038973963
0.3000005279731761
0.30000048163537163
0.300000020567357
0.30000488290756955
0.29999942525327783
0.2999965698111149
0.30001164943295056
0.3000086928573462
0.3000062144502681
0.3000032399677912
0.2999968201133184
0.2999991182427999
0.2999983395866185
0.3000006482498335
0.2999979691349113
0.30000063884615913
0.30000047144035835
0.30000189026794644
0.30000230587703625
0.3000053175627998
0.3000065939648866
0.30000640685427227
0.30000709768607203
0.29999968846201
0.300001795034035
0.2999959249378783
0.2999960095948364
0.29999780600920867
0.2999999990357963
0.29999915006287325
0.29999823145051574
0.3000020309526227
0.2999994985755352
0.2999979232126099
0.3000035455356258
0.30000331881437947
0.3000069433440279
0.30000324849941895
0.3000003478303409
0.30000104359693514
0.30000056744470305
0.29999704744018363
0.30000027267654417
0.3000004249616035
0.30000667791754454
0.29999945796845473
0.30000094263018806
0.30000249969778114
0.30000144363369374
0.29999904387119547
0.2999988877819548
0.3000035200435689
0.29999990484984196
0.30000169881585026
0.3000041465808212
0.2999998911746212
0.29999608154935953
0.29999730291277993
0.3000015762857997
0.29999906756034933
0.30000113188916255
0.299994483465462
0.299995709288124
0.3000005956157863
0.30000446884524745
0.2999988478000637
0.29999910811047237
0.3000010875246393
0.3000008669116935
0.2999988926045548
0.2999948766894327
0.29999598526587734
0.29999908237451633
0.3000018835076148
0.29999933969362325
0.3000037034668731
0.2999997977366359
