0.7999200000000587
0.827322986302907
0.8390791792789812
0.8428533199449539
0.8411120369073047
0.8358991447014517
0.8274173337645786
0.8195107907465767
0.8103739591117446
0.801269676067913
0.7897646047363298
0.7788573234523657
0.7699736307158931
0.7608131092662539
0.7516178750468485
0.7425463531620693
0.7330550325493435
0.7246120450638714
0.7170460666826719
0.7090499119581366
0.7014466210179235
0.6930267358793739
0.6850285478542647
0.6778929884880397
0.6715848041270436
0.6650156873033793
0.6583261738359376
0.6523244384431788
0.6461963754754957
0.6406601386489769
0.6343173962730084
0.6279290481798985
0.6219911361913623
0.616046986379966
0.6108104592986241
0.6057266202482063
0.6008275858722926
0.5956576769930861
0.5909576246858346
0.5866963944399135
0.5821075667809963
0.577890078529765
0.5745809753294804
0.5696601631420439
0.5655295829369104
0.561550486547113
0.5575348928583935
0.5541116232470338
0.5506568696072192
0.5472008155599953
0.5443362087608357
0.5409638951486071
0.5379933581760351
0.5346656080933351
0.5317549895344527
0.5283667296119902
0.5252939520347442
0.5229090106419937
0.5196013919701936
0.5164587679503275
0.5137585017484724
0.5108747257746444
0.5081785977812154
0.5049948231013268
0.502246724981102
0.49971048867024936
0.4976368880353629
0.49542265140217967
0.4928764449518469
0.4905628406472423
0.4880655484458919
0.4861592563510555
0.4839342303220716
0.48166895842071655
0.4794674184642421
0.47726585504065566
0.47508777273925884
0.47300182002685076
0.4703463902364853
0.468773847421055
0.4664264606267251
0.4643514066435346
0.4624400639896241
0.46060125686723263
0.4589496452688321
0.45678350854194283
0.4546135861968339
0.4528201856660714
0.45134581224357917
0.44948681429258164
0.447580025735807
0.4457465207846515
0.4437638232930682
0.44220968787786064
0.4403455231761322
0.4383738227194639
0.43665396159278946
0.43483240328944106
0.4333390933044966
0.43154431848128294
0.4299340936409626
0.4284020437033328
0.4268564036510204
0.4256196692046983
0.4240238483667489
0.42247004740733485
0.4210641850376663
0.41976488062820627
0.418340640998612
0.41671130043610727
0.4156317594689194
0.4142775171080505
0.41302217562424703
0.41170446239505065
0.4102997115701429
0.40904474754899234
0.4078779154878318
0.40645079740200407
0.4052278144578143
0.4039447500533486
0.402813845925058
0.4016750290339468
0.4006885166556732
0.3993989027848083
0.3982781963941725
0.39706206148354384
0.39580327646716573
0.39470586087851856
0.393285321913621
0.3919020593339433
0.3908213804058489
0.38972114859392204
0.3884601266415252
0.387464514103282
0.3863400716333266
0.38502518350165016
0.3839252113234577
0.3828236411113256
0.3818785290582708
0.38090413177018
0.37961931342607813
0.37863516621185656
0.37750823450771587
0.3765818378641639
0.3755881173329412
0.3744749986624172
0.37369208222565364
0.3727873969677601
0.37209485128266295
0.37111337983149617
0.36998425128382695
0.3688169857766447
0.36789958299267167
0.36725531340692164
0.3664757230023721
0.3656564471273349
0.36496214583439734
0.3640741387941018
0.3631357335059846
0.3622131837719679
0.3611934017096522
0.360435275310409
0.35926525046117197
0.35851648019915083
0.3575459493542952
0.3566972404764729
0.3558732140513404
0.35514561014493073
0.3545614781794355
0.35377256261713685
0.35297298702287405
0.35234681715428573
0.3515953024334859
0.35068215343348086
0.34994631956824895
0.3493473443002597
0.348673481491968
0.34799960517453055
0.3471406080207162
0.346137884239788
0.3455941499285984
0.34481002891715173
0.3441125323593216
0.34343959110755207
0.34277321012901163
0.3417816765743731
0.3411052369137668
0.3403115657616006
0.33965769425650805
0.33913482089594926
0.3384498709308488
0.3376609813104956
0.3369508693362161
0.336356080352875
0.33570407224432774
0.3350854211683725
0.33454808994829666
0.33377061526814245
0.33317497891043746
0.3324876833622241
0.3318831236130332
0.33119532670891594
0.3304631613687873
0.32973434283592007
0.3288634118127882
0.32833761410480733
0.32778283159959876
0.32711712076597543
0.3264628870010805
0.32582705672226053
0.32536095937920206
0.3247895095912089
0.3242920027362497
0.3237179993861732
0.32307221338614933
0.32245456095954583
0.3218772159821137
0.32130546009974037
0.3206184365021031
0.32005617287473886
0.3193688871303262
0.31879520123538707
0.31823477932604816
0.31779023612854407
0.3171126012888077
0.3164785483360696
0.31597788913188474
0.31548600652154124
0.3149188001056118
0.31449800230643743
0.31410236162378646
0.31345718646419807
0.31284231022488007
0.3120852743653888
0.31155395280616627
0.31111016125166435
0.31054145470082517
0.31010758957895246
0.3095416723640272
0.3090392915971448
0.3084437291019927
0.3078735427732995
0.30742419100259033
0.3068982006909584
0.30654245184714146
0.3061006451214031
0.305592170919025
0.30502410083600484
0.3046070822479404
0.30412913090787697
0.3035756301885246
0.303114605019434
0.3025499223962761
0.3019701455977942
0.30141725187772683
0.3010019595553355
0.30047593561399266
0.30001192804538246
0.30000671582534166
0.30000628622904313
0.29999507070294384
0.3000048439651404
0.30000186007358565
0.30001116708972153
0.30000032511371266
0.29999638012850083
0.2999946432436795
0.29999816003315427
0.30000104851843024
0.29999749971751155
0.30001543045403334
0.30001642475965173
0.29999934372126447
0.3000173976403554
0.30000023665855746
0.299998867280319
0.2999965263819583
0.300006035434076
0.29999891148625757
0.3000056046560252
0.30002554184616614
0.29999969374920477
0.29999801701235873
0.300002822354446
0.3000086414366264
0.3000078372889934
0.29999074227321476
0.30000168372027025
0.29999873003344013
0.2999949758974927
0.300002509697856
0.30000424622580035
0.3000135037789209
0.3000127878467992
0.29999943782209315
0.3000048168867001
0.30001609837991094
0.29999803709612083
0.29999757812751326
0.3000002591289589
0.3000052327124928
0.29999756596199223
0.30000278868286323
0.30000099155077553
0.3000067123540924
0.29999711957051567
0.2999874075313217
0.3000049193572857
0.3000011619110834
0.3000020947042825
0.30000097142186255
0.29999631893907797
0.3000000975067437
0.30000779388292975
0.30000088640140454
0.299997709318116
0.2999963718110563
0.29999959593090453
0.2999996836032792
0.3000027714519121
0.30000215831471844
0.29999784408449726
0.30000027427674814
0.2999963608134729
0.2999973630529832
0.2999936485443223
0.2999959319286498
0.2999995449786039
0.3000055283829365
0.2999991517843197
0.29999827670314183
0.2999860223305042
0.3000006223008387
0.3000054799880195
0.29999764110821947
0.2999992280077556
0.29999974881241154
0.2999999570808477
0.3000044752382329
0.3000035442936254
0.2999987881492445
0.3000017787695548
0.3000040800437822
0.3000037659142425
0.2999995801792936
0.29999832353514877
0.29998751051971917
0.30000224201808523
0.29999667028866706
0.300000460953187
0.3000033705723565
0.300002144018505
0.29999703778923803
0.2999958899403189
0.3000019929553486
0.29999908411796206
0.3000078843459463
0.3000017100155591
0.29999875458983727
0.30000040316418086
0.30000025613734427
0.30000076464923187
0.29999905417109074
0.3000027235940038
0.2999999759112796
0.30000808418098424
0.2999990108466126
0.2999972173605867
0.30000319781577656
0.3000010466611236
0.3000002373368279
0.3000002528002461
0.3000001944066971
0.29999959276387334
0.3000031749412193
0.3000046824430781
0.3000021488783672
0.3000007431330539
0.30000366741260776
0.2999997427088533
0.3000015995390495
0.300021076156765
0.30000406295514304
0.30003143912113184
0.30000008344795637
0.29999218523434645
0.3000005495174579
0.3000106041827144
0.3000007831172813
0.3000018191894652
0.2999994654364794
0.3000027780901239
0.2999914291202179
0.2999977156317192
0.29999968961081624
0.299997657826059
0.30000244947857513
0.3000011436809671
0.30000061915434895
0.3000021735733003
0.3000068211312127
0.2999965032088
0.29999744975431
0.30001354193633645
0.29999676256478947
0.30000461363390885
0.30000453268464244
0.2999949099181337
0.3000029099421214
0.3000061466286986
0.29999790815679983
0.30000070738880324
0.2999926346281736
0.30000354544589314
0.2999976196624581
0.30000297597851977
0.2999967841813128
0.29999622103096957
0.3000027552903457
0.29999838650181343
0.3000061924526197
0.29999933379108656
0.2999988514508305
0.2999987181522845
0.30000068028844284
0.30000446590982666
0.300003496725351
0.299998632691186
0.30000232843645025
0.3000022939288445
0.30000288212854964
0.3000050117203066
0.30002622510689825
0.29998836004981544
0.2999997940479707
0.3000041620880902
0.29998255577663224
0.2999986516117439
0.2999974897353327
0.29999109157517545
0.3000034543673842
0.30000058941158647
0.2999991203498986
0.29999659784180444
0.3000014053299319
0.3000009735863669
0.3000062914925883
0.30000181882178045
0.3000020038199508
0.3000000635778809
0.30000514175749027
0.299998000109696
0.29999263605450566
0.2999994937885434
0.30000094588919124
0.2999990379931109
0.29999473211886507
0.300018006343552
0.30000145972939385
0.29999839388124994
0.2999962972029663
0.30000664464086835
0.29999857484649406
0.3000004324522053
0.3000022169509071
0.2999977133904218
0.2999972818920855
0.29999918591057007
0.2999965556728379
0.30000193104905293
0.30000440125067307
0.3000011279418554
0.2999994361270071
0.3000177501138924
0.3000025045911979
0.29999130284031117
0.29999947311636754
0.30001560601446864
0.30000037295671267
0.3000000441099163
0.29999658654631733
0.29999940394723956
0.2999954399078688
0.2999973817857474
0.29999655621047283
0.3000007683993996
0.29999721170730975
0.30000066784290746
0.3000021131510028
0.29999812958396277
0.3000032270249626
0.2999979363864226
0.30000014837039446
0.29999842694044676
0.2999986346172755
0.30000013284262206
0.3000022923810408
0.29999802436243295
0.30000010862555837
0.3000005538066912
0.3000018342060381
0.29999517786034136
0.29999931613241815
0.3000005126386809
0.2999948832901722
0.30000447392252705
0.2999964394084146
0.2999998999082305
0.30000027146992014
0.29999702931206107
0.30000444890511035
0.299999026531777
0.3000001388612673
0.29997998006755466
0.30000422723964704
0.3000055589037768
0.3000077617501543
0.2999904277377411
0.300003187081079
0.29999342241533766
0.30000026463690654
0.29999781019103655
0.29999889540322155
0.30000107311710045
0.3000005175506931
0.3000013967948627
0.3000057413206555
0.3000007544534218
0.300000720331584
0.3000036411389765
0.29999907365730816
0.3000021031092496
0.29999983182293644
0.30000329650141566
0.30000044270630366
0.3000013694167617
0.30000257541046915
0.30000148428673323
0.2999982930563856
0.3000008017664997
0.30000264159917067
0.3000013009991034
0.300001275199568
0.29999960896529454
0.300000586963059
0.299995991590283
0.2999858965588662
0.29999748703450624
0.2999974746213946
0.30003594807482203
0.3000054809700552
0.29999707584168744
0.3000038260051986
0.30001483437270804
0.30000053255138437
0.30000290013371456
0.299999917563358
0.30001111776336664
0.30000049543359686
0.3000025099970579
0.299999019831131
0.3000185342568482
0.29999655569253214
0.3000027835433018
0.29999964928139644
0.30000859005620895
0.3000024141657033
0.3000016144344807
0.30000175822444086
0.2998809601218104
0.2999971062345721
0.3000016595831705
0.29999989341979716
0.29999976460620137
0.30000066788091295
0.29999930466478186
0.30000104695589713
0.3000022558876345
0.2999989932267647
0.3000013966859706
0.3000003769603051
0.29999623033699474
0.30000111637408533
0.3000125703762989
0.30000194810277314
0.30000372007853393
0.2999960607365584
0.3000007947113581
0.3000005214655356
0.29999715210166944
0.2999862512607977
0.3000026031904409
0.29999247623507697
0.300002784301724
0.30000237639834904
0.3000000687225899
0.2999999283261805
0.29999644417450233
0.2999994626755159
0.30000514386815325
0.2999967845078151
0.3000003972813823
0.29999897264907327
0.3000031794785236
0.2999961286585551
0.2999903380359955
0.30000330647882856
0.3000070379052232
0.29999917733879966
0.3000011542611676
0.30000055824359784
0.3000003941434546
0.3000018522452087
0.29999922306169413
0.300000589621941
0.3000007546726261
0.3000022079715664
0.29999868827131804
0.2999981252247771
0.3000012393620869
0.30000748330434257
0.2999751415930376
0.29999952359223947
0.29999649058294076
0.2999999854332841
0.2999988745654819
0.30000005263255825
0.3000037358857278
0.29999947292541207
0.2999995113057271
0.29999669783008187
0.30000015573231986
0.30000252426581475
0.2999988698070345
0.2999968148005723
0.3000004982254275
0.29999407158046654
0.300004146957367
0.29999990702406254
0.2999980861154915
0.2999991671255321
0.29999629702186004
0.3000050036578399
0.3000007982211911
0.29998880272287487
0.3000248295591932
0.3000022150047399
0.2999984023911487
0.3000024186757596
0.29999947828627527
0.30000086611349286
0.30000019804852096
0.29999812296759143
0.2999825232590111
0.2999975788214019
0.3000029671122859
0.30000278899601196
0.29999576925720506
0.30000116087684603
0.3000020356125642
0.29999778637462815
0.3000020377752539
0.29999977441546344
0.3000016102378186
0.29999935446578097
0.30000100910240646
0.2999995186347326
0.299980276334043
0.2999959108200241
0.30000076110294105
0.3000001551996462
0.3000015837892016
0.30000215264233365
0.29999816893751063
0.2999976829808364
0.3000021284122154
0.30000165019778025
0.2999986431306484
0.29999871158254365
0.2999970743018786
0.29997537849263456
0.30000291068357865
0.30000094212314254
0.29999832895451795
0.2999848499257378
0.3000049009292193
0.29998122592060694
0.30000223446476193
0.30000397156923475
0.29998418834587526
0.2999989255397324
0.2999995732482649
0.29999820876900796
0.30000061225445107
0.2999917415835085
0.30000849516861827
0.3000004415668611
0.3000003534500739
0.2999931235233507
0.30000080947062846
0.29999932238030846
0.2999987711805433
0.2999993870994795
0.30000519031638595
0.2999988322438698
0.299998658239067
0.29999984629956944
0.3000019415660474
0.3000099138083452
0.2999980150850381
0.2999975963115059
0.3000005272889633
0.3000006511886152
0.3000001889419577
0.2999805266882407
0.29998858705194986
0.29999803924810886
0.30000257904294536
0.30000763028683874
0.3000019939996419
0.30000147082902207
0.29999604310251193
0.3000028117015169
0.2999991670252622
0.30000187591738203
0.29999883975108277
0.29999962054983853
0.2999989341129693
0.3000016586824146
0.29998338710747263
0.30000346646406084
0.2999995365943977
0.2999985040298466
0.2999995569961784
0.30000135216561086
0.300003139466929
0.2999986789745631
0.2999971155619988
0.30000006603038265
0.300005459966725
0.3000032936107033
0.30000202266696874
0.29999811769018525
0.2999897808698253
0.300002734637579
0.30000094225714413
0.30000535812888196
0.29999987807929984
0.29999751294647026
0.30000292661466366
0.29999699213440645
0.3000013820729005
0.3000026825564842
0.30000107288860445
0.2999959178928151
0.3000054593133088
0.2999998606609101
0.2999981214566051
0.3000016911474688
0.30000274670647487
0.29999790578045593
0.2999951368380752
0.3000003673975614
0.30000230604847256
0.3000003036620008
0.30000116344430494
0.2999987286158279
0.3000016203431193
0.29999750252714263
0.2999972955660827
0.29999667209836933
0.30000252200535915
0.3000008198748584
0.3000006666068853
0.3000007576544632
0.30000066180391616
0.3000004192967609
0.2999915546701455
0.29997249146678795
0.3000024208104306
0.29999967388772264
0.30000008709406134
0.2999998911856757
0.3000004617996357
0.3000034714758
0.3000001691286762
0.30000281873667556
0.30000056894221006
0.30000177620721236
0.30000190606746113
0.30001847670172654
0.2999986954774879
0.3000011197402779
0.300018760086433
0.30000520425100397
0.29999574860391764
0.3000031018731817
0.2999993021456385
0.30000796398357044
0.29999911013527225
