0.30000321825260423
0.2999987099927165
0.29999902311396554
0.3000019061626016
0.3000029777836304
0.3000024542664633
0.29999858110426547
0.3000049561718372
0.29999950822869204
0.29999794924291456
0.29999663623416883
0.3000010360337769
0.3000009145042969
0.3000043403085997
0.30000002793340186
0.30000395724730666
0.3000034878600598
0.30000547058157634
0.30000276659366965
0.299997641732627
0.2999994912960773
0.3000016533364971
0.3000057391607599
0.3000011717564549
0.29999729718560575
0.3000031441129686
0.2999995981169308
0.30000158383295317
0.3000020251769481
0.30000390700219215
0.29999993229868027
0.2999984848026078
0.30000125464109584
0.29999969971225393
0.2999978343695827
0.3000061866063163
0.3000060405334898
0.3000043925157172
0.3000053784142571
0.30000754478225133
0.3000031267237733
0.30000396988956846
0.3000018282412973
0.2999995956290522
0.3000037726497903
0.3000105830167945
0.29999472691734774
0.300002249092736
0.3000006495611004
0.2999999647864531
0.29999912585791755
0.2999945457211294
0.30000008515083953
0.2999974819381065
0.299998346030279
0.300002989197663
0.2999988469750303
0.2999918840120366
0.2999960364656704
0.2999988558448172
0.29999611873894894
0.30000097053934627
0.2999945404115003
0.29998563134594014
0.2999919988348482
0.2999970638693593
0.2999941086853113
0.3000017973243897
0.3000047326680002
0.30000585295785087
0.3000016537506731
0.29999937419097666
0.2999971405101348
0.29999939259317554
0.3000046488653596
0.2999993434445839
0.3000046477212478
0.29999536144904804
0.30000268562921806
0.30000199145430084
0.3000008438809918
0.3000009473581894
0.30000065456754366
0.2999998337134858
0.30000215714531897
0.2999998955858394
0.29999481754193136
0.2999994715430976
0.2999996344317224
0.3000029997950364
0.2999991759122812
0.3000009747592802
0.3000017498330845
0.30000119554035887
0.3000045650397496
0.3000026881654583
0.3000015652997595
0.29999728253493674
0.30000577924075755
0.3000052170620502
0.3000077708091672
