0.009999000000297964
0.4769307000001277
0.6016508666667407
0.6494359500000496
0.6685453200000356
0.6752865666666936
0.674220571428592
0.6701417000000165
0.6639348000000134
0.657686200000011
0.6500962000000092
0.6429168500000078
0.635178415384622
0.6269237285714344
0.618179720000005
0.6089708000000045
0.6010825882352979
0.592691044444448
0.5853649368421086
0.5797472000000029
0.573206495238098
0.5672707727272752
0.5590397304347847
0.552812375000002
0.5462887760000019
0.5397528230769248
0.5340033481481499
0.5284178571428587
0.5227024068965532
0.516114706666668
0.5110143419354852
0.5061374812500012
0.5024247939393951
0.49784674117647165
0.49382016000000106
0.48898181111111216
0.48406978378378485
0.47999292105263236
0.4764330051282061
0.4725995600000009
0.4690194780487813
0.46511516190476265
0.4615605441860473
0.45782741818181893
0.4550856266666672
0.4517234869565223
0.448360327659575
0.4450681750000004
0.44228523673469433
0.4399259760000003
0.43686622352941196
0.43407665769230785
0.43062802641509446
0.4283228333333333
0.4256655927272728
0.42265116428571425
0.4198389754385965
0.41698506896551724
0.41462115254237264
0.4122529233333332
0.40970588852459
0.407677509677419
0.4053547904761903
0.4026481562499997
0.40022868923076893
0.3977356696969696
0.3957702567164175
0.3941371617647055
0.3922503159420285
0.3901944799999997
0.38821275774647857
0.3861181638888884
0.38426147123287635
0.38191756216216166
0.3801176159999996
0.37846951315789434
0.37680659999999966
0.37501427692307643
0.3732113316455692
0.3713267999999994
0.3696211555555551
0.36776273902438983
0.3659885277108429
0.3641770476190471
0.36269526588235246
0.3609568930232554
0.3593464528735629
0.35763263636363585
0.3559170157303364
0.3545691444444439
0.353228072527472
0.35154783695652136
0.3501048279569887
0.34894313617021233
0.34713129684210486
0.34595255833333294
0.34467367422680384
0.34337255102040753
0.342252547474747
0.3408670539999995
0.33943144158415794
0.3380149666666662
0.33672752427184427
0.3354082480769226
0.3344614514285711
0.3332375849056599
0.3323502224299062
0.33087166481481445
0.3300274110091739
0.32865132727272683
0.3273440792792789
0.32601010178571377
0.32491196106194653
0.3240242824561399
0.3227829791304343
0.3215884620689651
0.320373367521367
0.31926794406779613
0.317956746218487
0.31667510333333315
0.31573233223140473
0.31455300819672105
0.31365802926829234
0.31289311451612867
0.31185931359999963
0.3110393269841266
0.31004869133858226
0.3092802593749997
0.30825259689922446
0.3072167046153843
0.3063664702290073
0.30547484696969673
0.30459714285714257
0.30368411492537284
0.3025653037037035
0.3016602735294115
0.3006552204379559
0.30001229710144905
0.3000175741007193
0.3000032985714284
0.2999994382978721
0.30000564647887296
0.2999982419580418
0.2999942499999997
0.29999689931034446
0.2999942835616436
0.3000062231292515
0.3000156148648645
0.29999352751677844
0.3000190773333332
0.3000033192052979
0.30000669868421037
0.30001362352941163
0.30001327922077903
0.29998899612903207
0.30001225256410247
0.2999988242038216
0.3000006215189873
0.30000859496855337
0.3000039712499999
0.3000203552795029
0.30002531358024676
0.2999947803680981
0.2999863841463414
0.3000065987878786
0.3000122096385539
0.29999614251496987
0.3000049678571428
0.30000094437869806
0.2999948270588235
0.3000055368421052
0.3000056965116279
0.30001461156069353
0.2999935310344827
0.3000053280000001
0.3000015420454547
0.3000042395480227
0.30000175730337086
0.2999969631284919
0.30000230444444465
0.29999318784530415
0.2999877857142861
0.29999699672131186
0.29999551847826134
0.30001505945945983
0.2999953548387101
0.3000046930481288
0.3000119702127666
0.29997787724867775
0.29999562526315837
0.2999982890052364
0.30000160208333415
0.2999993274611408
0.3000073587628874
0.2999975948717958
0.3000044867346947
0.29999329644670136
0.3000120777777787
0.30000480603015145
0.30000104800000105
0.29999247064676726
0.29999677029703087
0.3000118197044346
0.3000041284313738
0.3000073034146351
0.30000523300970994
0.3000003217391318
0.29999654038461665
0.29999524306220227
0.3000129819047632
0.29999279336493023
0.2999972141509447
0.3000055258215977
0.300001942056076
0.29999654325581526
0.29999869166666815
0.30000464331797405
0.3000025944954142
0.3000022191780837
0.30000161545454695
0.2999992868778296
0.29999380180180335
0.29999755156950836
0.2999983151785731
0.3000025680000017
0.30000179646017877
0.29999793744493564
0.30000810175438775
0.3000039336244559
0.2999966391304366
0.2999913489177507
0.30001913620689824
0.29999137596566694
0.3000071948717965
0.3000035557446826
0.30000047711864597
0.29999878059071916
0.3000137630252119
0.30000674225941626
0.3000010258333351
0.3000010298755206
0.29999663140496047
0.3000063399176973
0.30000160737705095
0.29999815102040994
0.29999712520325383
0.3000002858299615
0.2999973185483893
0.2999928714859458
0.299999075200002
