0.19998000000029292
0.5732224000001269
0.6726374666667417
0.7083875000000512
0.7225030800000374
0.7247848000000283
0.7221892000000223
0.715235225000018
0.7074415111111256
0.6974514600000122
0.6891470545454648
0.6802000833333424
0.6698141230769306
0.660488271428578
0.6509448000000058
0.6411988125000051
0.6322010000000046
0.6226698777777819
0.6140724526315826
0.6067752500000032
0.6002128761904791
0.592823636363639
0.5860459130434807
0.5791810750000024
0.5733972560000022
0.5664641000000019
0.5605690370370389
0.5549080071428589
0.5484036206896568
0.5425436800000014
0.5375024451612918
0.5321943750000013
0.5270598363636375
0.522202005882354
0.5169337371428583
0.5121420277777788
0.5082428972972983
0.5038833210526326
0.49975002051282136
0.4956109100000008
0.49201045365853757
0.48841762857142934
0.48541491162790784
0.481934518181819
0.47863623111111187
0.4756037739130442
0.47152974468085174
0.46813454166666724
0.465028971428572
0.46156734000000066
0.45857148235294176
0.4556947230769237
0.4526565622641513
0.449749244444445
0.4468706181818187
0.444512103571429
0.44144802105263214
0.4387945931034486
0.4364405220338987
0.43343180666666703
0.43120003934426265
0.42886058064516164
0.42600577142857177
0.42380333125000036
0.4216445138461542
0.41930768181818234
0.4169392328358211
0.41481036470588284
0.4129402637681163
0.4107600914285717
0.40825770422535246
0.40612346944444466
0.4045874219178084
0.4022441594594598
0.4005823493333336
0.3985368210526318
0.39676424675324706
0.3949121871794876
0.39309793670886106
0.3911457100000001
0.38950694814814835
0.3879140487804881
0.38617486265060275
0.3844898309523813
0.38301980705882377
0.38149584418604676
0.38006666206896567
0.3781244500000003
0.3768106089887642
0.37537143111111126
0.373708531868132
0.3724179847826089
0.37084755698924743
0.36928045106383
0.3677467221052634
0.3661021208333335
0.3647453463917527
0.3634693938775513
0.36200812323232334
0.36088963800000007
0.3598564653465348
0.35864029019607857
0.35731284660194185
0.3556129653846155
0.3545058990476192
0.35315967358490574
0.35211282056074766
0.3508055314814815
0.3499318385321103
0.34872647272727286
0.34739425945945945
0.3461656267857144
0.3451096230088496
0.34380854210526324
0.34265269565217416
0.34126155517241386
0.340175305982906
0.3390821474576272
0.3381071764705884
0.33690650666666666
0.33555281157024797
0.3344113868852462
0.33350475609756114
0.33269280645161325
0.3318632560000002
0.3309256968253971
0.32984389606299225
0.3287606375000002
0.32807715968992257
0.32722735384615387
0.32650256030534364
0.3254007742424244
0.32431362255639107
0.32330784776119414
0.32225803407407416
0.3211118029411766
0.3201154145985402
0.31931975217391306
0.31840366187050373
0.31742608857142873
0.31654555177304977
0.31573449859154956
0.3150994321678322
0.3141052666666667
0.3133651020689656
0.3127099849315069
0.3117957020408164
0.3109290837837839
0.31016855033557056
0.30946226933333343
0.3085906688741723
0.30785950131578954
0.3069599320261439
0.30612393896103895
0.30547482451612906
0.3046568474358975
0.30370148407643316
0.3029201139240507
0.30227423018867927
0.30147262375000006
0.3006614086956523
0.3000004259259259
0.300004873619632
0.2999905329268293
0.30000218181818217
0.3000043445783134
0.2999866155688624
0.29999978333333344
0.29998950295857996
0.30001335647058835
0.29999823859649133
0.3000082162790698
0.2999901468208094
0.30002726091954035
0.2999845988571429
0.30001206818181836
0.29999540338983066
0.2999987876404496
0.30000565921787714
0.29999512333333356
0.29999971933701663
0.30000617142857156
0.30001523278688524
0.30000606413043474
0.300006655135135
0.3000027494623657
0.3000036641711231
0.2999969170212766
0.3000005238095238
0.2999947421052631
0.2999988356020944
0.299993934375
0.3000118103626943
0.2999940371134021
0.3000083384615385
0.3000013153061224
0.2999998862944163
0.29998990808080805
0.2999998020100504
0.300016128
0.30000006567164184
0.3000075900990099
0.29999751724137913
0.3000047303921569
0.2999988409756097
0.3000050155339806
0.3000149111111112
0.3000208500000001
0.3000212842105263
0.3000018666666667
0.3000016132701422
0.299993453773585
0.3000046629107981
0.29999953738317753
0.3000041488372094
0.30000973055555546
0.29999539539170517
0.3000145220183488
0.3000084748858448
0.2999995690909091
0.29999745429864255
0.29999339369369393
0.3000074547085202
0.2999981026785715
0.29999859555555564
0.29999899292035404
0.2999985286343613
0.2999963342105264
0.29999125851528374
0.2999967252173913
0.299995058874459
0.29998820517241387
0.29999648240343346
0.3000066683760684
0.29999698808510633
0.3000062822033899
0.30000248607594937
0.2999949915966388
0.3000069648535564
0.3000051041666667
0.3000094589211618
0.2999983181818183
0.3000166123456791
0.2999943590163935
0.2999945502040815
0.30000151544715437
0.3000033886639676
0.3000066612903225
0.2999992265060242
0.30000090720000006
