0.7999200000000587
0.8837867000000261
0.8925983333333489
0.8852173000000105
0.8713217200000077
0.8570204666666725
0.8423231714285762
0.8262415250000037
0.810723600000003
0.7988329000000025
0.7861601272727294
0.7737356500000017
0.7620837538461553
0.7497776142857155
0.735962160000001
0.7239409125000009
0.7117032352941185
0.7011043666666674
0.6908044315789481
0.6822252000000006
0.6740293142857149
0.6643199636363641
0.6564614608695656
0.6478925000000004
0.6397355280000003
0.6326129461538466
0.6248779333333336
0.6176241071428574
0.6106988000000002
0.6045806133333336
0.5984992258064519
0.5922823437500002
0.5864176606060607
0.5812795588235296
0.5755004800000001
0.5699114444444446
0.5652675567567571
0.5594877526315791
0.554364112820513
0.5498463500000002
0.5447502292682929
0.5404060047619049
0.536626246511628
0.5327918272727274
0.5289188711111112
0.525384795652174
0.5215904000000001
0.5183760291666668
0.513838555102041
0.5100995560000001
0.5063360941176471
0.5027858884615386
0.49900620754716996
0.495879525925926
0.49233066181818186
0.48882018214285705
0.4857754666666667
0.48232302758620704
0.479253166101695
0.4762765866666667
0.4737351180327869
0.47129477741935477
0.468806819047619
0.46619175312500005
0.4633248061538463
0.46047986363636373
0.45797310149253745
0.45544600000000013
0.4531251101449276
0.45066188857142864
0.44849800000000006
0.44639752499999996
0.44412818356164385
0.4419885513513514
0.439828392
0.43762012368421044
0.43538132207792213
0.43321792564102557
0.4317358126582278
0.4295151025
0.4274784543209875
0.4252854414634146
0.42337361686746977
0.42123962380952384
0.4195212705882353
0.4175247813953489
0.41570863448275863
0.41353896363636355
0.41182695280898884
0.4101673888888888
0.4083055384615385
0.4067998347826087
0.40534471182795706
0.4034764595744682
0.40166731789473686
0.39994141875
0.39850829484536077
0.39678805306122444
0.3951011313131314
0.3936817480000001
0.3925185900990099
0.3908293411764706
0.38961811067961183
0.38839938076923086
0.3870937847619048
0.38561373396226406
0.3842568242990655
0.38300934629629624
0.38159641467889904
0.3800637545454546
0.37892592072072073
0.37777369107142844
0.37650033451327436
0.3753691350877193
0.37429814956521734
0.3730602344827586
0.3718639709401709
0.370752020338983
0.36972932268907566
0.36860325333333344
0.367368361983471
0.36595271147540986
0.365036094308943
0.3637516096774194
0.3628777136
0.36189429682539687
0.36084640944881885
0.3598665515625
0.3588248248062017
0.3576737061538461
0.35665361984732824
0.3554088303030303
0.35449377293233086
0.35345053283582095
0.35255898814814823
0.3514647323529413
0.3503944832116789
0.3493272884057971
0.3484837741007194
0.34754042857142853
0.34676814326241123
0.34583176197183096
0.34488612167832167
0.34392168888888897
0.34326537103448285
0.3423360082191781
0.34120353469387754
0.34028612162162164
0.3394929838926175
0.33887663599999995
0.33786666887417216
0.33686235131578945
0.3361840444444445
0.3354624324675324
0.3344403122580645
0.3334909153846154
0.3327019477707006
0.3319741037974684
0.33109698113207553
0.33037986625000004
0.3294798571428572
0.32873616296296304
0.32795096073619645
0.3272210219512195
0.3265995587878787
0.3257600421686748
0.3251455209580838
0.324407644047619
0.3236126568047337
0.32291418117647064
0.3220611684210526
0.32137066395348846
0.3207416312138728
0.32017001609195406
0.31955728799999994
0.31887348522727266
0.3182828000000001
0.3175600460674157
0.3171353072625699
0.31654335888888896
0.3159963878453039
0.31541769670329667
0.31479078579234965
0.3140555380434783
0.31345361621621626
0.3128043279569892
0.31223442780748667
0.3115868457446809
0.3109850402116403
0.31051090000000003
0.30985916544502623
0.30929927812500013
0.3086027948186528
0.30790832577319593
0.307209918974359
0.30645260612244907
0.305906516751269
0.30525284949494946
0.3046433055276383
0.3041073099999999
0.3036074298507463
0.3032897346534653
0.3026051596059113
0.3021179725490196
0.3016323482926828
0.3010376611650486
0.3004765700483092
0.3000096961538462
0.29999818564593295
0.300001058095238
0.3000122587677725
0.2999989679245283
0.30002480187793423
0.3000230542056075
0.3000064641860466
0.29999071851851844
0.29999851705069136
0.30000246055045865
0.2999881260273972
0.3000072136363636
0.30000542895927607
0.2999960153153153
0.3000048322869956
0.3000056116071429
0.29999543911111104
0.3000029477876106
0.30000377180616733
0.30000123508771925
0.300007633187773
0.29999979043478275
0.29999562251082246
0.3000083956896552
0.3000028772532187
0.3000050145299147
0.30001347999999994
0.29999696101694917
0.29999370970464134
0.30000407899159665
0.2999950359832636
0.299995765
0.29999337344398336
0.30000790082644635
0.30000253662551435
0.3000042901639345
0.2999977763265306
0.30000249756097574
0.29999989311740904
0.3000020362903226
0.30000486265060244
0.3000010624
