0.009999000000297964
0.2627405890290899
0.3834225695190764
0.4373909367902432
0.4597563400103595
0.46809877348818496
0.47118877286295124
0.4677767125980625
0.46366973540754197
0.4580265162881736
0.4515345645000639
0.44454193485009463
0.43963450881338473
0.4328764725517815
0.42721137511094753
0.4215055120154867
0.4161075164655329
0.4100125931104044
0.40519889714509694
0.4005309859867612
0.39511329383656035
0.3903837971397509
0.3865380767590755
0.3827901056707267
0.3781420764002903
0.3749527293058402
0.37094739039055513
0.3676195175138701
0.36379752441616675
0.3599795898822161
0.3567316991071644
0.35344827912150756
0.3503763388193828
0.34745757510339936
0.3447022810793613
0.3415989206219927
0.33902173248909173
0.33601709054722284
0.3335695211754869
0.3308949233518913
0.3275760273374362
0.32459699287459354
0.3220565293504901
0.3195501761262789
0.31717251835586313
0.31511897445050197
0.3125992214233302
0.3104976565534159
0.30787692071786044
0.30549328331534475
0.3033849364666029
0.30152100030560214
0.2998221467678771
0.2977457555149968
0.29612878378274865
0.2950739289852873
0.29445175166424153
0.29389521493291637
0.2940319663465609
0.2945077095742905
0.2950653974983991
0.2959512848598118
0.29674459196327074
0.29787608786610253
0.2990042021689193
0.3001368178401801
0.30130492025627953
0.30209095150908305
0.30295452366957354
0.30378665216659473
0.30418386903005856
0.3047512169336588
0.30493651262279664
0.3050978793925282
0.3049917704291166
0.30448254023430754
0.30411136742296785
0.30340761726558607
0.30264488787111843
0.3019152547032583
0.3010220975139246
0.30016116047937913
0.2993405645140461
0.2987463636221501
0.29840143900571436
0.2978114712704971
0.2974197275457494
0.2972963578225072
0.2970967894896087
0.29694576705840936
0.29719042163403675
0.29729831810079355
0.29750832425674034
0.29811126154200684
0.29846354794536667
0.29884478682877447
0.29945011876093697
0.2998225459391307
0.30020029633662215
0.30060597168814296
0.3010152295139521
0.3016364094272588
0.3019023080541363
0.30218987395473695
0.3022518151995197
0.3022092831445302
0.30239178436472913
0.3024145908544258
0.30222494394047505
0.3020397367478036
0.3018273403192264
0.30164804460072403
0.3015275354393113
0.30123729707402513
0.3008759927411586
0.3005728255861282
0.3002131164108751
0.29995103830931524
0.2996027731628599
0.29924334017571896
0.2989473147885122
0.2987456965320192
0.29868626882409
0.298668240212852
0.2984976201990487
0.2984341576466042
0.2984017011159903
0.2982810427723055
0.2984020692668008
0.2985208128060165
0.2986271008917405
0.29884525885551105
0.2990525686198019
0.2991412938836263
0.2994204952996533
0.29950994024780275
0.29972986773182964
0.2997809874924223
0.2998875740188631
0.3001201735754564
0.3004673151676489
0.3006327312415863
0.3008784404796778
0.300847499224706
0.3009023301793312
0.30087717164337635
0.3010414439088578
0.3011006966080976
0.30116657398766455
0.30121057240892124
0.3012256297410745
0.3012322818324875
0.30107986390916197
0.30101681409955916
0.3009794486461479
0.30075614779786763
0.30055379201096244
0.300548922889774
0.300323113300471
0.30029768103085197
0.30007455137210215
0.29993952140271984
0.2997932147727139
0.29975774191043314
0.2997064539854878
0.29973917262266325
0.29959578298721046
0.29941909613441986
0.29928255155669925
0.299222317616725
0.29926796226407915
0.2992983883445822
0.2992835767166646
0.29915556684455336
0.2992001013811366
0.2991857952239204
0.29909778272117304
0.29904979139744603
0.2991262386429703
0.2991010838538778
0.29912583898374046
0.29909755221592293
0.29874163275433196
0.2989293067753933
0.29904852254250514
0.2993293368559069
0.2994691291968923
0.29942883418120414
0.2996702232577456
0.2997630474687758
0.29991836409646877
0.3001673262625877
0.30029380736583533
0.30044636617322196
0.30055965399868056
0.30076684972245826
0.30085396797096486
0.30098707506960254
0.30097416496768037
0.30096878293308493
0.3009355467575823
0.3010120729047233
0.301200589994023
0.3012809971301247
0.3013701122040645
0.30132346759299955
0.30139218984291805
0.3013965307532207
0.3013199518239358
0.3012491755156599
0.30116195366063025
0.301072248388889
0.3008394146330009
0.3007607957010593
0.3006601446402034
0.30056652548804685
0.3004844914607352
0.30037867170855126
0.3002389110096467
0.3000711217392751
0.2998961058314559
0.29969591148217023
0.2994783102588998
0.2993429106098602
0.29919034608397355
0.299131521132871
0.2989773835528323
0.2987606533056941
0.2987547828718774
0.29858309668550054
0.2985367042222644
0.2985515793965442
0.29871878591068746
0.29873029966316467
0.2988254321962438
0.29890884998119516
0.29896154028552235
0.29902104315935696
0.2989754357912615
0.2990193378805587
0.2991343479650548
0.2991958228585343
0.2992819962414991
0.29948080376206265
0.2995521711040102
0.29981013334966733
0.2999731851738715
0.30006539427372336
0.30021277486116393
0.3002648768927241
0.3004092030736949
0.30050643641697194
0.30068370014335744
0.30079767756759823
0.3009195837746014
0.3009705555142467
0.3010813892059351
0.3011987077655959
0.3012875760415873
0.3013349625473747
0.3014222328932409
0.30155394423590876
0.3015666285352524
0.3015771714747598
0.30156037753364173
0.30141930777493253
0.30131715396527026
0.301272308773313
0.30116681550773816
0.30099111837886094
0.3009542827682161
0.3007362767437375
0.3005217804996393
0.30031803505991217
0.30015275268716735
0.2999285812207215
0.29979585479465376
0.29961074055327364
0.29944356675719364
0.2993166123397586
0.2990962075244713
0.2990306629596664
0.29889604818884297
0.2989011411094652
0.29871926330052656
0.29863713534199443
0.298532349089482
0.29857252244692767
0.29844438263810025
0.29849157682133176
0.2984465277529157
0.29843796889392693
0.29847204770021485
0.2984435491584855
0.2985701454993658
0.2987018004307458
0.29879980922618277
0.29888717560088685
0.29897516966019133
0.2990872142989529
0.29926834810645586
0.2993885692362612
0.29946092624806975
0.2995455478096546
0.2996295146792154
0.2997362956834806
0.2999400885104675
0.3000828994266651
0.30020175434583174
0.30031111093231955
0.3004646313910836
0.30071741159025844
0.30070870834682295
0.3008466628644719
0.3009544808761617
0.30096867151401085
0.30103074460916557
0.3010546494696916
0.3011311276273161
0.3010871588120938
0.3011616902649976
0.30105613661678976
0.30097459600149046
0.3010632881321267
0.3009697313537266
0.3009467712011479
0.3009024529461416
0.30084076041060526
0.30079533915800716
0.3006813380689797
0.30066461291695745
0.30059500020748353
0.300541322829013
0.30047594346607354
0.30033678690467935
0.3002373160277657
0.30014635554482183
0.29998314613116794
0.2998540272900425
0.29971403155791754
0.29957511297322914
0.2993479092872481
0.2993066939400496
0.2991965593172333
0.29909766082452816
0.2990239066030943
0.29903879692838875
0.29904747468625026
0.29898210469753417
0.29896076986578124
0.2988989482008628
0.2989101573764298
0.2989427175155568
0.29888004982369487
0.29893542435224485
0.29902213258261057
0.2991456813515858
0.2992473406609226
0.29938915045571957
0.2994873755879527
0.29953741206803386
0.29957884505461085
0.29974048582737534
0.2998184102902465
0.29977592352147076
0.2998075736432976
0.29989005060610463
0.2999364455242819
0.30002116215707764
0.300104563772989
0.30023715732191003
0.30023227470936686
0.3003157840010511
0.3003553834093807
0.300479847766727
0.30063077514821723
0.30065446712140775
0.30064524697034023
0.30075801429285254
0.3007548916459223
0.3007385605125886
0.30072270102601195
0.3007487568469448
0.3007339587628689
0.30076354497066493
0.30081325794834446
0.3008172755812679
0.30078982459127224
0.30085218722290075
0.30072012749719523
0.3006806332198063
0.30073544472795855
0.3007392644072462
0.3005822902038954
0.3005815778109866
0.30046280271424164
0.30041665513314353
0.3003046573872241
0.30021882096168395
0.30015299824771735
