0.2978198019410291
0.29810771461084606
0.2982659917677719
0.2984643911389736
0.298524201311711
0.2988461237285057
0.29921660555430507
0.29945498744848886
0.2996162202945605
0.2998190255659967
0.2999617053321614
0.3001972593156985
0.3004667907724373
0.3006046673903201
0.30081140855151123
0.30101205271215603
0.30137688216829517
0.3016333043624745
0.3017979109262815
0.3019059900147042
0.30208774343925304
0.302187871463947
0.3022669253068204
0.30225257310691944
0.30227042566055506
0.30221010627220646
0.3023390083738261
0.30238935901911423
0.3023990275797058
0.302417605047163
0.30230653675382535
0.3022222422793258
0.3021874641860154
0.3020373766560107
0.30192006263176563
0.3018310710813177
0.3016765647668116
0.30164604325152555
0.30156215481658377
0.30152472835166
0.301361636820517
0.30123470705088073
0.30107233863219274
0.30087725552565514
0.30075489032331726
0.30057760358075436
0.3005549185987806
0.3002138987035038
0.3001847124837166
0.29995361317766567
0.29970595331191274
0.2996002527090079
0.29948140569941795
0.29924452970374416
0.29912531327290326
0.2989468329192909
0.29878519994730657
0.29874399899914295
0.29869844331607676
0.2986856670200424
0.2986070577209331
0.2986717386728779
0.29864114968710553
0.2985000716168925
0.298472921937863
0.2984363372259935
0.29836523200899734
0.29840390911914727
0.29842273990328017
0.29827849805634266
0.2984519144225022
0.298401773250926
0.298489519927426
0.298521188613905
0.2985491126175155
0.2986291430603176
0.2986858561524436
0.29884732527756286
0.2990517817087778
0.29905245870209685
0.29901935229735577
0.29913880212873256
0.2992331003201347
0.2994182014760577
0.2995042414111233
0.29950995740124764
0.29959218266269116
0.2997273369634087
0.29975337329200347
0.29977993475175935
0.2998114096390835
0.299885969308871
0.29996856665124827
0.3001194306204702
0.3003134956719312
0.30046955808538545
0.30054382474710184
0.3006325475416255
0.30082070416146744
0.300879881729502
0.3008524011304091
0.30084567251346706
0.3008076546267472
0.30090401774157116
0.3009702946202094
0.30087504215515093
0.3009691627458597
0.30104338631725946
0.30113527036176635
0.30109882863999193
0.3011163686185979
0.30116521803499197
0.3011632350603567
0.30119216568114315
0.30117404670191905
0.30122912348795006
0.3012635091916581
0.30123356066474105
0.3011687529262431
0.30107954172988305
0.30105356369169556
0.30101917738688233
0.30103369560945237
0.3009796367955434
0.3007804972597722
0.30075398701983713
0.30062335151414843
0.30055585353885705
0.3005085969264002
0.30055082925594234
0.3004946723921451
0.30032261885901057
0.30032951146699693
0.30029863492157205
0.30028298165945466
0.30007303101975935
0.29997499260543514
0.2999383806472298
0.2999237822424762
0.29979183124489717
0.29979933031518136
0.2997567906986006
0.2997656847670661
0.2997052147403557
0.2996449748513482
0.2997381339320565
0.29965239120888054
0.2995958797413816
0.29959107914908434
0.29942109977640186
0.2994178185291704
0.2992819563551379
0.2992290181503863
0.2992214359424862
0.299249161205972
0.2992660213273547
0.2992424077677709
0.2992977066841809
0.29934982432243407
0.2992846394991413
0.2991982513662188
0.2991574798578891
0.2992709087165082
0.29920311748440687
0.29922775994420914
0.2991883677948901
0.29911587378897886
0.29909864592548596
0.29906410082262314
0.2990510792150496
0.2990394523780209
0.2991243010349671
0.2991429144507508
0.29910029950331185
0.2991283379935229
0.2991289878148713
0.29912470663840096
0.29909927716108
0.2987509295916233
0.2987400670967256
0.2988539590791418
0.29892799341116827
0.29895288679161935
0.29904924737678784
0.2991807905796706
0.2993293275980444
0.299413088797175
0.29947195531540216
0.29949489880300584
0.299428151836173
0.2995086934968354
0.2996684252964281
0.2996808693544597
0.2997635651182502
0.29985995505461904
0.29991890217257344
0.3000502582636113
0.3001691234909796
0.3002153234419034
0.3002931579582858
0.30040775932014296
0.3004453922961543
0.3005034534126838
0.3005579066712325
0.3006291988097193
0.30076528827818205
0.3008332851047034
0.30085514792874035
0.3009415675384207
0.30098616801392597
0.3010692239090891
0.300972799671568
0.30096993812371353
0.3009670458369714
0.30092790934796276
0.30093605951084423
0.30100353843498473
0.30101281164155824
0.301121919499279
0.30120013037069393
0.3012152277612479
0.3012799262157957
0.3012240464524437
0.3013686697386483
0.30130811702016935
0.30132212343396647
0.30133311826273423
0.30139069658509166
0.3014108566002984
0.3013962087359269
0.3013730824439391
0.3013214401501988
0.3012419786777618
0.3012491916769816
0.30115884011046623
0.30116198958773077
0.3011198963989382
0.30107207033270655
0.30080236408749805
0.3008407446026349
0.30079485047718635
0.30075948884996107
0.3006999768849611
0.3006586669945237
0.30061483578867776
0.30056743485807047
0.3004862203490941
0.30048301372290487
0.30043194496206027
0.30037907643575457
0.30026893015008926
0.30023776058553586
0.3001661141728811
0.3000708131550355
0.2999381592411984
0.2998955187532396
0.29978067390366303
0.2996944601588297
0.29955884937234667
0.2994792138153375
0.2994107033643473
0.2993432327552745
0.29924515280258224
0.29918917225745256
0.2992138824856172
0.2991303902914576
0.29905647261777824
0.29897717220155284
0.29887829025876356
0.2987603982047451
0.298702399094979
0.298753557947968
0.29863687477390743
0.2985831210373032
0.2985199969576837
0.29853530184324717
0.2985140271419634
0.29855010947812965
0.29864692257305925
0.2987173186433222
0.29872525037473063
0.2987306055468778
0.2988378376789602
0.2988242555637022
0.29887768297969775
0.29890870308763673
0.29893735880969474
0.29896174359671523
0.2990259119671117
0.2990222229921201
0.2990518087195497
0.29897773642819314
0.2990194385919701
0.29902093984309364
0.29906124333833173
0.2991358189454072
0.2991734760441933
0.29919484824803066
0.2992073809710962
0.2992813381249655
0.2994118884579633
0.29948311195547783
0.2995231849461192
0.29955136219345646
0.2996674485060544
0.2998098379694143
0.29987760069871294
0.29997237657134657
0.30000139693075456
0.30006421506835523
0.30016541728797264
0.30021313678645745
0.30031884405203846
0.30026743871518136
0.30029360221341905
0.30040952563086054
0.30050671815585384
0.30050638427994414
0.30061609766216235
0.300682745449838
0.300775008644362
0.3007977687483737
0.3008476415253051
0.30091869189603504
0.3009105647639305
0.3009717645821418
0.3009831646337353
0.3010826604183462
0.30114188178613455
0.3011980175293546
0.301216400688893
0.3012862415979093
0.30141839396318704
0.30133680634952764
0.3013983575061754
0.3014221419372012
0.3015102909848921
0.30155279487751585
0.3015480537647225
0.30156534569972915
0.30152778023199245
0.30157856707880537
0.30161347234707014
0.30155978150808027
0.30144243217331423
0.30141905380861855
0.3013327408557396
0.3013190279417953
0.3013197224664721
0.301271342993233
0.30123016499644883
0.30116671952293395
0.3010815762385679
0.3009913403683985
0.3009697757414618
0.30095420407562057
0.30085555743043146
0.3007351256742622
0.30053903707102125
0.30052083892289494
0.3004534826895636
0.3003169044827362
0.3002594834078941
0.30015314642959945
0.30005884915230796
0.29992870046458064
0.2999082937925599
0.2997971263783802
0.2996703546105888
0.29961082529885463
0.2995437032128616
0.29944382658868973
0.29938308264618707
0.29931671603206667
0.2992155014437725
0.29909594151843855
0.29904813116037887
0.299031439840618
0.29899704864501264
0.2988969799568679
0.2989513683242494
0.2989017717769247
0.298798990704665
0.29871819698167457
0.2986229706466006
0.2986374718887329
0.29857268701684925
0.2985343738936397
0.2985471712492852
0.2985721925427982
0.29847863021772403
0.2984436264123115
0.2984544070585342
0.2984910974074788
0.29847040132611513
0.29844764292684467
0.29836879740987887
0.29843719137881186
0.2984404111965755
0.29847182336769995
0.2984919760683914
0.2984437943105721
0.29849523344183504
0.2985704541552172
0.29863311036092055
0.2987015119164276
0.29874074342963775
0.2987986400205934
0.2988367700788741
0.298886762613373
0.2989453752622141
0.29897643994163214
0.29899872708951347
0.2990877153368461
0.2991890171094498
0.2992679822523644
0.2993410128987518
0.299387718522792
0.29940228634081445
0.2994605787235006
0.2994997830629744
0.29954459780006204
0.29959529447645716
0.299630152622012
0.29970111930741394
0.2997383043679793
0.29984539093660645
0.2999402541817535
0.29999688513259126
0.3000826171834341
0.30015396489516166
0.3002007989930723
0.300229966818625
0.30031005715141224
0.30037718613757425
0.3004648888241892
0.3006088069413233
0.30071719386985407
0.3007214018691792
0.30070801496919586
0.3007754488314034
0.30084582008325256
0.3008789999385826
0.30095568977433806
0.30091499844315917
0.3009683495662441
0.3010389554560179
0.3010318760320665
0.3010394560175401
0.30105501558691394
0.3011166419987411
0.3011306737130247
0.3011361224846447
0.30108718449350036
0.3011267829490687
0.30116098255995316
0.30105530859317864
0.3010551636164517
0.30097530048382237
0.3009742755225886
0.30104640712950315
0.30106307053560366
0.3010300907401009
0.30096949369200077
0.3008803660714825
0.3009468396131195
0.3009419321818957
0.3009028926763354
0.30087924032214963
0.30084009524890776
0.30080954077644273
0.30079703136394564
0.30074796829922235
0.3006808378065031
0.30069114629366
0.3006639077261022
0.30065252747515014
0.300594890590662
0.30057473679744107
0.30054178772271634
0.300493865419344
0.3004770264898966
0.3004193456377505
0.3003367387062241
0.3002627560616409
0.30023790256169547
0.30017013709214213
0.30014636781904136
0.3001130462366073
0.29998345461214715
0.29993848452387006
0.29985521095896217
0.29969783919660276
0.2997138916558514
0.29967329037324997
0.2995764869800204
0.29947742159461177
0.29934780881710676
0.29933790907283286
0.2993066557475548
0.29925106683103964
0.29919665179764865
0.29914113491929584
0.2990974728404804
0.29907199994120115
0.2990233914531977
0.29905911260054996
0.29903911382504567
0.29903180859048983
0.29904661640827424
0.29901176709890165
0.29898204585592936
0.2989690656752346
0.29896056921961534
0.29889408108125437
0.2988982070159383
0.2988876265464948
0.2989106380633767
0.2989058317967539
0.29894334573367787
0.2988765086234445
0.29887909614771935
0.2989075956904961
0.2989349680807032
0.29899719183187756
0.29902349147110185
0.2990588179376411
0.29914554243221614
0.2991977243861902
0.299246397694916
0.29931513653826225
0.2993892144547542
0.29938286348159915
0.29948656447928235
0.29950015834111665
0.29953645860573896
0.2995022597723679
0.29957809065710006
0.2996582594326418
0.29974002963279545
0.29973008627874675
0.2998197585633877
0.29980631886995046
0.2997750809720642
0.29977711447042765
0.2998066461635621
0.299813838533007
0.2998897106751537
0.2999242798334576
0.2999372979551447
0.29996383179576624
0.3000203245689672
0.300008461032892
0.3001056915432092
0.3002034330233694
0.3002365520507839
0.3002905051549346
0.3002317182221962
0.3002647605015204
0.3003157846404574
0.3003396418702612
0.3003547490692332
0.3004077829537827
0.3004789610269395
0.30057580298893116
0.3006299578333189
0.3006597043693289
0.30065482485537165
0.3006716513059221
0.3006447230043856
0.30070586734366944
0.3007583216707286
0.30075240700681505
0.3007547671927675
0.30074745243820256
0.3007381998438282
0.3007602301044443
0.30072183473792147
0.3007473846280484
0.30074818125352687
0.30072660173251553
0.30073350585538494
0.30074969615214797
0.30076377772236274
0.30083137024476336
0.30081280111589614
0.3007778102770946
0.3008174197272988
0.30081457659361155
0.30079025931727965
0.3008224602566577
0.300851346313892
0.3008161411294086
0.3007201209819683
0.3006792488813892
0.30067988756419106
0.3006839281782563
0.3007356871462792
0.3007614409925353
0.30073858330663406
0.3006429941713612
0.3005827728109408
0.300625055123677
0.30058069848475877
0.3005289852961822
0.3004621010865576
0.3004305324508739
0.3004167000322552
0.3003874117454196
0.3003044500705919
0.30031343506521213
0.3002194295289403
0.3001790370196946
0.30015230211884736
0.30010463526164277
0.30009320503044656
