0.2978198019410291
0.29798322339577965
0.29810771461084606
0.2981914117883321
0.2982659917677719
0.29833815980097045
0.2984643911389736
0.29859468465145733
0.298524201311711
0.298686672648513
0.2988461237285057
0.2990734757906517
0.29921660555430507
0.29928172248404505
0.29945498744848886
0.2995717431193714
0.2996162202945605
0.2998142181687692
0.2998190255659967
0.2999054103938369
0.2999617053321614
0.30009660124408233
0.3001972593156985
0.30039875265524085
0.3004667907724373
0.3005310891903641
0.3006046673903201
0.3006458840613412
0.30081140855151123
0.30091712948311966
0.30101205271215603
0.3012234875245402
0.30137688216829517
0.3015623724180504
0.3016333043624745
0.30176134447729797
0.3017979109262815
0.3018789283743871
0.3019059900147042
0.3019676880362361
0.30208774343925304
0.3021478064250219
0.302187871463947
0.30219582452303373
0.3022669253068204
0.30232373603430907
0.30225257310691944
0.3022165811067684
0.30227042566055506
0.30226834590274776
0.30221010627220646
0.30222697029284173
0.3023390083738261
0.3023669413717849
0.30238935901911423
0.3023517883415119
0.3023990275797058
0.3024144413868838
0.302417605047163
0.30234059450027084
0.30230653675382535
0.3022231961692605
0.3022222422793258
0.3022390968692331
0.3021874641860154
0.3021142020862052
0.3020373766560107
0.30197553167140023
0.30192006263176563
0.3018978165752333
0.3018310710813177
0.3017179967705498
0.3016765647668116
0.3015893821342813
0.30164604325152555
0.3016100367612745
0.30156215481658377
0.3015152121075185
0.30152472835166
0.30141959468590873
0.301361636820517
0.3012992916633904
0.30123470705088073
0.30115214343869656
0.30107233863219274
0.30091557229310006
0.30087725552565514
0.30081149228967696
0.30075489032331726
0.3006348467840365
0.30057760358075436
0.3005798547679267
0.3005549185987806
0.3004454627842541
0.3002138987035038
0.30018451786067457
0.3001847124837166
0.3000908207016936
0.29995361317766567
0.29984989942703166
0.29970595331191274
0.29967461152213937
0.2996002527090079
0.2995228190538728
0.29948140569941795
0.2993288136449761
0.29924452970374416
0.29915419904906615
0.29912531327290326
0.29901040212223107
0.2989468329192909
0.2988148416408173
0.29878519994730657
0.29875334058436787
0.29874399899914295
0.29873191579506586
0.29869844331607676
0.29873993992951053
0.2986856670200424
0.29862353954167753
0.2986070577209331
0.29863039196109376
0.2986717386728779
0.29866731352918996
0.29864114968710553
0.29859547588315494
0.2985000716168925
0.2984474166723119
0.298472921937863
0.2984332735064731
0.2984363372259935
0.2984438479653114
0.29836523200899734
0.2983952612164217
0.29840390911914727
0.2984278796274563
0.29842273990328017
0.2983594599605758
0.29827849805634266
0.29838855288444455
0.2984519144225022
0.2984462861806154
0.298401773250926
0.2984600646580392
0.298489519927426
0.29845414068859444
0.298521188613905
0.29855966850216276
0.2985491126175155
0.29858303515530504
0.2986291430603176
0.298622401290198
0.2986858561524436
0.2987662050289934
0.29884732527756286
0.2988941121422165
0.2990517817087778
0.29911134457548705
0.29905245870209685
0.2990141875758354
0.29901935229735577
0.29907396745887793
0.29913880212873256
0.29918523244443795
0.2992331003201347
0.2993666125728305
0.2994182014760577
0.29946427925867913
0.2995042414111233
0.29951139426894047
0.29950995740124764
0.29955165897007563
0.29959218266269116
0.2997336488919712
0.2997273369634087
0.29976788405587906
0.29975337329200347
0.2997948097802289
0.29977993475175935
0.29975505306382666
0.2998114096390835
0.29985210233844095
0.299885969308871
0.2999299864304301
0.29996856665124827
0.3000483071464073
0.3001194306204702
0.30024533938922127
0.3003134956719312
0.300422985048999
0.30046955808538545
0.3005116696164092
0.30054382474710184
0.3005518623121144
0.3006325475416255
0.30078192055003716
0.30082070416146744
0.3007991144577854
0.300879881729502
0.30091232685259117
0.3008524011304091
0.30082272918389463
0.30084567251346706
0.3008337596795253
0.3008076546267472
0.3008131771509175
0.30090401774157116
0.3009463367248588
0.3009702946202094
0.3009961856486647
0.30087504215515093
0.3008823582519653
0.3009691627458597
0.3009891431280678
0.30104338631725946
0.3010965454663772
0.30113527036176635
0.30113181310867854
0.30109882863999193
0.301073426233637
0.3011163686185979
0.30113141957749523
0.30116521803499197
0.30120181899410037
0.3011632350603567
0.30122353126557944
0.30119216568114315
0.3011589117366742
0.30117404670191905
0.3011446003621897
0.30122912348795006
0.30128574492810667
0.3012635091916581
0.30127596512541777
0.30123356066474105
0.3012313684987379
0.3011687529262431
0.3011759174455618
0.30107954172988305
0.30103010808915376
0.30105356369169556
0.3010273864830997
0.30101917738688233
0.3010028702186339
0.30103369560945237
0.30102742247486514
0.3009796367955434
0.30093481299284663
0.3007804972597722
0.30080080716139956
0.30075398701983713
0.3006968737945551
0.30062335151414843
0.30059905342028903
0.30055585353885705
0.30053409781964324
0.3005085969264002
0.30056174470286023
0.30055082925594234
0.30047019056679203
0.3004946723921451
0.30040574858822233
0.30032261885901057
0.3002920033584363
0.30032951146699693
0.30030078434823393
0.30029863492157205
0.30029050816543723
0.30028298165945466
0.3001567251689473
0.30007303101975935
0.29998458472920964
0.29997499260543514
0.2999521765228823
0.2999383806472298
0.2999264989922994
0.2999237822424762
0.2998298635662927
0.29979183124489717
0.29977448745305957
0.29979933031518136
0.29975072213101717
0.2997567906986006
0.2997625373865618
0.2997656847670661
0.29975219465486846
0.2997052147403557
0.2996462729461229
0.2996449748513482
0.2997358675447651
0.2997381339320565
0.29974428943853626
0.29965239120888054
0.29967129712895746
0.2995958797413816
0.29961934582197725
0.29959107914908434
0.29944912033463766
0.29942109977640186
0.299409039749165
0.2994178185291704
0.2993752397992132
0.2992819563551379
0.29921725245072395
0.2992290181503863
0.29917265036760265
0.2992214359424862
0.29918835631812746
0.299249161205972
0.2992980966632578
0.2992660213273547
0.29925836440356934
0.2992424077677709
0.2992540981644204
0.2992977066841809
0.2993398699038089
0.29934982432243407
0.2993932736927547
0.2992846394991413
0.29924082254063167
0.2991982513662188
0.29918690659917646
0.2991574798578891
0.2992011416049304
0.2992709087165082
0.2991610034876113
0.29920311748440687
0.2991891753043867
0.29922775994420914
0.2992129450073451
0.2991883677948901
0.29914972658059913
0.29911587378897886
0.2990850355859842
0.29909864592548596
0.29907282913393574
0.29906410082262314
0.299005209391929
0.2990510792150496
0.2990850317317062
0.2990394523780209
0.29903697537928786
0.2991243010349671
0.29912846134817506
0.2991429144507508
0.2991331172218681
0.29910029950331185
0.29915519333873697
0.2991283379935229
0.2991703434579288
0.2991289878148713
0.29913115654147193
0.29912470663840096
0.2990957294324087
0.29909927716108
0.29909018758099515
0.2987509295916233
0.29879525473889756
0.2987400670967256
0.29875066615494006
0.2988539590791418
0.29887622664653735
0.29892799341116827
0.29890032915714215
0.29895288679161935
0.2989793736422548
0.29904924737678784
0.2991258949252519
0.2991807905796706
0.29925098737218103
0.2993293275980444
0.2993521659254833
0.299413088797175
0.29945283711761794
0.29947195531540216
0.29950461433897835
0.29949489880300584
0.2994266438473606
0.299428151836173
0.29947574474182104
0.2995086934968354
0.29960763411772506
0.2996684252964281
0.2997053698729092
0.2996808693544597
0.29971608948318107
0.2997635651182502
0.2998176499613462
0.29985995505461904
0.29990222174283876
0.29991890217257344
0.30000846957108984
0.3000502582636113
0.3001174559111339
0.3001691234909796
0.30020417777638464
0.3002153234419034
0.300267239015111
0.3002931579582858
0.300356157951403
0.30040775932014296
0.30041646659990595
0.3004453922961543
0.3004899082399566
0.3005034534126838
0.3005412210803753
0.3005579066712325
0.30054768092848183
0.3006291988097193
0.30065341679126467
0.30076528827818205
0.30076760655731216
0.3008332851047034
0.3008639575129698
0.30085514792874035
0.300922294834028
0.3009415675384207
0.3009766793885805
0.30098616801392597
0.3010045304046034
0.3010692239090891
0.3010791230927554
0.300972799671568
0.3009656333899381
0.30096993812371353
0.30094009612391004
0.3009670458369714
0.3009317427529735
0.30092790934796276
0.30094725500702935
0.30093605951084423
0.3009569188338098
0.30100353843498473
0.3010059860627835
0.30101281164155824
0.301095716872507
0.301121919499279
0.3011596294208838
0.30120013037069393
0.3011759888386144
0.3012152277612479
0.30127491786954685
0.3012799262157957
0.3012611853477487
0.3012240464524437
0.30127180989863467
0.3013686697386483
0.30133404416960563
0.30130811702016935
0.3012958136522783
0.30132212343396647
0.30133068631355153
0.30133311826273423
0.3013707512186967
0.30139069658509166
0.30141008322809104
0.3014108566002984
0.30140901421356747
0.3013962087359269
0.30136365487185734
0.3013730824439391
0.30138548675934007
0.3013214401501988
0.3012589342760946
0.3012419786777618
0.3012404647276615
0.3012491916769816
0.30117522924620044
0.30115884011046623
0.3011658166829807
0.30116198958773077
0.3011073743584938
0.3011198963989382
0.3010710869112845
0.30107207033270655
0.3009685921381082
0.30080236408749805
0.30079197139505576
0.3008407446026349
0.30079756946061154
0.30079485047718635
0.3007484220991764
0.30075948884996107
0.30070016885387996
0.3006999768849611
0.3007055597135264
0.3006586669945237
0.3006409605446535
0.30061483578867776
0.3006041809397032
0.30056743485807047
0.30058553555168155
0.3004862203490941
0.3004611774302771
0.30048301372290487
0.3004645089227289
0.30043194496206027
0.30039668138083253
0.30037907643575457
0.30032905546714084
0.30026893015008926
0.3002434426496592
0.30023776058553586
0.30017645196077203
0.3001661141728811
0.3001093026946864
0.3000708131550355
0.299971075184465
0.2999381592411984
0.29991819260184405
0.2998955187532396
0.2998349728008953
0.29978067390366303
0.29970835414787667
0.2996944601588297
0.2996062372234174
0.29955884937234667
0.29950909574501094
0.2994792138153375
0.29945211043883846
0.2994107033643473
0.2994035842338788
0.2993432327552745
0.2992973603741126
0.29924515280258224
0.2992163564823822
0.29918917225745256
0.2991996982960409
0.2992138824856172
0.29916214849003553
0.2991303902914576
0.29911192689035815
0.29905647261777824
0.2990044764629297
0.29897717220155284
0.29893527315192636
0.29887829025876356
0.2987965113188008
0.2987603982047451
0.2987298957445387
0.298702399094979
0.2987390476254308
0.298753557947968
0.2986311060901212
0.29863687477390743
0.2985593471590363
0.2985831210373032
0.2985816712477445
0.2985199969576837
0.2984853832452993
0.29853530184324717
0.29860595531803213
0.2985140271419634
0.29855444701740985
0.29855010947812965
0.29860786060567346
0.29864692257305925
0.29866939325117337
0.2987173186433222
0.298724333283095
0.29872525037473063
0.2987392463486632
0.2987306055468778
0.2987617981864066
0.2988378376789602
0.29880589052942164
0.2988242555637022
0.29883449222441727
0.29887768297969775
0.2989116728944915
0.29890870308763673
0.2988935587578475
0.29893735880969474
0.298951983027149
0.29896174359671523
0.2989992980192081
0.2990259119671117
0.29900433673083193
0.2990222229921201
0.29904716359036454
0.2990518087195497
0.29895881722217543
0.29897773642819314
0.2990261528213446
0.2990194385919701
0.2989953399321983
0.29902093984309364
0.2990585851848079
0.29906124333833173
0.2990930762867118
0.2991358189454072
0.29917202815876764
0.2991734760441933
0.29920319035017395
0.29919484824803066
0.29915528114198364
0.2992073809710962
0.29923691908433314
0.2992813381249655
0.2993520701459438
0.2994118884579633
0.29947033162279
0.29948311195547783
0.2994847994891492
0.2995231849461192
0.2995712992640265
0.29955136219345646
0.2996181288114932
0.2996674485060544
0.29975230300251743
0.2998098379694143
0.2998328864836257
0.29987760069871294
0.29990899890207634
0.29997237657134657
0.2999975017049641
0.30000139693075456
0.3000186285503925
0.30006421506835523
0.30013410348461933
0.30016541728797264
0.30020330098116754
0.30021313678645745
0.3002908328203402
0.30031884405203846
0.3003396919328295
0.30026743871518136
0.30031766206887534
0.30029360221341905
0.30033971494680967
0.30040952563086054
