0.19998000000029292
0.41035302594528866
0.49663571987808175
0.528151409079402
0.53902975528619
0.5406074080303348
0.5379785920979658
0.5331346953069194
0.5266496903826496
0.5202562385749347
0.5125613473022763
0.5032462432274352
0.49609787178838993
0.4890651906961455
0.48107609717718547
0.4746693164624938
0.4671891951485425
0.4606617577613282
0.4550696921347013
0.45000555086406624
0.44421428574572186
0.43901933962764006
0.4336936131621353
0.42833144619984387
0.42352864585816385
0.4187635662860705
0.4147774704828171
0.4107453481798372
0.4061334696156089
0.4014789591751786
0.3969434803940546
0.39360543601615827
0.38978891972774665
0.3854677797921955
0.38242388002128
0.37862963696892526
0.3755785857528072
0.3717777307602764
0.3684695216571807
0.36578209618711166
0.36309328732581936
0.3602707695593934
0.3581890511673671
0.3555681126561182
0.3527584239698335
0.3496320399703383
0.346893356915041
0.34412419270924877
0.34198980931677003
0.3393392526949651
0.3372190472250325
0.33508940646695407
0.3327370093737555
0.3304804278161353
0.32869288933651697
0.3264558726696376
0.32442318925792957
0.32238580464484035
0.32052995832871756
0.31888113358864667
0.3166540894279736
0.31503077512515576
0.31336555473563754
0.3117180017137934
0.3101512817512643
0.3084005128950119
0.3066882975925963
0.30512338146317275
0.30341194688905426
0.3017821731275335
0.30033631728252375
0.29867206301876326
0.2972779132528792
0.29589834241387125
0.29512525825475466
0.29442432406170727
0.29441451430495225
0.29427349782226375
0.2946547498651745
0.29494494891576784
0.29572488198322633
0.2964817124615261
0.29723369299149327
0.298214691041668
0.29930141232444807
0.3002441653720568
0.3010071478016999
0.30159071957166805
0.3024870331858197
0.3030617368444316
0.3038230374583951
0.30426770376248713
0.3044924764408118
0.30458122089549833
0.30422866748369093
0.304212886200539
0.3038387474982044
0.30334619099484494
0.3029406165964629
0.3024531782487303
0.3020880067060734
0.3015304134884398
0.3010559913995544
0.30038852021922335
0.30000265537380344
0.2997913431500909
0.299113593680727
0.2987300677324506
0.2983684795854651
0.29795855468689003
0.2977266721704165
0.2975590749453484
0.29757983884469297
0.29756178537151534
0.29740008519693817
0.29753036305148317
0.29777717880599497
0.2979616536313182
0.298412137422586
0.298541176295014
0.29885363810564247
0.29906351418389554
0.29955768233688596
0.29981499280188295
0.2999589759324841
0.3004634833884562
0.3008527592001393
0.30118900064622134
0.3014040741572419
0.30165008903633594
0.3019253995484855
0.30212519167124263
0.30232189770340256
0.3023060784641629
0.30252407847655916
0.30256357262676414
0.3021691083827235
0.3020620205964478
0.3019413221332361
0.3018015687625567
0.3014135235445494
0.3011188277487613
0.30086707433350524
0.3005457714749443
0.3001605650968223
0.29990941427779827
0.2996857989380689
0.2994736550711773
0.29912384802865666
0.29896941680575995
0.29880564873656323
0.2988148992560854
0.29869930162014424
0.29857155999461493
0.29846500638274887
0.2984426802407818
0.2983810130796102
0.29832203516515043
0.29845632128209754
0.2985100923896108
0.29853420974997835
0.2986995171905056
0.2988776839376961
0.29901104804244794
0.29922569003671484
0.29950584088513377
0.2997692146410019
0.299934154555507
0.3000680092744751
0.30027550463247854
0.3004184628798314
0.3006547852093431
0.30067569731499866
0.3006986939915216
0.3007696510459864
0.3009042781250125
0.30105047988851974
0.30104291018391016
0.30090141687968797
0.3009963770085
0.30098439117924214
0.30112554533609504
0.301110904584986
0.30106437905680394
0.301124210225702
0.30104289080253865
0.3010617170554849
0.30097074974768845
0.30077691342256374
0.3007466484565884
0.30051630933174456
0.3004266807929199
0.3003813238188626
0.3002575518115922
0.3001636576450041
0.29998747169145523
0.2999121982521721
0.29971881765023733
0.29968925345289665
0.29945735813936514
0.2993973145276091
0.2992530742538454
0.29903644459684375
0.29894140030445193
0.2988421385958582
0.2989117688576651
0.29887940718212525
0.2989472537818313
0.29889817535846397
0.2988704343168328
0.2990229527678112
0.2989204546069777
0.2988592303271099
0.2989605937725147
0.29915525677713095
0.2992976719447301
0.29943389680540167
0.29954289067120066
0.2997133773837808
0.29994646520387924
0.30012092271249025
0.30017246991604096
0.30029889910741836
0.30046184096528017
0.300476777293773
0.3005876980762928
0.3006554759682243
0.3007243492174685
0.3007690434453356
0.3008351781895211
0.3009032415555343
0.3009902299700281
0.30110898729076585
0.3011358073685695
0.3011584314858924
0.30111645416273314
0.3009079442638982
0.30078885002448985
0.3007164328664693
0.30068448213303545
0.3006225949680147
0.30052800199282237
0.30037644185203805
0.3002773067353528
0.3001757174498376
0.30011685942036614
0.29997973906096664
0.2999132979817869
0.2998122095937509
0.29974765010769555
0.2996342931272078
0.2994412462983461
0.2993125809397884
0.29932532474841933
0.29918926574706983
0.29906329085661953
0.29901800312509186
0.2990168068144269
0.2989623807338673
0.29896812915525417
0.2989370369325368
0.29891748827888764
0.2989039665332053
0.29902961232201064
0.29904082901412943
0.29906950292852286
0.2991096507468588
0.29916186315726867
0.2993126335415176
0.2994038125275852
0.299609309973054
0.29974433809410117
0.29988643665424597
0.3001487087050295
0.3002233723766152
0.3003394180383272
0.3005450685391453
0.3005235595158683
0.3006362292482818
0.30069090827014233
0.30084374557450566
0.3008196464477858
0.3008191355215991
0.30086473862509233
0.3009267104642477
0.3008525735740827
0.3008269350716414
0.30086129715083987
0.300786951944816
0.30070013104024407
0.30081689596126737
0.30084134336056734
0.3007576242991171
0.3007161914789789
0.3007672522144218
0.3005918390291631
0.3005853653269338
0.3005370064397421
0.30049083869849136
0.30033961255078523
0.30010033791473534
0.3001498964925957
0.29997964347210426
0.2999154321988792
0.2998043357670862
0.29969275339406265
0.2996234960042852
0.29959727430488226
0.29961969141608524
0.29961064935134585
0.2995685279434164
0.2995393808592668
0.2994770378628575
0.29935893879895614
0.299288961918903
0.2993285343605072
0.29930985903609963
0.2992501391856561
0.2992916073452465
0.29936277913438747
0.2993289687476294
0.29926923183300114
0.29934137015033435
0.299348098934751
0.2993529227433893
0.29934851108369454
0.29937327588284435
0.29936522875072824
0.29944568218564716
0.29955183765819826
0.2996187975739788
0.299674315463078
0.2998106162069011
0.2999311916098498
0.2999720026417948
0.29998134014007694
0.300010620204045
0.3000508792860723
0.30002306502849263
0.30006919733663173
0.3000588878508025
0.30007300598725795
0.3000731722558434
0.3000822907839199
0.30007308830281887
0.30013008129239593
0.30019897698381837
0.3002804624629323
0.3002846922107245
0.3002582518044151
0.30020875964725857
0.3002555155892692
0.30028306329857657
0.3003746629816185
0.3004557432357863
0.3005742135836087
0.3005303141258955
0.30057030219271474
0.30061881870135765
0.30060907562952144
0.30058587447188323
0.30059588329692777
0.30062819896807613
0.30048348786254275
0.3003622046858806
0.3003181800676832
0.3001928557480228
0.3000703311748094
0.3000151279633545
0.29999439405630457
0.29993924511683734
0.299980514434834
0.2999859811148873
0.29996812267775463
0.29990276532669335
0.2998732905542202
0.2998297498185092
0.29976939471339137
0.29967070525250616
0.2996079956684411
0.2995895612110159
0.29954466505953914
0.29953145632243827
0.29956967535825285
0.2995120075916793
0.299511086803005
0.2994953203697729
0.2994648967011475
0.2995278458925019
0.29955583249048123
0.29964285710431926
0.29967321552388504
0.29964720696816416
0.2996570356091419
0.29957419704664523
0.2996127648925313
0.2995670057291573
0.29965680848810605
0.2997591035791055
0.2997737054249414
