0.3999600000001712
0.5432057808814401
0.594638531486311
0.6101969685391072
0.6121108792956645
0.609472706093668
0.6023672305368464
0.5918489195725837
0.5802925507468173
0.5695737510582439
0.5593925858271387
0.5488650665111419
0.5394611006310919
0.5298263637090656
0.5211719652025926
0.5134994627259925
0.5056619641280005
0.49796787987100666
0.4910617989990774
0.48479191466776383
0.47880520349663513
0.4718367118287057
0.4662342206797816
0.45987239194663876
0.45387129935988035
0.4488251129696378
0.4439403616624573
0.43950786712472856
0.43470614727581014
0.4299882615602413
0.4256482931239334
0.42167244658196357
0.4169830599462673
0.41334673339281747
0.4091714468956521
0.40517814161428434
0.4012064688004606
0.3976889960495672
0.3941112928823195
0.39110947330174783
0.38849662695221154
0.3848581577343805
0.3817290341953514
0.3790391044617196
0.3760635932565408
0.37339525043403354
0.37058230907997014
0.36782545897563823
0.36537555928884347
0.363137084530596
0.360923176811218
0.3588340979144804
0.35652744316696006
0.3542088872229424
0.3523391864655465
0.3499989672752394
0.3475439526744859
0.34514248511509604
0.3423455068145753
0.3403798579618018
0.3381403883136781
0.33581998979644057
0.3340840494291635
0.33255607741991733
0.3303922778151869
0.32847662772432407
0.326470120361966
0.324755546609637
0.32309025108680633
0.3210688540652372
0.31934335541475767
0.3176063876671158
0.31578908451808374
0.31423995555201667
0.3126970463348038
0.31118587161012257
0.3095719512416655
0.30823371323221405
0.30686285252085654
0.305443616203228
0.30387140272748114
0.30253516468850083
0.3011516269218041
0.2998339585923282
0.2984952655784564
0.2973098945686825
0.2961944606032386
0.29559474906128747
0.29509779999355723
0.2946332502199549
0.2944424799642049
0.29457409230912734
0.2946849442492899
0.29522908453928
0.2958168562546726
0.2962710530125682
0.2971777010760154
0.297998667766174
0.2990131310720948
0.2999161211850859
0.3005511904791077
0.30112070437981286
0.3019435156291346
0.3025337406792362
0.30296249000620823
0.30338357180100917
0.30346190736509115
0.30376082023982454
0.30386585600782534
0.3039323255122245
0.30362366650815753
0.30353262770990064
0.3032437982117888
0.30294547039030717
0.30276622927043595
0.3024836974114731
0.3021026404935191
0.301791010703895
0.3013506987258675
0.3009268160572831
0.3003279630805221
0.299725247380049
0.2992432118457129
0.2986467027204941
0.2985385032623298
0.29820038476399346
0.2980358339974224
0.29791715780301886
0.29807093756218594
0.2978581237542334
0.2981395139303682
0.2982792553961714
0.2982534035240524
0.29850553599061513
0.29880184707756763
0.29885994879106537
0.29889193725495966
0.2991732818403702
0.2994616894632982
0.2996461012031697
0.2997929181962218
0.3000021275032755
0.30029968639144844
0.3005434707034703
0.3007325512442641
0.3010612017109644
0.3011529321392682
0.3012339451676468
0.30128014180268115
0.30125341552533647
0.30138417709783305
0.30125196966364065
0.3011250025405323
0.3011306980864378
0.30127763639526595
0.3012888300023374
0.30117446580430596
0.30118725973072236
0.3010287542168618
0.3006428722503447
0.30059967963223644
0.30035820441599526
0.30025096446830823
0.3000241882298512
0.2999686182175395
0.2997429443440446
0.29939560083799066
0.2992902237206526
0.29920266009487484
0.29910544261103134
0.2990895239460112
0.2991548352259117
0.2991799431332227
0.2991447803712314
0.29908882874246767
0.2990270280110533
0.29893829679666795
0.2990332600367388
0.29912505213377194
0.2991736835205594
0.29929421897524644
0.2994561925664344
0.29945694031920855
0.29947607777784346
0.299447486285509
0.29952668401238325
0.29958543110786895
0.29962943717289114
0.29972542779850475
0.29989097307816603
0.30006448933266483
0.30023392177847263
0.3002190011985786
0.3004587904812337
0.3005513785934827
0.3007405248403795
0.3007130855993687
0.30089493204475193
0.3009546947066396
0.3009460507477075
0.30104650543741107
0.30092979764671235
0.3009805883136414
0.3009911500272866
0.3009900441469302
0.30108265131052325
0.3010374834787335
0.3010463672111001
0.3010048656717379
0.3009583380059544
0.30094579840925406
0.3007798340431683
0.30069059044530655
0.3004492558924521
0.30033189613076305
0.30012778944770535
0.30000768071873174
0.2999861097650076
0.29977382476969605
0.2996441094553782
0.2995761388981265
0.29959699248149696
0.29944913622176905
0.2992612267905368
0.2992230630469066
0.29910243888952415
0.2989986795397376
0.2988824705533256
0.29870217507020247
0.2986619402730346
0.2986439708138512
0.2986036866650441
0.2987093883084915
0.29868992828580165
0.29871519545519964
0.2987166594047017
0.29883001251600727
0.2989105373576688
0.2990741973201896
0.2992060503203131
0.2993926775582736
0.2994607283523022
0.2997400593772237
0.2998554967832169
0.29994950572423384
0.3001820062293742
0.30038719708793005
0.30052880020610184
0.3006505332565472
0.3007494256528209
0.3006660840078228
0.3007212913638404
0.3007698256414
0.30077450901571534
0.30074610082440223
0.30078358593506427
0.3008650290797219
0.30085762757628387
0.30085945978375894
0.3007669194688989
0.3006915445325363
0.3008417732269518
0.30088680362076325
0.30085454398109857
0.3008343985717574
0.3008721448427093
0.3008904697273258
0.30082534834063934
0.3007628893834482
0.3006271066227839
0.3004907547489609
0.3004280426190936
0.3004693679102196
0.3003665766695949
0.3002744228737958
0.3001232809764368
0.29993799693211376
0.29980065353789087
0.29971893194024457
0.29959599076866306
0.29953538606772145
0.2994057267516079
0.29929019507931454
0.2992209313358043
0.2992043181188131
0.29910798334229083
0.29909099061948063
0.2990837432035337
0.2991652973399622
0.29916540629052535
0.2991034331318554
0.29906539874677407
0.2991129470660232
0.29919686329165696
0.2991592006044782
0.2991529407705732
0.2991303296465029
0.2991285057546199
0.2992518422819087
0.2993828506142484
0.2994380989480072
0.29952179763391185
0.2995363035621049
0.2996831172453166
0.2998319724722186
0.29995684840514314
0.30008467416264684
0.3001302179820087
0.3001453379641087
0.3002411323850973
0.3003775334238422
0.3004480254806837
0.3005283320389518
0.3006182848564819
0.30071583574760086
0.3007037078939333
0.30077508775842987
0.30076349917341827
0.3007498866264662
0.3007637752263681
0.3008050864749079
0.3007835957862617
0.3007684902990535
0.30074690850734864
0.30075728326297335
0.30067762771448203
0.30058075042544974
0.30051785091341787
0.30049605548076264
0.30034879681732907
0.3003148678353682
0.3002887979216773
0.30024919942814776
0.3002002702848343
0.30015097111595446
0.30008700334181504
0.3000146262992063
0.29998853606136633
0.29989604992331487
0.2998120424330665
0.2997099078077271
0.29961042915981717
0.2995115173262277
0.2994416721521602
0.2994323690302204
0.2994112205419489
0.2993658340980955
0.2993291031594586
0.2994143623745569
0.299436706158843
0.2994310543144334
0.299420458491488
0.29944121841215077
0.2994311255615195
0.2994404206918321
0.29950313732440903
0.29952045939655203
0.2994705435033501
0.2994996938571134
0.2995574951441017
0.29959115365602673
0.2996358665912453
0.29967189127586336
0.2996447618301743
0.2997274808949517
0.29985352553493283
0.29998250928332404
0.3000216724746242
0.3000843894973456
0.30015218041626524
0.3001801788432995
0.3002561553037617
0.30034678259055914
0.30046487508504083
0.30047529604252976
0.3005580846274436
0.3005083131073948
0.300456674219977
0.3004423771294784
0.30044364921711453
0.3004172609587755
0.300406789020084
0.3003265007536654
0.30030088008396816
0.30024915216469894
0.3002995541185335
0.3004139929866241
0.30043188196292503
0.300398834126942
0.30043002103784133
0.300391539667317
0.3004068033950129
0.3003363169548915
0.3002368255746529
0.30018441250419825
0.30014640888390165
0.30002896373431154
0.3000231804223348
0.29997942818549594
0.2998826287130826
