0.5999400000001319
0.6916415449027675
0.7151759756448393
0.7163026456902964
0.7078703939325892
0.6961250169788039
0.6842146004600596
0.6699197356892572
0.6570440917125568
0.6438490356949844
0.6305041877087401
0.6182415181626477
0.607030723760516
0.5960362688969986
0.5871432838225666
0.5772968723817229
0.5687477513433585
0.5589188220704033
0.5506846319826915
0.5432193922481932
0.5350099401089276
0.5273735803290263
0.520551764114423
0.5133921741406922
0.5065910213590417
0.50008657790462
0.4942056495887228
0.4884278769788436
0.48303710016048396
0.47740081312013793
0.4713820834332607
0.4666674992404378
0.46246312358478614
0.4568232940578575
0.4528420677570999
0.44864056141106845
0.4442628319685574
0.44060203367282824
0.43673910245515746
0.4329814799147321
0.4291344632140871
0.42555843501343094
0.4219446319035275
0.4187871327886459
0.4160718174925859
0.4131557231602161
0.4103022436615864
0.40759284203353563
0.40455470944389205
0.4020731759623428
0.3991842247676787
0.3965230094146742
0.39356171138186546
0.3909818228368216
0.3887260525395495
0.3862983320090799
0.3837691457307023
0.3811155119462465
0.37893035175748335
0.3767333538379283
0.374224497706688
0.37211246074141924
0.3698450130397847
0.36753513913332536
0.3656237216960092
0.3635781694130663
0.36130714132386643
0.35910054078352305
0.35751919237419005
0.35538829993817944
0.35308881552368154
0.3513680117897132
0.34949715882994936
0.3476132357679437
0.34574687513223135
0.34373678055433377
0.34203739388095233
0.3404112715168168
0.33860936483184634
0.33682779778961947
0.33511710303723974
0.3335714832911688
0.33205650922527585
0.3304990992344844
0.3285339918658102
0.3270531086050297
0.3255434091182553
0.32398758653493
0.32279973561918696
0.3213060068190392
0.31993792603663407
0.3183877657274352
0.31714815355751735
0.31581337728865744
0.31440527800334317
0.31312963701346086
0.311746854302448
0.31040616550091993
0.3092599006107566
0.3079116420445226
0.3067784176801872
0.3057018576973193
0.3045745675453143
0.30337657433249954
0.30240915837145277
0.30126946007122835
0.3001797568409814
0.2991259818941183
0.2981449974893243
0.29720067650557636
0.2966341029435182
0.29612432219276597
0.2955118446642403
0.2953695885258597
0.2951951302011493
0.29524508536701866
0.2951939025884738
0.2954781243360106
0.29587993439381743
0.29615000612923004
0.2967611382191284
0.29741551229620034
0.2979460420517085
0.2986836758505508
0.2992590114156869
0.2999141284911018
0.30053836860781835
0.30102223504154524
0.30159311134868694
0.30211068163084076
0.3025940345753566
0.30284681646799794
0.30311875187011006
0.3033720962745635
0.303450166239255
0.30333874110828507
0.30335183052361314
0.3033700259114074
0.303208915923743
0.3030593250678276
0.3027932006476548
0.3025792625096331
0.302407606563886
0.3021905941268205
0.3018781431753963
0.3015303119358437
0.3012799645420239
0.30104200820207716
0.30076297438366106
0.30038568296098
0.2999797783164062
0.29946817692513583
0.29894259189116645
0.2983743642540667
0.29787921953686547
0.2976960380772542
0.29746198272385815
0.29738958159988915
0.29734261039463117
0.29720998823860956
0.297409889549217
0.29752533945560145
0.29760148967263833
0.29768290535578534
0.2978471246217149
0.2981811994372694
0.29840144029635574
0.2986776349563999
0.2990019820407891
0.29938252429481615
0.2997350252104577
0.3001295922015069
0.30036193304343584
0.30063521064142806
0.3008489795100626
0.3012785479911688
0.30153480451840076
0.3017299996378733
0.30178526959452046
0.3018417914469613
0.30203252521341095
0.302209893690784
0.3021081408806531
0.30216933019093106
0.3021127948092156
0.3021127289334328
0.3020728376168319
0.30203805130855566
0.30177268269050395
0.3016458175959419
0.3014979385104448
0.30137027273379324
0.30125796132332794
0.3009755556801825
0.30084438317945683
0.30056973679289334
0.30038376747527107
0.3001617717217292
0.30008439238609963
0.2998147525489333
0.2995378043380841
0.29923682823992725
0.2991223778462908
0.29879048306380096
0.29867346453271426
0.2986265694307061
0.2984252165128526
0.2984479042900513
0.29833119723394796
0.2982847502764273
0.29849778380472336
0.2984898002413414
0.2985904382929706
0.29856322656006384
0.2986253348207194
0.29866618065525563
0.298795102791619
0.2990316274375612
0.29916308393649726
0.2994198501565901
0.2995624414483462
0.29970657094299635
0.2998227169353942
0.2340040951175727
0.23461522233288512
0.23530663065370871
0.2360315329693644
0.23664718482974767
0.23751114451393784
0.23826199387552238
0.23907147236214277
0.2397811240733998
0.24055900686063314
0.2413511401011491
0.24207657709619135
0.24288214315614742
0.2434283499296387
0.2441870691011404
0.24487985797469103
0.24554276608821002
0.24635815899086988
0.24708572075405266
0.24775455529320922
0.2485239861194275
0.24925517946037168
0.24998470156053143
0.25075986801926287
0.2515709091261503
0.252221018751826
0.25293051493457164
0.2535658149675206
0.25425257514175315
0.2549494255969925
0.2557164765242014
0.2564129925349058
0.25713797265175886
0.25785988299560636
0.2585904729029471
0.2592350084522689
0.25986936650753445
0.260571685610004
0.2612730556734424
0.261972509205873
0.26268200941356457
0.2632732316723916
0.2639985402987812
0.2647323448190064
0.265440481131363
0.2660422281285909
0.2666176130441623
0.26725137794068954
0.2678630372195785
0.2685030295130416
0.26914733144604586
0.26977502454284175
0.27045269317909915
0.27110411143626056
0.271748364625392
0.27243383939464616
0.2730467603386395
0.273663708603304
0.2742878144355444
0.27493401765627046
0.27559152062412196
0.2762124844033942
0.2768390327072272
0.27747093211725904
0.2781180013618648
0.27865068400448534
0.2792975952550255
0.2799413707378501
0.2806160048314328
0.28120260642117356
0.2818204998464857
0.2824439225726436
0.2830917039406987
0.283649309308421
0.28423956525589544
0.2847529077242442
0.28529805268007136
0.2858309059194707
0.28644584015142915
0.2870079602831872
0.28763442854886
0.2882658070088676
0.28882538523619905
0.28945005466186047
0.2900766591284645
0.2906142674861625
0.2912420876396745
0.2917988138503337
0.2923480685237486
0.2929971797026242
0.2934971823055522
0.2941251830542687
0.2946111263641953
0.29513402212091266
0.29572774746404873
0.2963097240278034
0.29684157085126106
0.29732825679126984
0.2978461988743172
0.2984065624041605
0.2989597746471362
0.2995010168979565
0.30008209218530635
0.3006725853497909
0.30116202741022347
0.30168592505160685
0.3021430428359726
0.3026029411999963
0.30284174466806846
0.30319411114083394
0.30346943589864617
0.3037008668786437
0.3038260360835462
0.30391652097673616
0.3039427598058764
0.30404693424512896
0.3040029529557986
0.3038667552839106
0.30386706828015086
0.30379750881097545
0.30360064813889076
0.3033039231265552
0.3031127630015569
0.30282460482226137
0.30245613298305796
0.3022518721198394
0.30195874167435377
0.3015967581205141
0.3012940257879059
0.3010264801219956
0.30060762351785586
0.30025748721836054
0.29987610196859427
0.299524066025607
0.29923583136770826
0.2989279314561645
0.29868479824855954
0.2984344519946023
0.29831563875506895
0.29805466149662174
0.2978523741064085
0.29766015212486274
0.2974643392878906
0.29748306265518065
0.2974128055414418
0.29734469097397453
0.29737056899628733
0.2973259184709205
0.29736694967742094
0.2974732566715448
0.2976079927943309
0.2977717232058015
0.2978585534326579
0.29804276915930417
0.2981694132977316
0.29840110038440504
0.2985768145086003
0.2987302935441012
0.2989506881502405
0.29896027525537294
0.29916775527185224
0.29938727240069185
0.2995315800452324
0.29979522586399676
0.29997526247924644
0.30020197175223085
0.3003819351664543
0.3005490562999804
0.30079031842381343
0.3009762039389836
0.30105665269630355
0.30128781159948737
0.30144534200584727
0.30160967538896044
0.3016786838307105
0.3017797190656787
0.30179602997714383
