0.7999200000000587
0.8390203439836021
0.8391122076679303
0.8257052690137519
0.8078668905356785
0.7890668924649065
0.7709958792950451
0.7533623050437687
0.7344676131379574
0.7177970977895763
0.7013170002456165
0.6848808513949851
0.6696564680069114
0.6561395157491379
0.6441619910200658
0.6333271902829731
0.6223745108337031
0.6113383871419716
0.6016625996489564
0.5922532358215788
0.5836767712394014
0.5750312152300512
0.568092165704243
0.5597416078319899
0.552490265276427
0.5456756949807531
0.5400037357539206
0.5333882120474932
0.5275369345310724
0.5219366099144254
0.5166113074613401
0.5114858762735855
0.5059937219088677
0.5006139938527839
0.4957489675615334
0.49102340937819466
0.48582741139610974
0.48179841886125596
0.4767598623731699
0.4725031544376914
0.4682408498739188
0.4645580916143919
0.46072252065385455
0.45665997266019753
0.45299257545398075
0.44969888713594
0.4461803238473824
0.4421210205113164
0.4391984188652017
0.43602437607865185
0.432827596243229
0.42939908835176455
0.4264161837113226
0.42282276401134833
0.41985299002065013
0.41729059284198866
0.41426523413105465
0.4115937679642845
0.40937788153993715
0.4070347051044855
0.4049480694503922
0.40261124442704066
0.4001565539085463
0.3978899038404172
0.3954849736062859
0.3936069109071936
0.3912231295485056
0.38896821318582875
0.3869967214443357
0.3851504699581627
0.383266372184899
0.3807725117355273
0.378972193963381
0.37684615009961553
0.37496782105929927
0.37318981325978695
0.37120259349777074
0.3695531428096994
0.36756933122969615
0.36585663210006936
0.3642243513073854
0.36230443026766657
0.3607513870848261
0.35920955335195237
0.35738961000926117
0.3557954312116547
0.35428794426966403
0.352783632354722
0.3511704577272001
0.3496777966642657
0.3480135038270543
0.34646566217703334
0.3451663512865909
0.34384346585268366
0.3425833357509992
0.340959287771213
0.3395654120005751
0.3381226998553176
0.3367279024886204
0.3355295383311978
0.3344283225317968
0.33278293982195595
0.33139827568344316
0.32998534415952907
0.328621745993914
0.32754956794581946
0.32653310496363996
0.3252815210805443
0.32398497786775127
0.32279101361927476
0.321636430705293
0.32057742807008316
0.3193739708713035
0.3185312984327341
0.3175543655589148
0.3165453043298637
0.31550394093489553
0.3146262052066985
0.3137876658874348
0.3127784173100907
0.3116810953635223
0.31082493601159955
0.3096125405305583
0.30862483095877735
0.30770765044387094
0.3066337218311589
0.30559772287688713
0.30472684063922006
0.30380194899095936
0.3028434665227777
0.3019678389221593
0.300988308492229
0.299922927619623
0.2988673310334218
0.29796390518803884
0.2972960033664769
0.2965755675993774
0.2960773339400643
0.29557161539321686
0.29517980405939215
0.29530097817885936
0.295193309444296
0.2953906318145366
0.29565516838930617
0.2959814328857606
0.29634274787135695
0.29662454316551645
0.297079728040346
0.29755147978437213
0.29809756665232245
0.29875520088969576
0.2992571909810644
0.299783560371472
0.30022682284291813
0.3006247711068405
0.30103841026374323
0.3014652460855185
0.3019307199431155
0.30242747477779564
0.3027373862145363
0.3028685855692823
0.30298538176253387
0.3031170967436152
0.30322692793374684
0.30313613556300356
0.3029993315858095
0.3030326328989392
0.30291909146844564
0.30279280997133406
0.3025999859828532
0.30229268078212546
0.3019619484409145
0.3016837708634619
0.3013431551802883
0.3010397252227388
0.3006182952904479
0.30033204369697286
0.3000490257345483
0.2996507535023536
0.29955903990297295
0.29932750539806496
0.2990633154108371
0.2988835022563441
0.29868345195572754
0.29858007839974854
0.298442791573835
0.2982774874100804
0.2983369892498381
0.29826018936308374
0.29809024896154357
0.2981933114125297
0.2981433427152892
0.298198649820392
0.2984482978970304
0.29849528173776296
0.2985504218271551
0.29871108683560443
0.2987436544548754
0.29882663016840993
0.29903387938986215
0.2992631812861397
0.2994710975336923
0.29963440348355197
0.2998887108141466
0.3001101554159141
0.3003697506936145
0.3006241066262524
0.30089117101897633
0.3012062221410947
0.3014396584909753
0.30150925923811
0.3017226257698533
0.3018437201671669
0.3019479836949496
0.3019182256694609
0.3018901234643595
0.3018347261621751
0.301695927711637
0.30168115283591634
0.30159268451892207
0.30148788442526187
0.3013968540295783
0.30127203483465437
0.301038051169087
0.3009298391711298
0.3008129537786969
0.3007254030303268
0.300635927668346
0.300455341795557
0.3002112976347172
0.29992520280729196
0.2998073582262253
0.29957514046001354
0.2993948798885264
0.29927740394569635
0.29898269864664473
0.29900861095610676
0.29885632905742354
0.29882347637192386
0.29881628034491803
0.2987437441536145
0.2987889950867717
0.29880926040313494
0.29878150591209274
0.29879007182347517
0.2988174849461691
0.2989083261137937
0.2989457022712858
0.2990012479542211
0.2990931443198973
0.2990667531112544
0.2992188460062498
0.29933847045576434
0.29948540155167
0.2996556707530059
0.2997170263094938
0.2998784731608768
0.30000695019470647
0.3001976180218693
0.30033827621457476
0.3004630838954735
0.30060757939495963
0.30070753716017085
0.3007307174417948
0.3007384449841509
0.3008474701471422
0.30086276801695555
0.3007973428970032
0.30077496450519625
0.30073785047141655
0.30066369806967397
0.30062160178688635
0.3005855796217608
0.3005539379869191
0.3004818426276824
0.3005163753818484
0.30048178160827643
0.30044498468410896
0.3003651547087254
0.3002635681056258
0.3002139483465758
0.3001421608957977
0.3001082029126252
0.3000552035733536
0.29998279042218134
0.2999257709240365
0.2998786599494211
0.29990527518954213
0.29987400473422
0.29968648976890255
0.29961322301458404
0.2995081870168539
0.2994530948497911
0.2994553934449026
0.2994131099503331
0.2993929078493631
0.29940698925646003
0.29941218577115014
0.2994108895148361
0.299406857588581
0.299448054184822
0.2994270053848809
0.29949407994085475
0.2995244052620454
0.2995468552857765
0.29958392683539004
0.2996017198426527
0.29970109968209113
0.2996640734053454
0.2997474118207544
0.29986209421110144
0.29994067083587306
0.29998834202342184
0.2999942589587783
0.3000874166297195
0.30012323641593186
0.3001917997023593
0.30023368388983285
0.3002480646517407
0.300283686575194
0.3003104521848352
0.30033300936342544
0.30035948875829477
0.3005341314241605
0.3005653424363818
0.300527040181231
0.30050825598916076
0.3004770270584386
0.3004699768568041
0.30043017092732827
0.30039768837433745
0.3004150736781529
0.3003967752892961
0.3004340999060674
0.3003513035286358
0.3003455727067449
0.3003187425195165
0.3002167333426198
0.30032565641902875
0.30024400815663166
0.3001725957475635
0.30014401856272666
0.3001234389755246
0.30002383988933146
0.30005359742046156
0.30007309972834795
0.2999991392960645
0.2999694313876893
0.2999652819477312
0.30000732089857274
0.2998905905166588
0.29989042104914054
0.29979737739929047
0.29978844879242306
0.29967193463618425
0.2995750417932709
0.29958328314440164
0.2995779459201957
0.2995341935890462
0.29946976813472415
0.29948289335013367
0.2994766181804007
0.29950380979256597
0.2995401169874806
0.2995289892251001
0.2995609852014288
0.2995788219177654
0.29960188277654887
0.2995220189980814
0.29957365394876645
0.29959148024644755
0.29958343038254576
0.2995426362818552
0.2996502659379149
0.2996940301160247
0.2997008867107276
0.2997408493275652
0.2997325314682482
0.29974287733064553
0.2997412544404954
0.2997465781191446
0.29974489817435535
0.29980291908006174
0.29991489409496885
0.2999515116606073
0.3000670195468995
0.30010286230009586
0.30017827486808524
0.3002282234734732
0.30030757800145635
0.30033297935815795
0.3003226493687998
0.30034223009605154
0.3002751849079076
0.3002708633170136
0.30038485218867006
0.3004516500033362
0.30050731843377687
0.3005559807890542
0.30052075725973604
