0.009999000000297964
0.17425516666691276
0.2906301428573519
0.3772838750001811
0.4444598888890492
0.49805190000014377
0.5416846363637664
0.5783139166667854
0.6088466923078015
0.6347860714286726
0.6569595333334273
0.6768370625000879
0.6943046470589058
0.7098843888889665
0.7236398421053365
0.7361169501599877
0.747368133882961
0.7573795235069813
0.7666162842811897
0.7750804965669006
0.7830243504314693
0.7901511946755986
0.7969657283882573
0.8029616586226546
0.8088753164904139
0.8143330894826888
0.8192755082614478
0.824165805387373
0.8286078094507033
0.8327225213734978
0.8366663027969093
0.8402306501299908
0.8434129094078164
0.8468555430640462
0.8499493506713534
0.8528660555853118
0.8556435979103789
0.8583430085355933
0.8609718668193036
0.8635507267510047
0.8657841804147539
0.8680953477520701
0.8702911741849315
0.8723668847935848
0.8743082531474837
0.8759414135634437
0.877689756327385
0.8794171815677683
0.8811992003307613
0.8826748373057899
0.8842161318799454
0.8856720185417878
0.8869218160388452
0.8883166528566221
0.8897499186502712
0.890981083772795
0.8921582438161565
0.893466779899821
0.8945869415586173
0.8956513447555239
0.8967511115806187
0.897874688401435
0.8989509447616995
0.8998584900503883
0.9006474521546151
0.9015487615108713
0.902501542173089
0.9034492850028919
0.9043004876234748
0.9052576195792392
0.9061155649545464
0.9069014445681296
0.9076566122744592
0.9085341967395557
0.9093402526255168
0.9101175729920519
0.9108209905748582
0.9113351312835749
0.9120390591721171
0.9127103514918204
0.9134212236152286
0.9140533990071265
0.9146216171590574
0.9152825484913787
0.9159668824526321
0.9165470938211011
0.9171108384239881
0.9176100595420694
0.9182003409928938
0.9187308077702494
0.9192762156334318
0.9197799674404082
0.9203001948024604
0.9206651151345662
0.9211333872756432
0.9215497093304684
0.922029319201582
0.9225045536697174
0.9229313373773866
0.9233196257758718
0.9236309899429221
0.9240233633386015
0.9243634983510742
0.9247605560201009
0.9251576398112439
0.9255695326773188
0.9259425156774774
0.9263014560389319
0.9266262485324998
0.9270078157927231
0.9274273503915936
0.9277953205011119
0.9280907726129597
0.9284630529006541
0.9287869346100364
0.9290860267480621
0.9293817044339724
0.9297378814175673
0.9300703609463675
0.9304049499145598
0.9306784264166384
0.9309372284304469
0.9312086674173709
0.9314835080827643
0.9317608517643549
0.9320086667028283
0.9323215254929929
0.9325908177084623
0.9329280003731297
0.9331160018402955
0.9334132356515379
0.9336871151825199
0.9339151248689421
0.9341556329555321
0.9344389748221096
0.9347190345687342
0.9348929907170955
0.9350250879560867
0.93528695217249
0.9354839553578693
0.9356052221242274
0.9358149438634958
0.9360620299631297
0.9362546015880706
0.9364313804036896
0.9365818481584691
0.9367350055962587
0.9368826890158155
0.9370864147785559
0.9373128883703322
0.937502484158953
0.9376675821929964
0.9378773483760019
0.9380559087550672
0.9381352936972012
0.9383162589419558
0.9384566153673413
0.9386280982607402
0.9388087589165127
0.9390162520548049
0.9392142194058949
0.9393866208321735
0.9394857064029931
0.9396128663160235
0.9397462056797385
0.9399011227441371
0.9399830472306555
0.9400822352308844
0.9401879594452184
0.9403467847974274
0.9404840435313292
0.9406235791650718
0.9407287763215103
0.9408370938700711
0.9409621429468829
0.9410898618233974
0.9412286718469023
0.9413496845943482
0.9414898693255985
0.9416149463526331
0.9417318615995266
0.9418507469750854
0.9419740640672708
0.9420935657330756
0.9422155055273913
0.9423052218460846
0.9424051453492326
0.9425183413560162
0.9425900542056966
0.9426827074885866
0.9428227392553413
0.9430123618714467
0.9431217622162081
0.9432585565070705
0.9433534495656265
0.9434534449777747
0.9435709739930326
0.9437199038006073
0.9438062575067659
0.9439090670864436
0.9439936782728032
0.9440903840733361
0.9442449041393907
0.944355985599098
0.9444572139289384
0.9445943141192766
0.944647953515563
0.9447876697375021
0.9449156357243527
0.9450525915380694
0.9451607476701189
0.9452766807465832
0.9453855752709761
0.9454902008313255
0.9455990539956582
0.9456302655664752
0.9457133529497626
0.945829578964121
0.9459026812496709
0.9459694695825788
0.945880909621739
0.9459893723515577
0.9460751320799092
0.9461381720927192
0.9462399513045383
0.9462853266679614
0.946385618044991
0.94648118327589
0.9465413414671251
0.946650513921699
0.9466601018179535
0.9467144322170894
0.9467954915029688
0.9468563133853725
0.9469396229141376
0.947084609335484
0.9471386965102179
0.9472493743735477
0.9473414670446256
0.94745744513392
0.9475240676053911
0.9476266831274724
0.9477365902065343
0.9477731309484212
0.9478591637355339
0.9479595210175924
0.9480401899062779
0.9481271730573138
0.9481742415378931
0.9482618845857428
0.9483497133324384
0.9484342416386338
0.9485356924783926
0.9485717056185489
0.9486590796948231
0.9486901528324303
0.9487534284154491
0.9488019830192107
0.9488669652311756
0.9489248563783903
0.948953622583406
0.9490331575914176
0.949084197409844
0.9491690298459682
0.9492063031741657
0.9492414041432745
0.9493033762706744
0.949360150854681
0.94942242208215
0.9494549431385437
0.9495363231674163
0.9495973547607878
0.9496659092518847
0.9497114128043032
0.9497385235953867
0.9498101571508357
0.9498781477195135
0.949965743563791
0.9499596738812065
0.9500270010727137
0.9500954772837875
0.9501426183801515
0.950198065264138
0.9502480484476253
0.9502795479448306
0.9503572394730744
0.95038554458813
0.9504485187441429
0.9504957983566071
0.9505401501512709
0.9506194935582193
0.9506502000028945
0.9507198390751624
0.95073880438946
0.9507669780288116
0.9508242826841689
0.9508688100630557
0.9509046093254016
0.9509691988106914
0.951030785731717
0.9510912460953943
0.9511171714946121
0.9511651130002063
0.9511933859138308
0.9512445713587487
0.9513137726316472
0.9513691313232648
0.9514264790663133
0.9514685963386518
0.951527603784532
0.9515939062325389
0.9516522520438553
0.9516893680018249
0.951751114569474
0.951764218316665
0.9517975293549407
0.9518432278996357
0.9518943558485669
0.9519559449585049
0.9519908140922884
0.9520170513897602
0.9520851003300482
0.9521241499
0.952126781011725
0.9521525205984115
0.9521927160518981
0.9522341264957442
0.95226868352601
0.952316619621273
0.95236116893054
0.9524486157321874
0.9525148915416338
0.9525341580296239
0.9525518590213161
0.9526153912262351
0.9526145644419485
0.9526317610671282
0.9526960922908826
0.9527268779686573
0.952761369969802
0.9528100499292292
0.9528613508721344
0.9528945629135059
0.9529343165937021
0.9529918724244603
0.953038971255063
0.9530608139389014
0.9530854947182457
0.95312250738195
0.9531613385495685
0.9531940228559104
0.9532455804627473
0.9532558400883874
0.9532997325730276
0.9533260873042774
0.9533580807486378
0.9533810169183046
0.9534154280417666
0.9534286882657359
0.9534558617171824
0.9535092488839971
0.9535006211608451
0.9535433357014256
0.9536040780760814
0.9536300583857291
0.9536856598427984
0.9537096466792266
0.9537421436692848
0.9537752971114984
0.9538144957065576
0.9538695080488734
0.9538906560839314
0.9539274276168341
0.9539284080004626
0.9539799765841005
0.9539945571488314
0.9539874684458886
0.9538939085358864
0.9538924943152162
0.953937831506983
0.953982761511283
0.9540262835660457
0.9540799716919983
0.9541354259707815
0.9541488227305833
0.9541861247616538
0.9541949632297974
0.9542407647461628
0.9542757103549654
0.9542905071865134
0.9543339785819444
0.9543656960487685
0.9544171229092038
0.9544499087915178
0.9544836682963506
0.9545236079765236
0.9545647210144474
0.9545827809187546
0.9545940737394935
0.9546351538895185
