0.19998000000029292
0.3328246666669089
0.4271462857144911
0.4974720000001789
0.5510993541060407
0.5947988917615
0.6305260551195296
0.6602449105996266
0.6853068598900912
0.7066425828696692
0.7251473304050386
0.7412171604151112
0.7552905205009123
0.7679719451830045
0.7787939799155619
0.7890164055696943
0.7984210516783468
0.8068299975432613
0.8146881165197858
0.8215313714043224
0.8279155950008154
0.8337931000239174
0.8391567758101011
0.8442893080008207
0.8489570659563338
0.8532759384652786
0.8572001749527549
0.8609609080010097
0.8645903602592547
0.8680744693833278
0.8712827451233248
0.8743686077530456
0.8772710226668607
0.8800494566800647
0.882511170915789
0.8849437938586513
0.8871883825717757
0.8893799702652663
0.8914801855854241
0.8934590589988785
0.8954501707607432
0.8972006441567862
0.8990630996205273
0.9006676372270085
0.9023332656078029
0.9037709408666049
0.9053257313814188
0.9067320726847794
0.908103584380064
0.9093722549133747
0.9106595326881064
0.9118663031910776
0.9130470739854416
0.9141165302296437
0.9152529538619929
0.9163792960255709
0.9173969929487745
0.9184369060823274
0.9194281695831917
0.9203296088056262
0.9212214024968137
0.9220802218568268
0.9229826535862304
0.923872182742667
0.9246066064164119
0.9252082437028668
0.9259401779815593
0.9266951314638255
0.9272917099712432
0.9279839042974881
0.9287534784492829
0.9294170509637683
0.9299952318748922
0.9306316510418565
0.9312626401395511
0.9318322686604535
0.9323511963992078
0.9328963040327345
0.9334245092792312
0.9339107847107574
0.9344540219116062
0.9349362249242819
0.9355253694819353
0.9360741058395139
0.9365127434130798
0.9369161462266292
0.9372774374541665
0.9377955875079399
0.938229154838821
0.938723249962163
0.9390885523064952
0.9394737879139163
0.9399029953662543
0.9402543881817519
0.9406741556220647
0.9410728011822767
0.9414836377348224
0.941793330980659
0.9422200271502873
0.9425280829847481
0.9428501823035578
0.9432317916465459
0.9435844885902336
0.9438953708760597
0.944223994562857
0.9445676688982186
0.9448785148729753
0.94517291309168
0.9454705092001732
0.9457657170116189
0.9460619229863163
0.9463716241033086
0.946673658902228
0.9469635506755402
0.9472226348836279
0.9474608498370983
0.9477572391637449
0.948034647941452
0.9482581980662846
0.9485247479958553
0.9487905743937357
0.9490357717285856
0.9492977661358317
0.9495186249152905
0.9498045557221618
0.9500315346185473
0.9501807364133542
0.9503572728416646
0.9505754556136907
0.950757288278047
0.9508988434971164
0.9511405604241404
0.9513082193366061
0.951503535344078
0.951727660680123
0.9519143109614256
0.9521212802993919
0.9523111937204366
0.9524750140307086
0.9526783863057211
0.9528860572064785
0.9531105471936508
0.9533025507297058
0.9534849800767848
0.9536106092316038
0.9538327819439618
0.9539517667546108
0.9541129080721836
0.9543091851886664
0.9544108543999672
0.9546095365085079
0.9547785815504097
0.9549425159643539
0.9550689210624201
0.9552105348209655
0.9553659708708252
0.955530300722083
0.9556536803917901
0.9557934030416113
0.9559547338053148
0.9561093736428014
0.9562204879183884
0.9563568185344357
0.9565002702651949
0.956619698663526
0.95675336973969
0.9568920343078923
0.9570562679007356
0.9571484883577815
0.9573038699745637
0.9573782343841472
0.9575150579853294
0.957663319601586
0.9578008967520416
0.9579041481945038
0.9580274553557817
0.9581456329811657
0.9582196012218893
0.9583211326861694
0.9584617954419492
0.9585832478135157
0.9586828957784373
0.9588199886819914
0.9589607010032727
0.9590411353587389
0.9591638564295071
0.9592672125107421
0.9593712811227779
0.9594939220175616
0.9595781142775726
0.9596577078596943
0.9597350735214898
0.9598289486556962
0.9599046510717826
0.9599894985677964
0.9600919537699386
0.9601502600972768
0.9602375716948063
0.9603080734314718
0.9604167127788649
0.9604853945259583
0.9605664428675947
0.9606494458477499
0.9607478032632703
0.9608628869296512
0.9609663501363893
0.9610767022151292
0.9611865696912989
0.9612784504946932
0.9613329051291988
0.9614045429372569
0.9614879142419158
0.961571052429787
0.9615941018346744
0.9616842315306461
0.9617427481557249
0.9618242827178763
0.961914873420652
0.9619850676953471
0.9620227437514857
0.9620848088624923
0.9621495642810803
0.9622639712304184
0.9623370886811223
0.9623839770208003
0.9624488512566176
0.9625086499603268
0.9625799295925198
0.9626177022384536
0.9626672821229443
0.9627331586552947
0.9628126102926315
0.9628562448859032
0.962933200289409
0.9629715012835077
0.9630120429886021
0.9631042136577539
0.9631639613565779
0.9631779104237534
0.9632172500842695
0.9632861501548503
0.9633552359085374
0.9633976235239932
0.9634557867320362
0.9635345586198832
0.9635940952963369
0.9636522518092346
0.9636939126004944
0.9637791536898132
0.9638386353807377
0.9639150226968971
0.9639624466159811
0.9640075091813943
0.9640384632559491
0.9641050522586535
0.9641331267200413
0.9641918853464645
0.9642576030181434
0.9642828765632608
0.9643334752411538
0.9643530056853964
0.9643931629913606
0.964430539397302
0.9644757992978361
0.964532413406026
0.9645932959359014
0.9646367786785551
0.9646835179992584
0.9647251836321894
0.9647761075742671
0.9648034246566916
0.9648427100613182
0.9649133606076767
0.9649701286797281
0.9649751582728068
0.9650191051348653
0.9650611343055095
0.9651041274902641
0.9651462337624798
0.9651574674649488
0.9652093822331012
0.9652590387937807
0.9653057023064103
0.9653522565377768
0.9654023926268798
0.9654534717405954
0.9654795969467429
0.9655471778134609
0.9655923660140214
0.965659181866994
0.9657167156165164
0.9657390772305272
0.9657838380473195
0.9658275699221199
0.9658598518316602
0.9659222205216402
0.9659560922006947
0.9659787303375165
0.9660028260752709
0.9660590233616316
0.9661025391852365
0.9661383268485038
0.9661731213126208
0.9662352816149358
0.9662547689512107
0.9663087718018851
0.9663588610479722
0.9663919168738431
0.9663922166206436
0.9664453784464544
0.9664774177350067
0.966517844019476
0.9665555917879193
0.9666084585003466
0.9666386557098251
0.966644677261834
0.9667019216016376
0.9667470362869083
0.9667759429065435
0.9668065298730971
0.9668231218194459
0.9668575485237639
0.9668801754351821
0.9669209245598701
0.9669518337829193
0.9669713122780549
0.9670188109202636
0.967041786953142
0.9670961190073551
0.9671415348643808
0.9671875282749329
0.9672032424643304
0.9672321384474
0.967259289039182
0.9672883243247821
0.9673279918928287
0.9673747394383219
0.9674190723414745
0.9674515666377075
0.9674824217884155
0.9675100814476361
0.9675521704373184
0.9675727864022534
0.9675793252412637
0.9675964078843494
0.9676219887272632
0.9676379402440587
0.9676777734694412
0.9677078525861563
0.9677486440002315
0.9677658509190592
0.9678025531791111
0.9678363489976224
0.9678633102772102
0.9679000228414725
0.9679168561502948
0.9679605430019272
0.9679716213029484
0.9679966700865957
0.9680219187404904
0.9680485161230197
0.9680997146715684
0.968120457965387
0.968141240587443
0.9681619263243488
0.9681851561622878
0.9682251522497186
0.9682328296861906
0.9682647651349456
0.9682980250319575
0.9683305666651675
0.9683443661453582
0.9683455063670618
0.9683853687438615
0.9683760921909448
0.968412998732363
0.9684561952107774
0.9684862068623393
0.9685144833379862
0.9685357552098791
0.9685763534101693
0.968609535674291
0.9686432086944761
0.9686618707195093
0.9686928213208494
0.9687072688405177
0.9687374541953533
0.9687656918175723
0.9687730467809301
0.9687865146575733
0.9688139083301612
0.9688313900687285
0.9688515019890838
0.9688671955159953
0.9688954102669803
0.9689088873050523
0.9689426025073553
0.9689808638440653
0.9689953955103223
0.969033985769213
