0.3999600000001712
0.4997326666668086
0.5707177142858353
0.6236975000001053
0.6649115555556491
0.6968188885605331
0.7237847497917396
0.7459031611414859
0.7642979760149523
0.7804732639412192
0.7946298654823054
0.806920406026497
0.8178434196475937
0.8272287608527832
0.8358567526437548
0.8436077445623602
0.8506294486759411
0.8568845265012931
0.8625633214147912
0.8677191101274854
0.8725197593758696
0.8771386106539736
0.8810333480159889
0.8847827639023849
0.8883750400442731
0.8917037061237276
0.8947720015525347
0.8976912282887393
0.9003465563567986
0.9029467290866044
0.9053338938476649
0.9075332732652975
0.9096630891573331
0.911700206918867
0.913589658388048
0.9154762267246976
0.9172179537130823
0.9188552066778406
0.9205035207046379
0.9221099839222215
0.9235946790412662
0.9249106964464862
0.926148661063315
0.9274470466539417
0.9286850158084461
0.9298327865279103
0.9308931346638305
0.9319746690665798
0.9329068115370611
0.9339443955807314
0.9349577420350915
0.9359263020331944
0.9368011524520039
0.9376432781092893
0.9385034971177859
0.9392857944916128
0.9400113788119095
0.9407976457860948
0.9414618519800858
0.9421692840398377
0.9429213891738957
0.9436328103179741
0.9442992580447449
0.9448472869869056
0.9454401646835261
0.9460350289472867
0.9465491518926439
0.9470884278228316
0.9476726914753755
0.9482082181121837
0.948695998681758
0.9492410331998822
0.9497621706105309
0.9502860538647203
0.9507787523235574
0.9511863277357515
0.9516928511137066
0.9521504093450394
0.952556859801859
0.9530409521221809
0.9534307326915571
0.9537994449211253
0.9541718083951659
0.9545632852456261
0.9548607064427548
0.9551672635866123
0.9555168813244326
0.9558964550084049
0.9562246653064763
0.9565636392776017
0.9568618671962387
0.9571599368846747
0.9574553485447055
0.9577727187359009
0.9580816923399023
0.9583656944660468
0.9586359553129662
0.9589307488209688
0.9592179371175943
0.9594722632143835
0.9597865695809997
0.9600526280320101
0.9603136373149856
0.9605734077622515
0.9608036427422402
0.9610524746421506
0.9612884147245636
0.9615125553069048
0.9616787634763444
0.9618874900051227
0.9620990544408025
0.9622946075085541
0.9625029734726527
0.9627086223686094
0.9628838855630045
0.9631147505473802
0.963351096941692
0.9635913968466451
0.9637673914589071
0.96394555210858
0.9641453291914823
0.9643093616092375
0.9645004748010988
0.9646898187320282
0.9648683738817208
0.9650356743670627
0.965176309951467
0.9653548438091956
0.965503609352356
0.96563913048574
0.9657775371393698
0.9659624960550004
0.9661142797818684
0.9662763389821621
0.9664050483373408
0.9665641379502907
0.9666974104829692
0.9668631354335716
0.9670122549780285
0.967149858649512
0.9672937355618088
0.9674462237028262
0.9675770278450391
0.9676792659987135
0.967844218625553
0.9679757551404594
0.9681046970461074
0.9682422119789404
0.96835933105196
0.968507127508776
0.9686587729366997
0.968745204805493
0.9688818528968496
0.9690025611734392
0.9690961734306089
0.9691974462934924
0.9693053890511
0.9694143448902763
0.9695186268106212
0.9696312498331948
0.9697166483002693
0.9697969190940524
0.9699145001194449
0.9699826348174696
0.9700837300422438
0.9701973110047815
0.9702953557019566
0.9703939139628955
0.9704585026499032
0.9705799868797227
0.9706765073584213
0.9707427099605876
0.9708256443285221
0.970890156821351
0.9709710689239202
0.9710707130185195
0.971157273295898
0.9712054793514356
0.9712906816432783
0.9713828946902583
0.9714688327719821
0.9715590761446117
0.9716396022199401
0.9716902167712438
0.9717616143799802
0.9718460959338044
0.9719220459440895
0.9719983505144807
0.9720512212893756
0.9721386571264443
0.9722207190270445
0.9723088453593295
0.9724165901395602
0.9724824641029117
0.9725541722144979
0.9726314623887483
0.9727086421873633
0.9727677456048606
0.9728606010315288
0.9729190832283605
0.9729953995414624
0.9730550112122637
0.973145571898086
0.9731990210005644
0.9732592521094015
0.9733318649930326
0.9733851851910457
0.9734330574438457
0.9734834290392753
0.9735569076379902
0.9736119842900822
0.9736875002228227
0.9737457996849979
0.9738122837230343
0.9738431911054515
0.9739004983324174
0.973968148897
0.9740427409458317
0.9741060404191346
0.9741762066508995
0.9742608028728407
0.9742802237252219
0.9743329241333856
0.9743839533203102
0.9744266230715659
0.9744678934489275
0.9744968216028856
0.9745591145712332
0.9746202526216873
0.9746571736825883
0.9747108715677729
0.9747468449719308
0.9747918479130077
0.9748352063605026
0.9749083827845418
0.9749363499098649
0.9750056807333267
0.9750600745272615
0.975100456438637
0.9751516734194096
0.9752004950146277
0.9752562193837867
0.9752970794233308
0.9753599169319476
0.9754113593658139
0.9754569472217274
0.9755236065617467
0.9755788474571793
0.9756338903543612
0.9756893341715979
0.9757213501648281
0.9757762531762101
0.9758019218982152
0.9758361189290914
0.9758765664356813
0.9759231974275209
0.9759521709216084
0.9760033318641412
0.9760422862492603
0.9760563112620572
0.9760929168962889
0.9761057589139899
0.9761431047827859
0.9762061740016462
0.976252067236409
0.9762825167127692
0.9763291918814468
0.9763781424322172
0.9764217060654794
0.9764568162727472
0.9764813970789733
0.9765200943988588
0.9765607385328492
0.9765959621724161
0.9766254571432083
0.9766717043721377
0.9767069428637944
0.9767515808655334
0.9768002159801974
0.9768428861478303
0.9768789661934468
0.9769116035436699
0.9769465509335368
0.9769779206902772
0.9770015252066112
0.9770337704720655
0.9770845798929025
0.9770939251469268
0.977135454876514
0.9771643960254165
0.9771973745381256
0.977233631447015
0.9772727390712569
0.977318473434293
0.9773375986011956
0.9773487730204912
0.9773650962599002
0.9773954256661316
0.9774280243119832
0.9774510875274018
0.9774790767146065
0.977517607255807
0.9775377169671118
0.9775744929540633
0.9775890650789976
0.9776232449504785
0.9776668675092778
0.9776872902939154
0.9777047301943155
0.9777425913536403
0.9777874525894782
0.9778191517572066
0.977835842961431
0.9778699697566021
0.9778989166149223
0.9779273684160108
0.9779639959450459
0.9779744229596848
0.9779818370113533
0.9780100407092704
0.9780473168391985
0.9780950792737614
0.9781262980789507
0.9781689656515322
0.9781886794623377
0.978191318794407
0.9782116948363125
0.9782302170981851
0.9782380856756825
0.9782586371042922
0.9782938178508657
0.9783177761260146
0.9783517446703535
0.9783998904312791
0.9784087469991026
0.9784436320867873
0.978473242504957
0.978490198128386
0.9785284254827384
0.9785657438241057
0.9785923667943017
0.97864425333704
0.9786704136778154
0.9787021282532582
0.9787314577215914
0.9787527975706164
0.9787758438050788
0.9788029546958334
0.9788486741719029
0.9788728305161646
0.9788863290534462
0.978915284817559
0.9789299263892707
0.9789565240408904
0.9789821674600256
0.979005648860778
0.9790188541193177
0.9790484908958871
0.9790755646090246
0.979083579710564
0.9791010799077672
0.9791226637287288
0.9791568294309955
0.9791922051869902
0.9792101751625715
0.9792318626641637
0.9792424303241236
0.9792675984312503
0.9792797906073015
0.9793010864337117
0.9793197430779681
0.979323579160064
0.97934092655147
0.9793540754946357
0.9793660184062554
0.9793718556109512
0.9793847618012494
0.9794180810480485
0.979454098711965
0.9794910867646499
0.9795120573446537
0.9795269277875567
0.9795456844950106
0.9795653038676748
0.9795909221904201
0.9796028857050321
0.9796248972885326
0.9796424446775457
0.9796641613811445
0.9796703526006989
0.9797047712967141
0.9797140127810591
0.9797324664470698
0.9797597119088485
0.9797630512448388
0.979769988322673
0.979777028201422
0.9797838857451237
0.979801492668985
0.9798091280344222
