0.5999400000001319
0.6664813333334425
0.7139388571429506
0.7488537437813321
0.7764894920879576
0.7985140121645156
0.8165726454704185
0.8315566899557298
0.8443382452869935
0.8552623402170721
0.8645922863303924
0.8728967008554901
0.8801412252133785
0.8866488684587035
0.8923312551699768
0.897557745033791
0.9022093522848365
0.9064759161779917
0.9103704491975526
0.9138924556925518
0.917099174026242
0.9201082963285627
0.9229306757131461
0.9256072044698359
0.9279876426421021
0.9302404971860556
0.9322936660557881
0.9343058737276986
0.9360870435895337
0.9378667113462307
0.9394138354311558
0.9410065633886253
0.9424909853472923
0.94386332829196
0.9452066075062562
0.946428194201552
0.9475923958211234
0.9487465695594768
0.9498448965793186
0.9508811848663686
0.9518999330714148
0.9528540428737943
0.9537755336231282
0.9546740123944208
0.9554974534684864
0.9562966453793713
0.9570533913206033
0.9578131793382916
0.9584962249612063
0.9591635071491558
0.9598295704771075
0.9604806132793277
0.9610512726787057
0.9616112742997528
0.9621597355976774
0.9627085191240248
0.9632872255464878
0.963765923785023
0.964271768916519
0.9647671104741401
0.965260927611773
0.9657117323837071
0.9661663919045178
0.966566709271019
0.9669854663040058
0.9673782086959615
0.9677678805752749
0.9681351220837454
0.9685202294860407
0.9688408730591845
0.9691869028517672
0.9695389792423226
0.9698747167166054
0.97014975667032
0.9704770371552968
0.9707472166991925
0.9710392138177149
0.9713287276847403
0.971622761452584
0.9718786359613725
0.9721869154002368
0.9724574749798409
0.9726994420152775
0.9729754165847458
0.9732119373484309
0.9734670172352516
0.973710280789267
0.9739537328477046
0.9741888436980102
0.9744390073535717
0.974653158744186
0.9748573573598827
0.9750578976446105
0.9752587831016735
0.9754539010244335
0.9756616863780436
0.9758409739198499
0.9760447980811189
0.9762378998685717
0.9764431832092
0.9766258486170324
0.9767780008138115
0.9769607935485002
0.9771234230533714
0.9772795370994489
0.9774376356182423
0.9775712943540874
0.9777140014174501
0.9778543040533001
0.9780035376913573
0.9781543392505629
0.9782868930733841
0.9784312594454955
0.9785436920254075
0.9786730566863918
0.9788307560284432
0.9789581691281714
0.9790887578681181
0.9792319657954143
0.9793809646576261
0.9795081047040396
0.9796521291800878
0.9797907310290614
0.9798996897282555
0.9800188272600703
0.9801411343059985
0.9802631918182604
0.9803768172304417
0.9804964523793746
0.9805910437068672
0.9807179318885006
0.9808313258495428
0.9809382417246305
0.9810206625111279
0.9811276848022424
0.9812260999854319
0.9813171845600228
0.9813989936575097
0.9814838145340418
0.9815925568313518
0.9816838283547291
0.9817801128618944
0.9818509068162317
0.9819306010891637
0.9820205744177402
0.9820899211809313
0.9821656117301653
0.982262082528341
0.9823361927233027
0.9824055453736659
0.9824989855146188
0.9825809381405165
0.9826694685395202
0.9827563960657748
0.9828427578979344
0.9829191215564065
0.9829885446155843
0.9830580487489801
0.9831127399468377
0.9831821509992335
0.9832462448667294
0.9833262740883646
0.9833981543432364
0.9834650927198925
0.9835272123570473
0.983587694045226
0.9836580119000689
0.983712356533066
0.9837809843949737
0.9838410418975048
0.9839128190803798
0.9839842802801625
0.9840401121062303
0.9841150005755831
0.9841597380338657
0.984216355802973
0.9842777272806807
0.9843363420031437
0.9844016185333335
0.984461300261997
0.9845210706380252
0.9845597976370897
0.9846149348124584
0.9846575794371321
0.984717925466483
0.9847712599402795
0.9848346588073026
0.9848864291392226
0.9849366745618855
0.9849803127321726
0.9850428746410116
0.9850945560119938
0.9851469632707718
0.9851944039002865
0.9852285099472817
0.9852859732325223
0.9853351365062608
0.9853849314934221
0.9854446828181511
0.9855082295594875
0.9855544721330428
0.9855982500022471
0.9856353477845445
0.9856747092876447
0.9857175968915611
0.9857749273725833
0.9858034790296981
0.9858496023498373
0.9858940961530304
0.985924882034747
0.9859716863589301
0.9860129989397639
0.9860541608316287
0.9860908341520799
0.9861260641497211
0.9861641891839881
0.986198150354319
0.9862413024280033
0.9862823406285055
0.9863148426951723
0.9863519454811852
0.9863931973062188
0.9864355503645708
0.9864780143087812
0.986523738493117
0.986564071208997
0.9866050169938226
0.9866435788652467
0.9866536385629311
0.9866928205000272
0.9867216839606032
0.9867588872507698
0.9867896601837397
0.9868130408654321
0.9868564215004287
0.9868912318905723
0.9869285691636557
0.9869591116695625
0.9869845252159276
0.987003474335638
0.9870439189016794
0.9870678416022484
0.9871002254925858
0.9871400154068075
0.987161582724934
0.9871849148800358
0.9872163386612649
0.9872427786191645
0.9872724507103475
0.9872858207298695
0.9873184111934623
0.9873429904474121
0.9873701523990106
0.987394144719679
0.9874222536469356
0.9874542715286335
0.9874669909458391
0.9874929715635001
0.9875151325191047
0.9875447888605117
0.9875756481714607
0.9876118421174664
0.9876339745167215
0.987658599679819
0.9876943484560411
0.98772262233707
0.9877510269904263
0.9877801202516487
0.9878059610119664
0.9878364962933702
0.9878625388198042
0.9878898896491989
0.9879088404263752
0.9879406735430668
0.9879706135327132
0.9879948414831782
0.9880194061902504
0.988040697928012
0.9880764734982956
0.988104102581622
0.9881393476950946
0.9881597320774697
0.9881884831507387
0.9882159778090749
0.9882362276679815
0.988263036218046
0.9882844875711977
0.9883075261786638
0.9883253723553995
0.9883531459188448
0.9883748414070287
0.988404583103543
0.9884274803216341
0.9884575053000807
0.9884861374512598
0.988511989488253
0.988532715085268
0.988549697430608
0.9885752019689884
0.9885895951488588
0.9886175576598487
0.9886413468120524
0.9886578867965893
0.9886791544707266
0.9886947910108443
0.9887166931263848
0.9887435516670133
0.9887626802751702
0.9887832212875536
0.988809636179442
0.9888263261599423
0.98884554234035
0.9888625943536722
0.988886009544453
0.9889098017633863
0.9889225083006364
0.988945604743951
0.9889687937421263
0.9889867204320483
0.9890008421007473
0.9890194866420235
0.9890291570239556
0.9890503028279978
0.9890725643621788
0.9890918768271583
0.9891080486025238
0.9891274119855987
0.9891406361321698
0.9891594005251183
0.9891802485183497
0.9891949226909994
0.9892117521099362
0.9892353617349019
0.9892565102869438
0.9892696316307926
0.9892884355444803
0.9893070703350589
0.9893286801263605
0.9893437569569319
0.9893581466787333
0.9893801567304334
0.9894004891980619
0.9894187954457608
0.9894384138771924
0.989452927936388
0.9894777371373504
0.9894939091040873
0.9895086558976331
0.9895124592525847
0.9895291646540696
0.9895407359150666
0.9895553789545678
0.9895681685748453
0.9895881425423702
0.9896069347752223
0.9896243438881134
0.9896431864849534
0.989657048860066
0.9896661736295747
0.9896839843171957
0.9897004388851531
0.9897164043576905
0.9897313501874405
0.9897477699853079
0.989760469933477
0.9897783096084669
0.9897953650544672
0.9898144814423473
0.9898316844605926
0.9898473977625516
0.9898615673481209
0.9898737345335362
0.9898912467202285
0.9898969622164854
0.9899108605847307
0.9899186263751792
0.989933760152684
0.9899465591629487
0.9899574886827684
0.9899713681084367
0.9899816356666403
0.9900008032942117
0.9900120869847182
0.9900301899727604
0.9900470577147555
0.9900550287604373
0.9900727803253742
0.9900864491525201
0.9901065456002455
0.9901206482936722
0.9901339753734643
0.9901508278619181
0.9901587669754954
0.9901752208973982
0.9901789890177545
0.9901918380760047
0.9902080861555353
0.9902254579092465
0.9902407869719915
0.9902511018963704
