0.7999200000000587
0.8332133333333821
0.8569251428571847
0.8747445000000365
0.8885862222222546
0.8995864000000291
0.9086189090909356
0.9161103333333576
0.9225058461538685
0.927932006622217
0.9326607822281412
0.9368199234242407
0.9404399046309425
0.9436310091344632
0.9465194675931126
0.949117883346276
0.9514796881577717
0.9535927925005034
0.9555091094806268
0.9573410523518703
0.9590365188696283
0.9605689572772397
0.9619884750392789
0.9633150262255564
0.9645190636909442
0.965669227072189
0.966734866393096
0.9677252804512594
0.9686376128935487
0.9695199212285557
0.9703433568290681
0.9711289335290838
0.9718889082546486
0.9726168828791882
0.9733006552775908
0.973901649188022
0.9745229748300194
0.9751197602632674
0.9756711404006003
0.9762039789166619
0.9767010481202649
0.9771751145041384
0.9776228808594879
0.9780753212738602
0.9784817873730327
0.9788846335716045
0.9792791321317728
0.9796439976349304
0.9799936608383363
0.9803458534815311
0.9806854573024097
0.9810037190891329
0.9813308117803272
0.9816361437402734
0.9819254311456637
0.9822118083024587
0.9824885337912441
0.982756655213627
0.9830068055018255
0.9832459514294303
0.9834826616092129
0.9837119124397745
0.9839366331706224
0.9841542151833028
0.9843710162328406
0.984586346031672
0.9847829943477733
0.9849823999554562
0.985164126955029
0.9853573698715677
0.9855449264930294
0.9857191289395666
0.9858888066648615
0.9860504937763236
0.9862035825982228
0.9863439969013078
0.9864915582578136
0.9866408360290913
0.9867782782961105
0.986913257418023
0.9870467541753923
0.9871901191749152
0.9873220471950287
0.9874448954969252
0.9875746421895452
0.9876913319720655
0.9878020299697701
0.9879220558853676
0.9880436709665049
0.9881639320476197
0.9882775366786044
0.9883907737482951
0.9884999447835544
0.9885928527026367
0.9886931728777199
0.988788207981917
0.9888934355406661
0.9889915038412097
0.9890912781026855
0.9891718713762979
0.989266999247138
0.9893486765881747
0.9894377955973872
0.9895171934448457
0.9896022141673446
0.9896705315459305
0.989750381064135
0.989831887859785
0.9898949790316216
0.9899709927713811
0.990043037011677
0.990116740716717
0.990182282032605
0.990252438409761
0.9903153683220346
0.9903923096814682
0.9904582322383098
0.9905217961873264
0.9905844890845689
0.9906453326082447
0.990713037901426
0.990775988198573
0.9908313055042385
0.9908879446590938
0.9909553575609814
0.9910093715894613
0.9910748588884685
0.9911246053007002
0.9911853860010456
0.9912487797909526
0.9913027062392754
0.9913557514730965
0.9914059797662007
0.9914593038922487
0.9915137301418951
0.9915611540671727
0.991609634766941
0.991660022627192
0.9917061834177536
0.9917470392399824
0.9917947201756331
0.991837284893228
0.991886803365865
0.9919256587095838
0.9919711827948934
0.992007731615954
0.992050256023264
0.9920889860127123
0.9921317560037785
0.9921740743759783
0.9922160272429198
0.9922584160256259
0.9922992717949451
0.9923412802823954
0.9923805251840457
0.9924239351383922
0.9924624345866427
0.992499397328798
0.9925414749288031
0.9925806986414665
0.9926168053301979
0.99265551194044
0.9926946971173629
0.992729288894825
0.9927626430241279
0.9927924106814418
0.9928306643257032
0.9928595908992947
0.992892505888592
0.9929252493194116
0.9929604991125174
0.9929900516547304
0.99301635510384
0.9930513734319695
0.9930824923560929
0.9931073770149071
0.9931369364681362
0.9931685664303513
0.9931970093944388
0.9932157526669534
0.99324685425143
0.9932638592458651
0.9932879757035115
0.9933134311523099
0.9933445001923555
0.99337770505588
0.9933999034449669
0.993426182652329
0.9934532049288098
0.993477289078523
0.9934956087424179
0.993519332726683
0.9935405825263951
0.9935601025868115
0.9935825618410231
0.9936066762678274
0.9936331175547735
0.9936517305480953
0.9936784379835089
0.9937034081695033
0.9937235731847219
0.9937514646636998
0.9937716857451581
0.9937941274410976
0.9938125335361015
0.9938407521996182
0.9938581064831833
0.9938820362547701
0.9939041817150567
0.9939272608485179
0.9939490203844988
0.9939708203173363
0.9939900103209173
0.9940111899423316
0.9940284672247393
0.9940483153671005
0.9940657750481318
0.9940870784824829
0.9941067373735311
0.994128399817807
0.9941485003276146
0.9941672898444465
0.9941856669129457
0.9942040582170212
0.9942236690884334
0.9942388038910256
0.9942584753860874
0.994279822511085
0.9942998873016621
0.9943202421592444
0.9943397597333733
0.9943612648519246
0.9943773635117846
0.9943952516153182
0.9944077079394743
0.9944197846474538
0.9944379540097134
0.9944577175619549
0.9944738356760123
0.994491969859251
0.994509204661251
0.9945233715195085
0.9945372453697578
0.9945552344510955
0.9945698972598263
0.9945860751870158
0.994604117297842
0.9946204432242697
0.9946371461639785
0.9946530243182413
0.994667789233947
0.9946819151281427
0.9946968263036673
0.9947167217267323
0.9947322016194245
0.9947465772680879
0.9947626827395583
0.9947746784949331
0.994790706657553
0.9947997615112609
0.9948166461723295
0.9948327568859817
0.9948427515055099
0.9948548515902693
0.9948692271243463
0.9948796127689686
0.9948934806340619
0.9949076805486753
0.9949173273417122
0.994931285329276
0.994944850709373
0.9949586947325543
0.9949680034557757
0.9949808871705798
0.9949929182747951
0.9950058219246868
0.9950208119786885
0.9950283029312291
0.9950393040379218
0.9950466066931204
0.995062071459861
0.9950673475696481
0.9950730679014933
0.9950835418073515
0.9950923302449424
0.9951029690904035
0.9951124071764457
0.9951262341474089
0.9951399666944232
0.9951471206369011
0.9951595741968019
0.995170784287116
0.9951832659768111
0.9951956034768674
0.995209738422116
0.9952214985620144
0.9952269660316587
0.9952345174342871
0.9952466998772641
0.9952592759302732
0.9952727008402391
0.9952839721449812
0.9952923810938152
0.9953047622833829
0.9953135738920031
0.9953239353991281
0.9953335098629665
0.9953410224614622
0.9953507367533416
0.9953621410242756
0.9953720953166805
0.9953822904441526
0.9953899351142991
0.9954008276395576
0.9954119402774442
0.9954227334067208
0.9954314840087743
0.9954427332648593
0.9954526495513829
0.9954610476648375
0.9954654183582666
0.9954758731956228
0.9954878054976444
0.9954992870342319
0.9955041196877487
0.9955136026747109
0.9955242249451621
0.9955346144940058
0.9955410850295496
0.9955495171823681
0.9955592305977125
0.9955682215444763
0.9955780172865851
0.9955857544739511
0.9955947030197393
0.9956040048744714
0.9956091923591408
0.9956159689402322
0.9956271336154042
0.9956366048322354
0.9956440203972579
0.9956538737542651
0.9956648350000974
0.9956714010848783
0.995680093351455
0.9956914229118943
0.995699573403134
0.9957107492002023
0.9957174407621627
0.9957201262380504
0.9957273971061623
0.995736706106428
0.9957458284606214
0.9957524078352643
0.9957603212103503
0.995770613218406
0.9957771135449895
0.9957846720141627
0.9957933680735609
0.99580002703964
0.9958071975359207
0.9958152291574548
0.9958216001439134
0.9958279038828103
0.9958311597366304
0.9958364349960733
0.995842135064426
0.9958504661372742
0.9958615151234156
0.9958687279208733
0.9958805243931793
0.9958862342517114
0.995891472926585
0.9958996132662901
0.995905753928258
0.9959131696687676
0.9959219775186158
0.9959295967006737
0.9959380437351193
0.9959434229557328
0.9959453422838298
0.9959525728415554
0.9959615765216386
0.9959670920267595
0.995973173108849
0.9959749203537889
0.9959816142947263
0.9959887948885643
0.9959924815192598
0.9960029181366674
0.9960054898916297
0.9960097222890946
0.9960122336859287
0.9960191192780439
0.9960263717587943
0.9960341185187389
0.9960413672146872
0.9960454021123021
0.9960519955342916
0.9960582043657336
