0.19998000000029292
0.7672597285213387
0.7661314351074763
0.7301171557066282
0.6888551755461967
0.6502629202452863
0.6186175917185668
0.5870350704912248
0.5579435880296562
0.5321713612186321
0.5105728836362926
0.4902632615780482
0.47390207432490306
0.45875457685281074
0.444636968521119
0.4311897984887615
0.41902651646083666
0.40630620930279204
0.3967496498889722
0.38569238846815534
0.37637343021977787
0.3685311624603915
0.35986710855634585
0.35213788236479304
0.34364923771515765
0.33572495282855486
0.33026402580979686
0.3246477240626071
0.31899691890520876
0.31269096377316774
0.3068906753343753
0.30117944629534743
0.2961794884716368
0.291423570791597
0.2875439901485899
0.2833827819739657
0.2789815626555011
0.27591133704485415
0.27215924109846923
0.2690924043951789
0.2661680468770964
0.26282399914972854
0.2593155470753825
0.25641671740720184
0.2531190306975365
0.24971362444169776
0.24675351635562404
0.24395163691030375
0.24137886730183178
0.23911823696862367
0.23700343800883872
0.23392749063909268
0.23132171726033113
0.22900853977238156
0.22692698910499465
0.2246776835841351
0.22206983128189361
0.21983047790120502
0.21790400664761211
0.2165834000656236
0.21448712732001984
0.21203224970679757
0.21004946541594993
0.2081618463686602
0.20667155464725695
0.20511536320627377
0.20337939811788874
0.2014267410347086
0.20014048488333858
0.19818796045379783
0.19604731843864276
0.194234227359117
0.19287238666757311
0.19123394919530767
0.18960659070046126
0.1879381348985698
0.18627445741553772
0.18487782003169517
0.18345665801693034
0.1820803208574706
0.18086724733712778
0.17994056545058734
0.1784650309936513
0.17716600217212186
0.17599975450196603
0.1748817572937712
0.173346638671251
0.17236698161548114
0.17084979196539274
0.1694805605622579
0.16805733109286392
0.1668611106267438
0.1658040005790531
0.16469327393674038
0.1635795502273114
0.16253796413588806
0.16124869260730024
0.16059914596915958
0.15993710946744333
0.15895951186284363
0.15798375944052168
0.15689535802583898
0.15606360039090084
0.15490488069869535
0.15395439699825775
0.15324117599772902
0.1524098577682408
0.15158488230554412
0.1506736073673891
0.15033241042127155
0.14983398907284395
0.14914100946914544
0.14817766681585198
0.14756090138287514
0.14669972738635395
0.14613481282097385
0.1455158010865032
0.14464004351657023
0.144067773337343
0.14326986570708833
0.14267587597112408
0.14199199173192834
0.14149634493868535
0.140973969398703
0.1402971858936949
0.1396628441868818
0.13897889641763617
0.13823348306459715
0.13750484303743526
0.1368904644752753
0.13625383324158635
0.13569702460616562
0.13510472396022355
0.13454038482573194
0.1338283457140118
0.13318087001304268
0.13264721065171226
0.13195101601789205
0.13130456487003161
0.13084617690799538
0.1301206229699836
0.12948598501814823
0.12890223869224038
0.1284543268889875
0.1280261816405618
0.12732701364479293
0.12670160263005115
0.12610135455449312
0.12567400739776646
0.12516862416899754
0.1244561163916269
0.1239471227954464
0.12352055998710676
0.12315548813092614
0.12260278992513651
0.121972105843693
0.1214701478850787
0.12095203097393181
0.12030835288111785
0.11961782527960718
0.11883713940154583
0.11851439476188286
0.11819260256454578
0.1176814547899292
0.11718168603240275
0.11669147986720174
0.11626040287569672
0.11577699227077254
0.11552049216268678
0.11513463350990183
0.11482171936844843
0.11473528277850675
0.11409431355494737
0.11352958755442744
0.11293618460545052
0.11268468633186635
0.11197788456859159
0.11151289269281439
0.11104898978054523
0.11045265459902998
0.10998429255129005
0.10944931261178148
0.10909287090324216
0.10854879641588677
0.1080097149938486
0.10777080723621013
0.10735458342450366
0.10683584686483516
0.1063598611061175
0.10583159595677405
0.10543901688818047
0.10497003833475838
0.10468266852747699
0.10416219464360865
0.10389686480642768
0.10350982728466107
0.103029290654292
0.10269311365697842
0.1021684292554983
0.10188020719490531
0.10169717148352886
0.10125725523156248
0.10093209017036531
0.10050766485199569
0.10031618486766591
0.09967961349553356
0.09936513367766775
0.09911884620647016
0.09886408368065658
0.098614648545717
0.09837108806138073
0.09803959080497959
0.09766732056134164
0.097428402012678
0.09703845635090591
0.09668262374979109
0.09639905247841651
0.09601503356645213
0.09576665941719364
0.09549933102394514
0.09515453170404231
0.0948285757786348
0.0945950838442815
0.09430282450720662
0.09409210697099635
0.09365526089620457
0.09323209572070501
0.09295948218883787
0.09270184734990639
0.09253069797243363
0.09224622306755648
0.09197980744300793
0.09165606306130092
0.09154786745638765
0.09133231546348075
0.09098116307772919
0.09049852442584583
0.09009181397881261
0.08960343995980713
0.08932342298890728
0.08905620131001468
0.08883832122769475
0.08857025757422021
0.0881001550576701
0.08766693725133956
0.08739332885111284
0.08716514871117653
0.08689133851226938
0.08666642199485242
0.08615606465232473
0.08571224377790254
0.08557575100780279
0.08507752734132301
0.08486408018281177
0.08465253544998008
0.08423416097800873
0.08410749749119895
0.0838077770717569
0.08354092907518273
0.0832075045786499
0.0829357492086793
0.08256557263571629
0.08239035669085071
0.08194813346992036
0.08173462571967038
0.08145125673730569
0.08122198772017775
0.08101518807432062
0.0807379782319243
0.08039586176074587
0.08006829707413532
0.07991861803326739
0.0797319692187557
0.07946583509614658
0.07925567436144032
0.07898542463357927
0.07883278837509389
0.07845505610498438
0.07816318581967352
0.0777945621016678
0.07748179350358375
0.07729335971883944
0.0770760321171644
0.07694555231007338
0.07663750355889909
0.07644820117169371
0.07620975356264703
0.07593178902098918
0.07582926948536994
0.07553934417344488
0.07536273662761561
0.07504446266398268
0.07483387422166121
0.07467910009339895
0.07452939747641096
0.07421224556773731
0.07387869325106378
0.07370077322600954
0.0734224671321222
0.07315629892232567
0.07308547687632172
0.07276245373860613
0.07253779293391815
0.07239387928124452
0.07213967789978004
0.07192103612966749
0.0714957057366109
0.07125312580887533
0.07113908813709147
0.07084172469631256
0.07057925982679891
0.070263220538763
0.0700781588471906
0.06979342927968113
0.06961661145779297
0.06937479014829473
0.06918104783664658
0.0690173623146968
0.06874752185575272
0.06852988030456986
0.06825351661919066
0.06793134389042677
0.06774628406022254
0.06747580009944143
0.06718239155679662
0.06697934441096132
0.06673647354339007
0.06673975686837774
0.06643272923294063
0.06613363767124492
0.06587344833043629
0.06584712835756557
0.06565394647292655
0.06530097253681189
0.06503186059431687
0.06461828965153704
0.06437283608074107
0.0641140703824622
0.0638418769916903
0.06364148228525679
0.06348509105292899
0.0631520084296866
0.06297233439406513
0.06271830169631143
0.06246675783769429
0.06230394126656558
0.06202555636920326
0.061867091290468856
0.06162481560471822
0.06144565614315889
0.061286163518636694
0.06095598365866328
0.06081900062203727
0.06064863885341332
0.060481476563965186
0.060218437528104185
0.05990858921975306
0.05963131905502028
0.05944861035632998
0.059336636795451536
0.05915195830148379
0.059009222421226415
0.05873363703699075
0.05849120887493742
0.05816160715710894
0.05802087663216193
0.05775626787130905
0.057455335722046086
0.05716625772069761
0.05700966315655154
0.05679393420241741
0.056603106182213536
0.05641523359801959
0.05619360038365939
0.05598219281623762
0.05574312291647776
0.05548414865518536
0.055282259087105934
0.05494955142603575
0.05473535442141786
0.054438224768177834
0.05422544306196764
0.05398876450162082
0.05379487008604622
0.053730290162511074
0.05355309940451913
0.0533623550665151
0.05325401441241373
0.05298444975494798
0.0528386529046212
0.05262397601709312
0.05220131354120683
0.051986952063274194
0.051642516154146945
0.051362891354884366
0.05118650015132986
0.05098157950622961
0.05066968429348828
0.05030601283385994
0.05000429567742126
0.049732453667003074
0.0494636801215359
0.04930248244975177
0.04896894325471268
0.04872413831655098
0.04846649385205737
0.048169774099291685
0.048050915307779385
0.04786155673609094
0.04763672604224134
0.04732717414398857
0.047197992708411074
0.04692689978540199
0.04666293862525317
0.046412130040318855
0.046061917567476685
0.04581376372433754
0.045611967245328344
0.04527172098245258
0.04503829830573203
0.044728774840166574
0.04447968458475371
0.04417744233797827
0.04393621350672805
0.04363020844920518
0.04322423183670132
0.04298151618204016
0.042664432843503075
0.042391762333915395
0.04209577352030125
0.04174362385577235
0.04144242861175351
0.041374162545958604
0.04119979594074985
0.04096980966321706
0.04079876179511266
0.040497558098979036
0.04025191754470614
0.039970946446142075
0.03981945583463664
0.03951943056706342
0.039328594467178624
0.03910710680310048
0.03887345981358592
0.038456864717751116
0.03815787949687921
0.03797200630034048
0.03773335582081605
0.03743680642733027
0.037124114798097296
0.0368817558404505
0.03639236434382187
0.03612561643601331
0.035992635462697375
0.035551240566653375
0.035167672067739075
0.03502870470423969
0.03468843298137736
0.0344647172418856
0.03420240079816439
0.03382227951244654
0.03345171518792345
0.03310497860973627
0.03281962932344007
0.032536996938925644
0.03223957160107749
0.031718601169549165
0.03132573939397587
0.031095780499324488
0.03078395316325444
0.030615057697336856
0.030358251810077452
0.030031374652192966
0.030111353057874934
0.029843413288275444
0.029596512332041858
0.02941624857453562
0.029274173910488144
0.02911456350837338
0.028924990649244475
0.02871988251066171
0.028479930467942283
0.028313423761276324
0.02823095011289789
0.028147733321864044
0.02794276187892153
0.027672341296106406
0.02744523465568094
0.027130977735172257
0.026869873065997973
0.026664556361200686
0.026297071085943147
0.02601284283306815
0.025830929722156837
0.025673707887898134
0.02537414946924954
0.025258804314893135
0.025110898660684944
0.024828190094010605
0.02465369357636249
