0.3999600000001712
0.8080501502452966
0.7847423682435356
0.7412232286842467
0.6953285671456446
0.658828568877477
0.6248961562363713
0.595174886972482
0.565586954522727
0.54247044441379
0.5203714583842176
0.5005960455252405
0.48400018491257624
0.4680309713157219
0.4544064710236909
0.4418800260694298
0.4305073063656153
0.41959886993845075
0.4086624561514336
0.39713214359460103
0.38844885453233147
0.38074639940664934
0.371995213181204
0.3621607835281335
0.3550577461511113
0.34845397315922255
0.34210760244391614
0.33597430815008356
0.3305652690304931
0.32526448579895506
0.31923600344326475
0.314378005901932
0.30903939572936234
0.3037886073665125
0.29980484100655624
0.2949295322089093
0.29206869509194966
0.287915021173619
0.284356848394414
0.28043886959083697
0.2769287608575688
0.2729807009162254
0.2702992254615094
0.2670973500917809
0.2643444381397847
0.26181945916395577
0.25910439064850255
0.2567741782852391
0.25405870805345
0.25115845728415886
0.24900802192034333
0.24601057960981698
0.2437151943725011
0.24081561599751944
0.23885326386070505
0.23684236977294448
0.23461627964359488
0.23197422763809972
0.23043260862800508
0.22887841699496048
0.22635586215591252
0.22435200755052598
0.2225377203295188
0.2206946065833968
0.21925174421907112
0.21766714007204802
0.21600088157902042
0.21449004494587876
0.21304465619584134
0.21182205855302216
0.2099028606423985
0.20835321030315934
0.2070571747568487
0.2053349922923009
0.20375820032293035
0.20166618789573665
0.20023519451902294
0.1988224013958052
0.19743942853676932
0.1966799093188083
0.19503110514387623
0.19399310314885976
0.1928108088428765
0.19160883015785235
0.18987105827558948
0.18854962833372113
0.18713291566073054
0.18597181089315828
0.1848904322287559
0.18335489854293507
0.18214511763097063
0.18090962315060588
0.17963852187435247
0.17845698847198688
0.17768800231934567
0.17664353187288484
0.17560474693042405
0.17443368168724482
0.17355933088223519
0.17254479686574353
0.17201529186365527
0.17112162923488228
0.17028484371107477
0.16934165462132744
0.16843565049992337
0.16756176682004076
0.1665641846973831
0.16570785356684636
0.16513456413095795
0.1641815407274675
0.16349970907677402
0.16254262527978447
0.16186348942127826
0.16127503507762286
0.1606380249203916
0.159769504775638
0.15920868980597402
0.15859760173870296
0.1577243437583491
0.15700273055455027
0.15614526075449797
0.1553851375102735
0.154414968782576
0.15369167679068618
0.15297060204144308
0.15224460431918274
0.15185448972746152
0.15098573290625672
0.1504106935763192
0.1498340732762169
0.14950819242305213
0.14901535571356828
0.14851308816587616
0.14777712802135134
0.14743190126607297
0.14680770332462778
0.14637502091052346
0.14575447022874688
0.14532660921360607
0.1446007521864433
0.14402542785366756
0.143592929507382
0.14326947595247663
0.1427298543076464
0.1422099305475344
0.14168543853501658
0.1411064256292669
0.1403375506796931
0.13974840886055728
0.13909348565050883
0.1385555763960642
0.13847237660865552
0.13783780464278972
0.13726234530481052
0.13681953457199558
0.13649139379734798
0.13603830312543097
0.13582418404299934
0.13536501921222477
0.13483720004146937
0.13437658112623063
0.1338163154657923
0.133356115996484
0.13282724604902119
0.1324344269248281
0.13199742970389994
0.13153563859167638
0.13094754574907386
0.13050741322839643
0.1300454025942943
0.12991204038632442
0.12956589084780967
0.1292242754635915
0.12887643255862413
0.12837929452009866
0.12791582481241692
0.12758352678190965
0.12726784461531215
0.12684953297608226
0.12640902891574424
0.12587966250478322
0.1257784995913913
0.12531465650009432
0.1250955659099614
0.12479221791242479
0.12438051566792463
0.12385693920999552
0.12352507878330354
0.12308309666576045
0.12274545297192907
0.12248189752204575
0.1222750217250097
0.12182994808091785
0.1214530010569127
0.12111340445551344
0.12074113189327096
0.12030240784027069
0.11993457736357971
0.11959772321481943
0.11927263681392297
0.11887286901806282
0.1183617754154972
0.11800017026416454
0.11779544330379432
0.11768045291391072
0.11735147195278572
0.11708010079257103
0.11662983672984106
0.11636373021881441
0.1162202023145199
0.11584001442618996
0.11540510269330984
0.11499318730250041
0.11477068763058551
0.1145668222315156
0.11440965839911055
0.11413656276208384
0.11376770565228567
0.11335770306323134
0.11300577781348264
0.11274341666177046
0.11251530489597583
0.11216191146858878
0.11188072815446437
0.11159042988915246
0.11111301697154785
0.11095409759819586
0.11065264847139678
0.11033086214639176
0.11022375150107411
0.11010835161339472
0.10986473104328531
0.10964816354412099
0.10928794885277049
0.10903962489976071
0.10892713805831089
0.10868810209384205
0.1084584071526713
0.1082801161852468
0.10801900963908162
0.10790565512555805
0.10765991794784269
0.107330418870492
0.1071415840558142
0.1068513989982508
0.10657745024979504
0.10629315070631862
0.10604167357163563
0.1059118076370762
0.10576081607946408
0.10567767628005398
0.10559165880879418
0.10536613064560818
0.10512689046055601
0.10493313519205971
0.10475884109184863
0.10458512948726884
0.10438029488737055
0.10415857200886025
0.1039573374972973
0.10381712609076654
0.10345932288068405
0.1031294179943889
0.10313738093101144
0.10295942865980656
0.10270755172670065
0.10252067817615151
0.10228142196226253
0.10214834303451092
0.10185978370415294
0.1014954885375704
0.1013445221610827
0.10118867919108632
0.10100874606273069
0.10081588233164307
0.10063259430009708
0.100632568302501
0.10040021293254742
0.10020167674371572
0.1001207500952015
0.09998414415308654
0.09987991715686784
0.09976914825249683
0.09940356736566425
0.09921409775369949
0.09897624510367942
0.0987740918244494
0.09856492608763634
0.09838236573138359
0.09829182944203962
0.09817373911235461
0.09798460430683387
0.09776870941174887
0.09732066084604496
0.09717219327369508
0.09697169958600604
0.09671096952108094
0.0966734519139909
0.09643876605286872
0.0962241771053064
0.09599922095991964
0.09590455332064562
0.09567964617123648
0.09556874334777776
0.0954970599455699
0.09533335968285683
0.0951320691366766
0.0950283024351749
0.09480281412957103
0.09463272124766497
0.09438760600356022
0.09419667379435759
0.09405883343350174
0.09392579099819909
0.09389655645528883
0.09377813986318673
0.09357572128830338
0.09337734799298936
0.09328003950607966
0.09302677247899138
0.092715929196726
0.0925024308601411
0.0925060887367074
0.09234740057569846
0.09221494806085773
0.09198261090045079
0.09182937736991736
0.0917967517250502
0.09160678150035695
0.09143782072512718
0.0913086334745764
0.0911243881632533
0.0910344689459992
0.090902077315969
0.09073059483941814
0.09066425977806103
0.09047990701320296
0.09023189686639788
0.09008253988321246
0.08994509093632896
0.08976393648309322
0.08961845242575928
0.0894094328663051
0.08911158419564214
0.0888200696442405
0.08880971405006
0.088711127766949
0.08857814165815947
0.088395888314167
0.08835670760733794
0.08811173498880809
0.08795667937490204
0.08777354466310117
0.08754471259906815
0.08735398510607995
0.08727721537392041
0.08704841601348312
0.08707059096515701
0.08705456055710115
0.0869689243793309
0.08688680507711788
0.08653975660103819
0.08656006451659559
0.08646264913029877
0.0863069616269796
0.08618782637746825
0.08612408560577023
0.08590499305921773
0.08573049854425308
0.08551837423461583
0.08545985858951721
0.08518015565416293
0.08499507622366542
0.08482056192725007
0.08459952679878091
0.08440106785713897
0.08423335494370843
0.08419659823443004
0.08399865423228703
0.08395014287617797
0.0839093235607562
0.08371433927587657
0.0836737479274674
0.08359120214901017
0.08340881998030425
0.08318521428070058
0.08305579245354944
0.08293781400669875
0.08299052105979754
0.08296819818060519
0.08293171076476147
0.08261333572037755
0.08221407381032464
0.08181627204334563
0.08133361314696241
0.0808483003406858
0.08048377840599052
0.08000082496208727
0.07958907112238878
0.07930537239124913
0.07894499766578134
0.0786796522596589
0.07817886656716677
0.07797834809258208
0.0775622909677135
0.07704760331491034
0.07661485185094075
0.07621686822680851
0.07585367671253684
0.07545364689677847
0.07504865166662666
0.07458776355031238
0.07426965386101347
0.07388389884725421
0.07345158248937955
0.07306267314224324
0.07276255847081192
0.07240450780887997
0.07199001675805905
0.07162520620515267
0.07123407238100021
0.07081360257266123
0.07053365171305226
0.07012252596947122
0.06974883105042051
0.06946802737618885
0.06906313277991893
0.06856092960654248
0.06834382399265737
0.06807932281182172
0.06766913616714976
0.06731565205957579
0.06697443770097933
0.06649004284145066
0.06604808008987084
0.06565249858056299
0.06529556720070928
0.06480665420458342
0.06453026497749914
0.06427226776676542
0.06389609269092078
0.06356986244023333
0.06336635848057615
0.06295477871100674
0.06254120083184489
0.06217423831294888
0.061905843291548024
0.06150885379210547
0.06120339031538713
0.06084287136552269
0.060510347080167115
0.06016476857699993
0.05979383036665753
0.05968206438940549
0.059302637735199726
0.05910297495148231
0.05875364549654949
0.058531776083679654
0.05820360141105607
0.05789792739215005
0.05753930779826977
0.05721933758401232
0.05693052802138121
0.056528556466584834
0.05610494752379469
0.05580528981705157
0.05547271305979806
0.05513032024450004
0.05470665449693912
0.054427396189785204
0.054184207905742854
0.0539261076229931
0.05361350558295441
0.053276129661720906
0.05305344711253712
0.05269275620565639
0.052375277491854
0.05203510102249842
0.05172090827924325
0.05132601886865995
0.05102994548121109
0.050735439697613405
0.05041367476519876
0.05003558477362291
0.049751902681292925
0.049448602660842944
0.04918994161285706
0.04880191906646625
0.04857984079335842
0.04833471566084513
0.04806250836947623
0.04788812839521417
0.047616398121094194
0.04729346125342271
0.046984795424581116
0.046764384084970745
0.04642596809456867
0.046102713002714735
0.045740376197052846
0.04537609492093708
