0.5999400000001319
0.8470024430585696
0.8094592026660901
0.7600316223639615
0.7161651576306161
0.6750789847864327
0.6382679093878653
0.6088593449575341
0.5789048286080867
0.5518454105865234
0.5296542649227409
0.511226815510855
0.49310550010914156
0.476871394276272
0.4613180359508543
0.4480569331996951
0.43573919169223463
0.42397746226992483
0.4132283625954196
0.4029698086138488
0.3933343987810668
0.3836677890778639
0.37402556062433456
0.36655923764596254
0.36039236915081563
0.35345614418454663
0.3469848548839729
0.34128598377815433
0.3355191861310808
0.3294609653358751
0.32361160627915375
0.3186127832619139
0.3130157033892409
0.30911541772919804
0.30398040537633464
0.2989745817387506
0.29511948626107387
0.2918184161470322
0.28726972830025066
0.28321072648749224
0.2787036449405089
0.2759604682755037
0.2726506613387977
0.26923020028377087
0.2663338929341902
0.2632807074186162
0.2600336078935376
0.2564806520007117
0.2534476532377823
0.2506238852850068
0.248092965276685
0.24572176287756253
0.2438958128775649
0.24137415822873343
0.23976805928399558
0.23780815950319922
0.23515212163459032
0.23352630564411903
0.23175174110682295
0.22975498084849066
0.2278888155288482
0.22574652633789805
0.2234006568043856
0.22133386604645056
0.21935755855885897
0.2176818999714425
0.21648929136682116
0.2149067220858446
0.2132076141279866
0.21182096057130573
0.21041847479173637
0.20872511944105288
0.20716886519319644
0.20541070400370265
0.20436318345464777
0.20323362506736442
0.2016579360066324
0.20013004093657627
0.19875136236072355
0.19748142179881212
0.19620981468875898
0.19473467376749043
0.19337121205335195
0.19217811726977285
0.19107125973802352
0.1904584168153095
0.18939434959614554
0.18817461217013332
0.18672885792002747
0.18597025245788512
0.1850880737317152
0.18413888679028845
0.18303894518915642
0.18212438442667922
0.18174093848142592
0.18070273359311484
0.17977964723461404
0.17838601165902768
0.177327744596793
0.17663002699440788
0.1756582735889619
0.17490466852953968
0.17404651278843675
0.17295901789481039
0.17209399835485495
0.17145431862261507
0.170475770492021
0.1697122866835068
0.16889260237615278
0.16818181556341205
0.16733225866691026
0.16677172854071853
0.16581285031684623
0.16467138023611427
0.1637583566459686
0.16301331661970397
0.16241602325318072
0.16188130402921053
0.16109211265170476
0.16043919618671632
0.15980306264402822
0.15884507152695992
0.15813547930726635
0.15745902047323024
0.15684752857889395
0.1559888230523373
0.1550513737522955
0.15439883794381792
0.15386440108617783
0.153291813073135
0.15291074687986472
0.15221117185524313
0.15203837690810762
0.15137936105890892
0.1508725517047016
0.1501796408451146
0.1496110998450345
0.1492125009245382
0.1486229956830406
0.14810520389638904
0.14748327102075032
0.14699941444338593
0.1466176477021136
0.14592822562105257
0.1451501229089095
0.1445888999521835
0.14432135798791557
0.14380712128685758
0.14346117464976127
0.14294565154259598
0.1422776157028358
0.1417581979246385
0.14136634408551452
0.14096617117418808
0.1405031978957456
0.14006836496771913
0.1396352877208612
0.1390822927794796
0.13894949182358496
0.13874114056526732
0.13812902959386064
0.13757824841271515
0.13721247211086673
0.13660256285566597
0.1362572425481018
0.1360667317241473
0.13580008726367798
0.13519104090658918
0.13507912560707847
0.13470195054514933
0.13429909108397664
0.13385436724626454
0.13341298258130618
0.13289748095424558
0.13244702766878735
0.1322131131885519
0.13190157146995407
0.13139066145586586
0.13112154857794223
0.13096775495332602
0.13051319756277335
0.130041331115212
0.12963465439049326
0.12932451727526606
0.12896160497906217
0.12867440749960934
0.1281454454022598
0.1277289451439475
0.12756260872598868
0.1273092907822908
0.12697400837199757
0.12665890655407974
0.12625900994269967
0.12584038916239249
0.12554101220453728
0.12520110290643394
0.12499014865301583
0.12473828274041743
0.12430142565514946
0.12422513621778009
0.12395343368953704
0.12348696785420521
0.12328650157534571
0.12298169609547094
0.12269214243566418
0.12252734178305635
0.12230658965699559
0.12203430433167783
0.12177964979817046
0.12144858178467033
0.12112495542914437
0.12081884576586333
0.12022482791529576
0.11987028625305196
0.11973128564073421
0.11964159322895052
0.11929559343025142
0.11918567091179555
0.11875195167503638
0.11850809240402471
0.11835056430031898
0.11808718891958858
0.11772730927102992
0.1174663614739615
0.11726998818618906
0.11713423512035204
0.11676323006794287
0.11647697859595096
0.11608975885131967
0.11586953839679215
0.11575374276075168
0.11541394215311696
0.11520936893656397
0.11511033955564287
0.11466470963243036
0.11439777289293285
0.11403293865270792
0.11367249081063768
0.11348739741916125
0.11319511910995561
0.1128453128013226
0.11261474742106647
0.11229121583881962
0.11196748022264946
0.11186547762178078
0.11164277592030714
0.1113382499860861
0.11110305509169327
0.11090935198544172
0.11066794681895964
0.11051665001875177
0.1103402468464697
0.11011932500411514
0.10997626066385224
0.10967157967865171
0.1094097888923855
0.10914704670652531
0.10906581979735219
0.10895883374415893
0.10874618012997772
0.10857697786710885
0.10844629158848607
0.10828104394120452
0.10797068460562642
0.10774504200630752
0.10755953669831364
0.10743151452616695
0.10731357593894064
0.10708841729573793
0.10679296871932564
0.10649739705437333
0.10624238560139654
0.10605800921350128
0.10581712683985889
0.10569639604296044
0.10554008587405361
0.10534135575506975
0.10538368298684697
0.1052609970559153
0.10520096675592971
0.10499422159883764
0.10494689704483828
0.10481633823846737
0.10464018577845302
0.104449532954632
0.10429141405840836
0.10409970746943908
0.10373980391207027
0.10366035362121773
0.10350893865669919
0.1034557204246207
0.10337325374398543
0.10322722143981433
0.10297589372077309
0.10278687153751875
0.10260157625536792
0.10244799440564467
0.10230785706548029
0.1021371864215207
0.10200904096080543
0.1017797208385437
0.10172030532948007
0.10137569135549573
0.10122020286511091
0.1009929999171526
0.10096981837110752
0.10084773211329412
0.10061711208898616
0.10045373104499555
0.1001605403411644
0.09999157700292838
0.09975311888079497
0.09960183364895592
0.09954145612092646
0.09940060851914168
0.0993102913869437
0.09914278904764706
0.09910254210525771
0.09880431466459982
0.09877254069505947
0.09863158638081315
0.09851107081932642
0.09845019234097252
0.09834002896628746
0.09825917615906099
0.09815740230127468
0.09795800860528525
0.0977678195990268
0.09771459111936998
0.09775788119709339
0.09765542745610756
0.09750893664084881
0.09726086950824675
0.09709939294981784
0.09689906041996177
0.09679106514691627
0.0967594218776433
0.09674671398497992
0.09666179839594247
0.09642052787141298
0.09636896527337624
0.09616549274037856
0.09597901281756627
0.09589592072719333
0.09580351233464002
0.09560850500569795
0.09553397357181748
0.0954947528734863
0.09543768702252964
0.0952938025215182
0.09504623757423869
0.09491666055949688
0.09474175044566768
0.09476870023140971
0.09459641230070259
0.09451933958108638
0.0942980052428023
0.09419421823154672
0.09407401212231481
0.09389580791590779
0.09372479575931658
0.09365933383135172
0.0935246054037373
0.09331882045370621
0.09320427746380933
0.09320282136714708
0.09310719116620447
0.09295191938809821
0.09286004231904499
0.09265614616030504
0.09259936829390014
0.0925359904497991
0.09230087747393534
0.09217568096194761
0.09223344783938614
0.09204869098903035
0.09199299070531952
0.09198582596344707
0.09195480273684131
0.09185075244861507
0.09173178486875733
0.09159898001149402
0.09134938227698786
0.09119738796340904
0.09112955023635727
0.09105274082629311
0.09097201138205724
0.09102847873786424
0.09084206253067073
0.09075679046637963
0.09064737951236834
0.09051330633022725
0.09043321354594225
0.09033060401959592
0.09024488310733769
0.09020235926420483
0.09012320207511748
0.08998417689860849
0.08977338129479773
0.08966233163760273
0.08956156864727205
0.0895483849171389
0.08936521969534938
0.0892581962408423
0.08924225828011356
0.08923783149221354
0.08912429285830525
0.08896484069372179
0.08882060232763811
0.088631872608113
0.08869356532778538
0.08866252042359135
0.08868398633696517
0.08857666720985014
0.08840277906703498
0.0882621414482494
0.08814090511071038
0.08800687106982674
0.0880029133308412
0.08782838724238407
0.08762796437548537
0.0874878809052767
0.08755856423657149
0.08753768495013403
0.08750189169196099
0.08745495493194022
0.08725495365301295
0.087244499107064
0.08733460966597317
0.08728820475360399
0.08725189967392677
0.08718249933963751
0.08709050560029741
0.08697107404957738
0.08686547894443719
0.08666188411619613
0.08656292952759148
0.0866381379228639
0.08656597972078728
0.08661753236752412
0.08652627948511105
0.0864453467348868
0.08651355434995678
0.08641417969333454
0.08634475949949105
0.08619954816001207
0.08604992319922
0.08593047811407961
0.08584992420503479
0.08587073150469704
0.0858660898545286
0.08576379181146931
0.08559412223292062
0.08566279299768742
0.08582615493549706
0.08589295218716864
0.08582680013272115
0.08588658321689868
0.08572051506705303
0.08566848792555448
0.08551641898260831
0.08562600251006447
0.08552081019170765
0.08536447874951647
0.0853447677874879
0.08523130616441432
0.08507124618915674
0.08493587901887434
0.08476763090086581
0.08476255484127126
0.08466812792812073
0.08443983630671359
0.08427229504631772
0.08418720250459855
0.08408860991509826
0.08407664580211183
0.08399437207476568
0.0839103298166991
0.08384226335303424
0.08372472627798744
0.0836846448776104
0.08365059583078571
0.0834680575250093
0.08356438824017176
0.08360526724270523
0.08343669028383482
0.08334652351686411
0.08323433098802235
0.0830694672793999
0.08325488755576582
0.08319521639636707
0.08322629371580181
0.08314091280159608
0.08310496170173776
0.08308656921366919
0.0829529532327945
0.08301682553763412
0.0830380367874598
0.08294788705311318
0.08287323902778743
