0.009999000000297964
0.7263888714884162
0.7322985000395184
0.6935739984271709
0.6501515304585506
0.6073572138232641
0.5666569407951908
0.5267334297746785
0.4906393527574554
0.45691795003838964
0.4263544573798008
0.39880994630155886
0.37605106627467566
0.35346069048713646
0.32864196477048657
0.30831103645501756
0.28865532259227245
0.2708994854828205
0.25343333084238107
0.23479899824619554
0.21731438683526139
0.20072680295820056
0.18317384655778046
0.1654995487159433
0.14726963355456824
0.14200221784123535
0.14121294598202827
0.14017784810367695
0.13791147662133552
0.13975158587578151
0.14031524176435994
0.14095358952268644
0.1399580731200959
0.14001331609222645
0.13995123630697992
0.13900268741819244
0.13853050264193545
0.1375131352148664
0.13628554117257752
0.1366742925368123
0.1361255981123355
0.13458746733070137
0.13320942256913726
0.13170422727058317
0.13025694474016913
0.12847899857572298
0.12632486389034614
0.12473343974907813
0.12385363151604789
0.12322085495347612
0.12206901290529437
0.12045416515399465
0.11931107011709619
0.11738832208832983
0.1160773202328157
0.11359658230984537
0.11132456507302124
0.11035893831040866
0.10978582957441363
0.10867826915320855
0.10742544703183177
0.10575141405275679
0.10426484415553561
0.10244634361788041
0.10113133747886849
0.09984335212924333
0.09785077502290274
0.0959723385754001
0.09427458907747388
0.09181633224384234
0.09069740944902382
0.09014355535667085
0.08915474828011105
0.08781916457053496
0.08647379052283677
0.08508457436246375
0.08387055318241299
0.08312302111437941
0.08283009571019506
0.08268605076052415
0.08210132870484277
0.08117622335977204
0.0805784361872911
0.07992809505178367
0.07948736735656547
0.07917112170651741
0.07879433685502002
0.07838022741238115
0.07820620760557817
0.07814786963318088
0.07825429297601127
0.07786133999236267
0.07741048955890617
0.07690947789402114
0.07633168243321242
0.07569226524068162
0.07518375647719522
0.07430445228452953
0.07327405354953298
0.07279656239107002
0.07207168983257983
0.07103382201493835
0.07022347379997862
0.06919604176528726
0.06805805718128122
0.0668714923680227
0.06598614108594036
0.06497380389919727
0.06404532405268615
0.06314336747396287
0.06203707611951459
0.060698480367193275
0.05911117392055498
0.05760403848966533
0.056350665582381554
0.055813807889473654
0.055244377060369
0.05470785185182725
0.05438211511941826
0.05380117039066834
0.05290233455129756
0.05275187993072472
0.05294120517217449
0.05335455205599926
0.052980039430193804
0.052989104578037294
0.05275234013520225
0.05267547712726173
0.05261046793973323
0.052404663665231
0.052149519359993346
0.05181667414800761
0.051534812410498176
0.0514703873697554
0.051152792311524586
0.05119868047627529
0.05123843862910449
0.050845550147343044
0.05063636967459384
0.05061453368230362
0.0505026380394239
0.05007736265516449
0.04979138906770253
0.04979090315157664
0.04987758473189985
0.0496858733561748
0.04937743421327401
0.04932995253707584
0.049294883381763244
0.04940966661517299
0.04973131571263889
0.049746846145053536
0.04991738401538992
0.05024904735483071
0.050471085004091365
0.050372914359329
0.050582083701284364
0.050462461956730875
0.05051733543299186
0.05039627844930217
0.05021442406072674
0.050069469428034474
0.04985264986840854
0.049941737858965385
0.04962136882637447
0.04923765038715355
0.048905392829965644
0.04862875865077376
0.048241776418932125
0.04786968292756655
0.04729160589626391
0.04686650890710298
0.04646558703800463
0.04620742848158488
0.04594091019863533
0.04581399856637414
0.045877100061877396
0.04559851803891091
0.04554681591077103
0.04566452485334371
0.04576319931951789
0.04542951605776291
0.04519678857701781
0.0451390919086907
0.044816456720845665
0.044620350363719585
0.04440408824468156
0.044309364544788066
0.04413370134938088
0.04372822976996249
0.04351543226117205
0.04351524032604526
0.043085027713771984
0.04254958279138643
0.042169232931115075
0.04188874490858552
0.04116723175029069
0.040924178139556955
0.040723141807638585
0.040414984913595076
0.04025321122105652
0.03994857321013312
0.03973513439950116
0.039532641027954174
0.03944286791557383
0.0394944796647827
0.03937744003622656
0.03933247142670948
0.03910994254945854
0.03865864929486473
0.03842099463215887
0.038349295295067476
0.038085983916176236
0.037688860620611386
0.03744647538119572
0.037287237467436785
0.0367972144967289
0.03631618685527127
0.03584601391561282
0.03572992052004287
0.035529365258387346
0.035333527331745995
0.035149319114009536
0.03511918298332095
0.03476031447178274
0.03441087785575869
0.03419700442865037
0.03392909757767326
0.033472180924089545
0.03304256637185876
0.03273391788158808
0.03233923861736643
0.031719067857650884
0.031089924294653515
0.030523921641509744
0.030144408260438404
0.030190107396746324
0.030020684659061048
0.02978742594000161
0.029571588617607336
0.029299731595958223
0.029085547792341404
0.02913472663045702
0.029300174727857398
0.029337190364496335
0.029226226358938123
0.029303018836811967
0.02921065737656503
0.02897940303348645
0.028846354327340507
0.02887075674891637
0.028980725277605646
0.029098417905705887
0.029096359225761037
0.029011455632832805
0.02892605768686307
0.028771342584322124
0.028607987810347013
0.028427822278487835
0.028244256542605983
0.028120299021185624
0.028198925877118808
0.02808603517511221
0.02814281150230369
0.028025810434577858
0.027995313103809538
0.027916648569781266
0.027922301885431655
0.0280627786940868
0.02811772891236608
0.02814155819756059
0.028016853719218915
0.028117835843756156
0.028039118017992415
0.027894941245041327
0.027879200519348113
0.02772777851562669
0.027921568414707942
0.028095892942443856
0.028109093882729197
0.02821837446539921
0.028195942182302813
0.02825893799504231
0.028209419211986053
0.02808115945408418
0.02797796212065351
0.027963383000763842
0.027943102120239316
0.028111669980209197
0.028339490634408326
0.028393706887677284
0.02838714457002589
0.028273876130985198
0.028274633137430172
0.028195613405497366
0.028198086643308473
0.027960358927270446
0.02790493304670094
0.02800328126046636
0.027911101473174993
0.027832748182652134
0.02761843087068716
0.027511049679014188
0.027417401926557172
0.027249428990256397
0.027129078080400548
0.02706801232304512
0.027179269525088423
0.027122656023405245
0.027085195947314733
0.02704294830397025
0.026938400399376228
0.026753623409761396
0.026634164740874655
0.026462213018172975
0.026379942418530367
0.026306471637984497
0.026098734586948114
0.025934208657240942
0.02563799146209267
0.0254497464864204
0.025263708190987666
0.02525092400801876
0.025182951041089696
0.025144317260249127
0.0250284266655717
0.02506092272873739
0.024985548038095384
0.024848766235613606
0.02465547714849059
0.024597608412200267
0.024400241373376486
0.024314599052531305
0.024183304110923953
0.024116190908882174
0.02398139194769966
0.02406046331035705
0.024005120037978944
0.023868052105790905
0.023830428399524317
0.023689167260212085
0.023461702687463837
0.023193790952381388
0.023043757676417198
0.022956381086286837
0.022892022946464863
0.023038114863918935
0.023129765947551006
0.023165544417616424
0.02312818798611349
0.023088302450208875
0.02332552264950094
0.023263454362640767
0.023507315512697136
0.0236024458220081
0.023598125131183423
0.023597121233619456
0.02370579445658494
0.023714996730582305
0.023999418493079294
0.02389315497812572
0.02398872061402313
0.023958588226546174
0.024042115982770396
0.024107487150978657
0.02393811160372261
0.02394994228512648
0.023747733060290432
0.023672935239853143
0.02374393463788116
0.02379828229071057
0.02374006912806459
0.023830677972622283
0.023774132709219464
0.023856912903032934
0.02377861994294672
0.0236413284296787
0.02362924307276526
0.02346246619268777
0.023292245207768514
0.023286645677738083
0.023446577578244865
0.02342726745513224
0.02338180165939574
0.02324011341450749
0.023235401602005212
0.02320395752046689
0.023166339222974952
0.02302581557942629
0.022862584451049606
0.022879504007859874
0.022902246619304623
0.02276681561549143
0.02268992899608524
0.022640088813475345
0.022557331533795466
0.02267801560505578
0.022625810945821834
0.022595263345026595
0.022789791895755918
0.022693684220483124
0.02278908206596464
0.02291878956660698
0.022803795083184197
0.02280636040314865
0.022897301861605435
0.02285625719496276
0.022898104806762243
0.02265205143162452
0.022709322844077007
0.022685916065225964
0.022624931750203747
0.022648980106506844
0.022572420157941142
0.022485742283108734
0.022373555239856513
0.022302077441456625
0.022313261806451212
0.02238269516672564
0.02232619796820068
0.022245548756794742
0.022295589472318356
0.0222717596019254
0.022271632575072142
0.022277974383608123
0.02226387257608553
0.022151510483049974
0.02223407324520288
0.02217692586309561
0.022287699276480222
0.02221143397767622
0.022210917317422085
0.022179412033946355
0.02218640982906528
0.022181412998309558
0.02204022606491529
0.022022728999210872
0.021809724776690742
0.0217337891611461
0.021793838084310124
0.02162809629461615
0.021547375714196182
0.021512529788806578
0.02149183807351651
0.021484477144137704
0.021604632024671777
0.021524161443022716
0.021647452723718263
0.021569559720659992
0.021393284207737118
0.021410902267437915
0.021396868509547695
0.021369073347175416
0.021399403256096794
0.021352491452675593
0.021508765345245484
0.02149765238868806
0.02136265832939921
0.021170605489366556
0.021175542874084408
0.021140092084476758
0.021055221819104464
0.021110114549652503
0.02111635259361433
0.021231064732367466
0.021356012471773544
0.021301272946964267
0.02132316745520324
0.021318815885209785
0.021286342015637727
0.02127297409755513
0.02116851285632304
0.021115866918464565
0.020897396954298486
0.02082854010495505
0.020667250808015347
0.02048291829775739
0.020337141144102122
0.020282165832780863
0.020131151735144237
0.020042828065296003
0.019952227364707253
0.019789376799110636
0.019748975869221863
0.019756943810805616
0.0196653968036008
0.019764021229952577
0.01965382991991249
0.01971286172289899
0.019731975610396302
0.01967278981734466
0.019959281158112963
0.020150336844631078
0.020171288420483102
0.02025371447653701
0.020287565326370105
0.020513931637913818
0.02064168611258943
0.020657789647282043
0.020604374358189625
