0.7999200000000587
0.8884108187064198
0.8294933061988139
0.7717976781821955
0.7240595728499655
0.6808294850991254
0.6450995356551263
0.6098890794952191
0.5796564262446158
0.5541202907788754
0.5307472751947877
0.5080234969144907
0.490338409353293
0.4721641129440538
0.4564594371257624
0.4435768510765673
0.43208283746875564
0.41991989983611067
0.4086563129733599
0.3975623535181543
0.3887734649889216
0.3797026051662322
0.3713989116475205
0.36362223106633473
0.3560927402811045
0.3493931118202346
0.3438175220174595
0.337318453769908
0.33171506475110324
0.32640314218975386
0.32097463646926416
0.3165501657071764
0.31249258388025125
0.3081646325242424
0.30383270055754386
0.30020645907160215
0.2955741605646748
0.29185855718324294
0.28771940016674014
0.28300018450105646
0.2800454272153896
0.27656114213017546
0.27368916541868227
0.2698789304678143
0.26732642519136873
0.26466041772191073
0.26155357306174765
0.25807669264631483
0.25507954757199014
0.25206595205243887
0.24944196490337578
0.24689941001702098
0.24479774170045376
0.24217241228739184
0.23982994736612562
0.23787166522003633
0.23643249891287355
0.23438820432703256
0.2320419774097453
0.2303995192116004
0.22792228344503973
0.2260185725142415
0.22407230423559754
0.22273037728808154
0.22119387102712473
0.21929457732619684
0.21753616676684961
0.21587337537666207
0.21461270683439682
0.21309400137411927
0.21118894218382323
0.2094885711137392
0.20802870817653563
0.20666352108113517
0.20565414388172598
0.2044917030080986
0.2034966039648085
0.20186084730275133
0.20017517815676045
0.19867409654325585
0.19778399934648383
0.1963239469965855
0.1954942584093673
0.19405499477063382
0.1926439063770332
0.19197297490983323
0.19056943492439515
0.18931082440287916
0.18875024588075673
0.18795549073322282
0.1868876034193625
0.1864871655168303
0.1852568608452907
0.1846819603900005
0.1838326586661151
0.1828551372355982
0.1819736533749612
0.18133996679631714
0.1803178143613462
0.17948562565009152
0.1786096286246801
0.1776995296810463
0.1767596171227931
0.17580758698303633
0.17468158185662008
0.1741610855683341
0.1735088601887269
0.17269648930159087
0.17223533650433154
0.17164594164262914
0.170808893859568
0.1700754432069711
0.16925923130406506
0.16842181030591385
0.16785185944180014
0.16742860778888313
0.16677187165762875
0.16592874207688946
0.16511823505365408
0.16462443298366158
0.16379663058188942
0.16323636647707562
0.16254369515144873
0.1616655544646598
0.16090233889506023
0.16025266210371703
0.1599281341299561
0.1593532345076899
0.15879593152025606
0.15818965162317056
0.1574325065103701
0.156977621234747
0.15615570804387602
0.1557918477652137
0.1551810183563901
0.15457914349449353
0.15403088025081102
0.15339530231974063
0.15268179616133493
0.15200533513355752
0.1516195674851354
0.15107617675835427
0.150371131302386
0.14979169485054522
0.14937093298208826
0.14888589256029294
0.1483267425552608
0.14772662808205528
0.14713460562778635
0.14631644632211338
0.14579183841521715
0.14534616742311712
0.1449063249952235
0.14404775020144822
0.14356214898043684
0.14314287271900228
0.14240068372859382
0.14206564748504547
0.14165748876411077
0.14114139669744674
0.14073596036498137
0.1402465491018109
0.13957661246134057
0.13893060468173912
0.1387606164231866
0.13820709964596323
0.1377495775898595
0.13715181890585482
0.13689056746503214
0.1364834226691518
0.13609297171544243
0.13590390646120154
0.13545829331902381
0.13505955173650586
0.13466844597293792
0.13426227816972391
0.13399769905368475
0.13371870317352752
0.13357629992246745
0.1330826254279469
0.1326864965724769
0.13229634093891873
0.1317806318048903
0.13137217759045916
0.13099992932003757
0.13055591623759522
0.13024630274655546
0.1296287119230809
0.12940019310378703
0.1290201747785753
0.1287542370460154
0.12845580049623917
0.12834761427716113
0.12795555268174086
0.12760079962384674
0.12734734683720628
0.12708125232266476
0.12679472932178193
0.12644614940739285
0.12630916700089556
0.12596355206882037
0.12562596557340022
0.12526644819542954
0.1249644988524703
0.12472588429374054
0.12442263326716063
0.12412972323565186
0.12393347801118326
0.123797714112994
0.1233367626619476
0.12303025510666699
0.12266077490355365
0.12224265137050616
0.12214475961155569
0.12193917769371354
0.12164846999325463
0.1214371076479609
0.12116210370709934
0.12087952130966173
0.12058905154911936
0.12030064351115022
0.12012594090935713
0.11975750441205013
0.11949680065548973
0.11905892261015849
0.11861721647137002
0.1182668655184621
0.11798050477757782
0.11772974626674637
0.1174705628952234
0.11724675730365941
0.11705150516436591
0.11683542103129618
0.1165848431980111
0.116259738114048
0.11596630369762839
0.11582989746224037
0.1156080084213692
0.11533302970313364
0.11496783692757107
0.11465879074212582
0.11447640554987704
0.11422256830496391
0.11409802422526227
0.11397956690533806
0.1137367217471894
0.113583287357791
0.11349237613606789
0.11317473286574509
0.11297571695928088
0.11287544593358467
0.11268834481556445
0.11248242440310385
0.11226042175789508
0.11203572690398045
0.11191393841387509
0.11168105856418564
0.11153944277530514
0.11137254734458457
0.11114841071479187
0.11080611622488346
0.11051386333050783
0.11033927200223148
0.11026129955355468
0.10999196006327472
0.10976078483574192
0.10972740292260363
0.10949347048654268
0.10930238499404121
0.1089643863887062
0.10881175323907977
0.1087423675410647
0.10857259112420203
0.10861972817054355
0.10833366749831808
0.10819845544988771
0.10793799654615821
0.10789239284227081
0.10779305900539005
0.10768927953699459
0.10759102055288117
0.10741667868142712
0.10717786776386373
0.10689196794288613
0.10663613348029444
0.10643881002690947
0.10626359084936765
0.10608942186304915
0.10583587840903552
0.1057420412450516
0.1056713813668424
0.1055041793116468
0.10524980927064664
0.10494469887333702
0.10480087521758208
0.10476340777323256
0.10448440911777113
0.10434601511195973
0.10415632517007711
0.10402649331700675
0.1037947185848841
0.10362108900514067
0.10331220898015281
0.10302636700397938
0.10282249888493389
0.10268132160704035
0.10238246788095373
0.10224079273135944
0.10201216573039518
0.10180368287520214
0.10151616198494373
0.10146538802954508
0.10136590802173984
0.10128161558448168
0.10112596365206572
0.10108417026591776
0.10098543234290114
0.10072306416671784
0.1004980997784557
0.10035791376467873
0.10020672106664563
0.09998832738936114
0.09973884412779543
0.09961422025189226
0.09957894032439008
0.0993613153612386
0.09923047474878433
0.09908587905314836
0.09888784974571863
0.09863522475772835
0.09848561577462533
0.09832402817769481
0.0982741495045405
0.09826488296182301
0.09816700713754645
0.09798112098631273
0.09797938124586725
0.09775987029469524
0.0976512649629453
0.09737560602770201
0.09724180448853326
0.09704810879779846
0.09695476429278593
0.09679184405473051
0.09665808957853717
0.09669699559650435
0.09651862335304162
0.09637854981299354
0.09623714587845444
0.09610422772828053
0.09605121131888372
0.095860355253367
0.09572184388352767
0.09562226987362221
0.09558409672079515
0.09552134897018094
0.09530391067608002
0.09515864334217783
0.09507590876741401
0.0949680349840385
0.09501486605403986
0.09494789803861015
0.09474288412713106
0.09450668561380415
0.09443417137930399
0.09444837837262421
0.09432858766002727
0.0941410951336561
0.0940643406947782
0.09404991060744017
0.093947340515252
0.09391629411613833
0.0937506083941474
0.09363367383099874
0.09343787146707383
0.09338934996474568
0.09335616268683766
0.09315446374211878
0.09316113334156628
0.09305967112869129
0.09301313447720472
0.0928324434053891
0.09264240924823686
0.09250690331673472
0.09245450765866159
0.09240235662208274
0.0921887993710363
0.09196952415036819
0.09173018682772516
0.09165487257050131
0.09157688403149544
0.0916347654159061
0.09154374614060079
0.09155939250220424
0.0914915493594407
0.0914911682606202
0.09134311895885594
0.09113400042610142
0.09121765014365835
0.09113587832949832
0.09096129899074668
0.09088745178788638
0.09072744681460787
0.09058262460501576
0.09041113986867022
0.09036020982252158
0.09029051208025674
0.09032257803886057
0.09026285978682802
0.09008228343843394
0.09003232154251939
0.08991086551501393
0.08979933175377397
0.08978259372593633
0.08970827045520635
0.08961595434401148
0.08955153150245265
0.08937295510478416
0.0891997965746485
0.08913198688676849
0.08908220044238413
0.08898357666104362
0.08893270182506963
0.08891213231723849
0.0887592670687245
0.0886058581700655
0.08862635046625122
0.08847105308098369
0.08836305258261457
0.08828109685911756
0.0881844675159984
0.08813862665616967
0.08802922605940278
0.08800524290177603
0.08787694650359912
0.08782045633601332
0.08772812441884081
0.0875830348139931
0.08747068725176776
0.08742459016138981
0.08743345191168927
0.0873857377992513
0.0872440367579651
0.0872523757607837
0.08723010437201517
0.08712535936604349
0.08719232604922
0.0870302171527908
0.08696235966662624
0.08686855673238969
0.08695295253920055
0.08686245270295723
0.08677745134215964
0.08676154456397611
0.08663498504284861
0.08657512924646049
0.0866437728782613
0.0866964042574272
0.08670995975398021
0.08682292992614704
0.0867772360086605
0.08680009013647039
0.08678661545035671
0.08674921030672267
0.08663058215852582
0.08661870501542868
0.08665427779863655
0.08667865050906509
0.08672881247915876
0.08666768281340265
0.08670231156044972
0.08668616847039079
0.08655271932800701
0.08641176270846163
0.08635548562602591
0.08630499777593326
0.08632707535638084
0.08625175484128944
0.08606730081413616
0.08612717950904891
0.08622874240901446
0.08619761862176101
0.08607067891676878
0.08610871337763071
0.08619758981182035
0.0860507359323297
0.08597810419723306
0.08590744140167428
0.08577927425299026
0.08576946702127985
0.08566596337406229
0.08557305676546045
0.08545802532552182
0.08544862793589714
0.08547826517656354
0.08540829548946227
0.08529811056019165
0.08530528412882488
0.08511554608531247
0.08516490033109925
